11 0.448 0.176 0.038 0.092
11 0.413 0.371 0.046 0.033
11 0.42 0.406 0.024 0.037
11 0.417 0.458 0.03 0.047
11 0.981 0.486 0.013 0.012
4 0.161 0.586 0.32 0.308
3 0.014 0.522 0.026 0.169
0 0.201 0.653 0.092 0.373
0 0.575 0.58 0.014 0.075
0 0.68 0.568 0.011 0.067
0 0.696 0.558 0.009 0.051
0 0.689 0.569 0.014 0.069
0 0.672 0.572 0.013 0.063
0 0.628 0.58 0.021 0.1
0 0.595 0.654 0.047 0.202
0 0.698 0.583 0.016 0.098
2 0.827 0.541 0.013 0.022
2 0.83 0.543 0.014 0.022
2 0.84 0.55 0.015 0.031
2 0.848 0.557 0.016 0.037
2 0.854 0.568 0.023 0.051
2 0.803 0.551 0.041 0.033
2 0.803 0.564 0.045 0.039
2 0.906 0.554 0.026 0.031
2 0.909 0.563 0.018 0.033
2 0.924 0.567 0.03 0.049
2 0.931 0.573 0.026 0.045
2 0.954 0.575 0.039 0.065
2 0.962 0.582 0.034 0.059
2 0.983 0.591 0.033 0.082
2 0.883 0.574 0.052 0.071
2 0.79 0.62 0.076 0.094
9 0.448 0.459 0.026 0.051
