2 0.667 0.446 0.014 0.018
2 0.655 0.445 0.008 0.019
2 0.641 0.447 0.016 0.018
2 0.624 0.444 0.012 0.02
2 0.609 0.445 0.016 0.019
2 0.582 0.444 0.026 0.022
2 0.551 0.445 0.026 0.025
2 0.523 0.444 0.029 0.026
2 0.454 0.447 0.023 0.025
2 0.413 0.446 0.029 0.034
2 0.379 0.452 0.038 0.035
2 0.339 0.445 0.046 0.044
2 0.241 0.451 0.049 0.034
2 0.187 0.453 0.05 0.046
2 0.092 0.453 0.106 0.061
2 0.485 0.446 0.033 0.027
11 0.303 0.371 0.022 0.048
11 0.746 0.406 0.012 0.037
11 0.786 0.148 0.063 0.044
9 0.021 0.395 0.01 0.022
10 0.188 0.233 0.015 0.053
10 0.15 0.326 0.015 0.052
10 0.172 0.331 0.012 0.041
10 0.292 0.025 0.03 0.05
7 0.833 0.066 0.031 0.091
8 0.78 0.321 0.035 0.066
8 0.612 0.294 0.019 0.034
2 0.292 0.448 0.046 0.038
2 0.436 0.445 0.017 0.028
0 0.023 0.451 0.022 0.08
0 0.69 0.491 0.021 0.088
0 0.689 0.499 0.022 0.08
