7 0.025 0.286 0.016 0.085
7 0.568 0.434 0.011 0.038
10 0.008 0.29 0.016 0.083
10 0.556 0.435 0.007 0.036
10 0.182 0.582 0.014 0.019
10 0.683 0.43 0.013 0.049
3 0.283 0.606 0.053 0.119
0 0.078 0.652 0.016 0.07
0 0.163 0.655 0.014 0.073
0 0.172 0.648 0.016 0.066
11 0.609 0.434 0.048 0.021
11 0.598 0.474 0.018 0.034
11 0.658 0.509 0.012 0.036
11 0.611 0.531 0.02 0.019
4 0.54 0.583 0.018 0.017
2 0.725 0.617 0.086 0.115
0 0.794 0.596 0.02 0.081
2 0.625 0.65 0.155 0.22
2 0.858 0.679 0.283 0.35
2 0.416 0.646 0.313 0.395
