11 0.128 0.175 0.039 0.078
11 0.131 0.249 0.039 0.069
11 0.775 0.192 0.031 0.069
11 0.776 0.262 0.032 0.07
11 0.775 0.423 0.023 0.035
8 0.403 0.353 0.008 0.014
8 0.377 0.353 0.006 0.014
11 0.428 0.35 0.007 0.011
11 0.43 0.36 0.006 0.008
8 0.391 0.369 0.004 0.01
2 0.376 0.381 0.007 0.014
2 0.382 0.383 0.006 0.012
2 0.373 0.382 0.011 0.02
2 0.369 0.387 0.012 0.029
2 0.364 0.386 0.021 0.044
2 0.355 0.393 0.029 0.057
2 0.347 0.402 0.032 0.071
2 0.339 0.408 0.037 0.082
2 0.305 0.423 0.08 0.119
2 0.409 0.377 0.008 0.021
2 0.416 0.379 0.009 0.021
2 0.421 0.378 0.007 0.029
2 0.43 0.384 0.011 0.03
2 0.445 0.387 0.02 0.043
2 0.457 0.394 0.027 0.052
2 0.482 0.395 0.024 0.071
2 0.5 0.404 0.037 0.077
2 0.524 0.412 0.05 0.091
2 0.57 0.428 0.092 0.119
2 0.387 0.383 0.009 0.011
6 0.052 0.535 0.096 0.187
11 0.326 0.312 0.011 0.019
11 0.325 0.335 0.009 0.024
11 0.513 0.317 0.008 0.012
11 0.684 0.255 0.023 0.024
