10 0.544 0.23 0.012 0.055
10 0.523 0.23 0.011 0.045
10 0.387 0.138 0.014 0.075
10 0.353 0.132 0.01 0.062
7 0.37 0.133 0.019 0.078
7 0.533 0.231 0.01 0.054
8 0.029 0.247 0.048 0.054
8 0.674 0.41 0.014 0.023
11 0.712 0.414 0.017 0.028
11 0.27 0.093 0.095 0.068
11 0.068 0.166 0.07 0.107
11 0.083 0.023 0.043 0.047
2 0.521 0.48 0.016 0.049
2 0.546 0.486 0.05 0.064
2 0.341 0.527 0.055 0.049
2 0.197 0.405 0.08 0.061
2 0.13 0.412 0.124 0.085
2 0.044 0.408 0.053 0.025
2 0.439 0.538 0.148 0.161
4 0.867 0.497 0.262 0.191
0 0.618 0.486 0.016 0.064
