7 0.667 0.028 0.014 0.055
10 0.67 0.036 0.017 0.073
10 0.15 0.023 0.017 0.047
10 0.126 0.031 0.022 0.062
7 0.557 0.254 0.008 0.017
7 0.499 0.242 0.01 0.019
7 0.698 0.235 0.011 0.009
7 0.628 0.22 0.011 0.021
10 0.695 0.252 0.01 0.026
11 0.466 0.255 0.026 0.015
11 0.67 0.266 0.011 0.023
11 0.713 0.241 0.019 0.021
11 0.268 0.054 0.025 0.045
11 0.282 0.091 0.089 0.134
11 0.733 0.212 0.023 0.023
2 0.619 0.307 0.028 0.043
2 0.568 0.311 0.016 0.026
2 0.43 0.337 0.074 0.081
2 0.713 0.331 0.175 0.107
2 0.305 0.479 0.366 0.518
4 0.889 0.304 0.222 0.608
4 0.531 0.322 0.061 0.052
10 0.654 0.026 0.016 0.052
