11 0.238 0.277 0.076 0.09
11 0.312 0.286 0.061 0.075
11 0.446 0.301 0.063 0.08
11 0.509 0.307 0.057 0.078
11 0.44 0.385 0.02 0.034
11 0.325 0.343 0.022 0.019
11 0.165 0.317 0.031 0.039
11 0.095 0.324 0.055 0.058
11 0.342 0.371 0.012 0.017
8 0.394 0.376 0.012 0.017
8 0.364 0.351 0.014 0.015
8 0.344 0.347 0.012 0.022
2 0.537 0.405 0.018 0.027
2 0.551 0.403 0.019 0.022
2 0.561 0.414 0.027 0.034
2 0.508 0.414 0.031 0.024
2 0.27 0.353 0.014 0.01
2 0.268 0.366 0.012 0.017
2 0.265 0.38 0.015 0.01
2 0.333 0.403 0.018 0.017
2 0.345 0.411 0.022 0.019
2 0.366 0.405 0.02 0.017
2 0.353 0.42 0.018 0.017
2 0.372 0.422 0.023 0.017
2 0.387 0.416 0.019 0.019
2 0.398 0.431 0.02 0.019
2 0.404 0.421 0.016 0.015
2 0.417 0.432 0.016 0.022
2 0.313 0.386 0.012 0.017
2 0.295 0.386 0.02 0.017
2 0.166 0.382 0.016 0.019
2 0.152 0.392 0.011 0.029
2 0.122 0.408 0.03 0.036
2 0.217 0.334 0.015 0.019
2 0.235 0.334 0.012 0.015
2 0.249 0.334 0.019 0.015
2 0.214 0.34 0.014 0.017
2 0.219 0.366 0.012 0.017
2 0.201 0.379 0.01 0.022
2 0.184 0.356 0.016 0.019
2 0.27 0.394 0.014 0.019
2 0.016 0.357 0.016 0.017
2 0.012 0.37 0.011 0.015
2 0.003 0.359 0.006 0.027
2 0.471 0.409 0.037 0.029
11 0.398 0.398 0.01 0.022
11 0.04 0.303 0.022 0.036
2 0.624 0.414 0.033 0.024
