11 0.729 0.404 0.013 0.028
11 0.904 0.337 0.015 0.035
11 0.583 0.449 0.011 0.021
11 0.535 0.412 0.051 0.026
11 0.349 0.424 0.028 0.026
2 0.5 0.482 0.007 0.021
2 0.51 0.477 0.012 0.021
2 0.396 0.482 0.021 0.021
2 0.383 0.476 0.011 0.019
2 0.334 0.484 0.02 0.026
4 0.286 0.469 0.038 0.066
2 0.454 0.48 0.011 0.035
2 0.354 0.486 0.028 0.033
2 0.266 0.493 0.038 0.037
2 0.166 0.514 0.087 0.084
2 0.523 0.48 0.02 0.031
2 0.547 0.482 0.029 0.035
2 0.59 0.488 0.041 0.047
4 0.664 0.473 0.03 0.059
4 0.479 0.474 0.045 0.094
2 0.779 0.488 0.05 0.066
4 0.868 0.582 0.262 0.356
