11 0.069 0.436 0.031 0.071
11 0.522 0.593 0.008 0.017
11 0.743 0.454 0.023 0.026
2 0.455 0.639 0.006 0.012
2 0.462 0.637 0.009 0.014
2 0.468 0.635 0.008 0.014
2 0.474 0.635 0.009 0.011
2 0.496 0.638 0.019 0.033
2 0.507 0.64 0.008 0.026
2 0.515 0.641 0.016 0.036
2 0.536 0.639 0.032 0.06
2 0.544 0.648 0.017 0.051
2 0.553 0.653 0.012 0.057
2 0.451 0.64 0.006 0.022
2 0.447 0.641 0.012 0.022
2 0.441 0.64 0.014 0.033
2 0.43 0.644 0.025 0.036
2 0.423 0.65 0.019 0.032
2 0.417 0.652 0.016 0.042
2 0.406 0.65 0.024 0.062
2 0.326 0.67 0.075 0.093
2 0.298 0.681 0.067 0.091
2 0.652 0.665 0.083 0.122
2 0.722 0.683 0.127 0.166
2 0.87 0.712 0.26 0.297
2 0.226 0.713 0.162 0.164
2 0.492 0.644 0.025 0.03
4 0.356 0.633 0.087 0.139
4 0.605 0.602 0.108 0.202
0 0.024 0.691 0.046 0.201
