7 0.479 0.46 0.006 0.015
11 0.494 0.438 0.027 0.02
11 0.403 0.451 0.021 0.018
11 0.452 0.46 0.015 0.016
8 0.46 0.472 0.005 0.018
8 0.445 0.465 0.006 0.016
11 0.041 0.402 0.012 0.015
11 0.04 0.426 0.014 0.028
2 0.023 0.505 0.046 0.122
2 0.401 0.488 0.013 0.018
2 0.386 0.495 0.016 0.023
2 0.371 0.499 0.016 0.021
2 0.356 0.502 0.019 0.023
2 0.341 0.496 0.017 0.034
2 0.324 0.495 0.028 0.039
2 0.488 0.489 0.007 0.01
2 0.477 0.486 0.012 0.011
2 0.485 0.499 0.006 0.015
2 0.468 0.489 0.011 0.011
2 0.462 0.49 0.008 0.01
2 0.447 0.491 0.008 0.011
2 0.639 0.512 0.061 0.087
2 0.6 0.507 0.045 0.069
2 0.578 0.506 0.025 0.054
2 0.558 0.507 0.028 0.034
2 0.544 0.503 0.016 0.038
2 0.521 0.502 0.011 0.029
2 0.531 0.505 0.012 0.033
2 0.112 0.507 0.096 0.075
2 0.279 0.499 0.06 0.059
2 0.694 0.532 0.095 0.1
0 0.741 0.482 0.014 0.047
2 0.832 0.559 0.166 0.184
2 0.934 0.567 0.131 0.246
2 0.436 0.492 0.009 0.016
2 0.455 0.501 0.014 0.021
2 0.474 0.502 0.014 0.02
