10 0.437 0.036 0.022 0.072
7 0.41 0.035 0.014 0.068
7 0.754 0.166 0.018 0.071
7 0.777 0.347 0.019 0.035
11 0.767 0.244 0.028 0.019
11 0.741 0.234 0.009 0.019
11 0.75 0.292 0.045 0.024
0 0.912 0.485 0.023 0.142
0 0.875 0.421 0.019 0.049
0 0.825 0.427 0.014 0.075
0 0.834 0.44 0.029 0.075
0 0.772 0.453 0.02 0.069
1 0.799 0.5 0.055 0.196
0 0.889 0.5 0.027 0.184
5 0.821 0.535 0.116 0.139
2 0.377 0.435 0.008 0.019
2 0.36 0.438 0.016 0.024
2 0.447 0.457 0.067 0.132
3 0.169 0.416 0.339 0.833
2 0.618 0.55 0.288 0.454
