2 0.309 0.425 0.173 0.239
2 0.547 0.414 0.092 0.129
2 0.434 0.392 0.061 0.085
2 0.166 0.397 0.083 0.079
3 0.205 0.349 0.137 0.133
4 0.911 0.367 0.176 0.56
2 0.765 0.432 0.145 0.198
2 0.664 0.418 0.089 0.104
2 0.624 0.401 0.053 0.078
2 0.598 0.396 0.035 0.052
2 0.468 0.378 0.027 0.04
2 0.488 0.381 0.016 0.037
2 0.513 0.369 0.03 0.048
2 0.393 0.369 0.023 0.045
11 0.526 0.303 0.018 0.01
11 0.519 0.327 0.029 0.029
11 0.586 0.312 0.012 0.025
11 0.663 0.309 0.019 0.044
11 0.772 0.231 0.075 0.071
11 0.605 0.337 0.016 0.021
11 0.586 0.335 0.013 0.021
11 0.685 0.31 0.011 0.025
