2 0.229 0.48 0.026 0.033
2 0.209 0.486 0.036 0.045
2 0.177 0.492 0.024 0.037
2 0.488 0.443 0.011 0.014
2 0.481 0.455 0.011 0.023
2 0.496 0.458 0.021 0.021
2 0.472 0.459 0.018 0.023
4 0.504 0.429 0.012 0.019
2 0.415 0.505 0.073 0.101
2 0.533 0.526 0.095 0.143
2 0.666 0.472 0.05 0.054
11 0.263 0.462 0.022 0.033
11 0.547 0.336 0.029 0.012
11 0.597 0.379 0.018 0.021
11 0.805 0.134 0.054 0.094
8 0.016 0.415 0.012 0.019
8 0.374 0.424 0.009 0.094
8 0.545 0.395 0.007 0.03
10 0.674 0.357 0.013 0.04
10 0.688 0.357 0.009 0.045
11 0.377 0.42 0.011 0.019
0 0.444 0.47 0.02 0.063
0 0.404 0.445 0.02 0.028
0 0.461 0.486 0.017 0.077
0 0.568 0.459 0.011 0.047
0 0.604 0.461 0.009 0.054
0 0.597 0.461 0.015 0.045
0 0.623 0.483 0.015 0.08
0 0.641 0.478 0.015 0.089
0 0.776 0.498 0.024 0.157
0 0.797 0.477 0.03 0.19
0 0.817 0.499 0.058 0.258
11 0.009 0.38 0.013 0.037
11 0.114 0.422 0.02 0.037
11 0.599 0.356 0.016 0.028
