11 0.119 0.165 0.016 0.024
11 0.118 0.209 0.029 0.036
11 0.085 0.134 0.042 0.024
2 0.961 0.39 0.074 0.092
4 0.809 0.372 0.108 0.141
2 0.53 0.385 0.01 0.017
2 0.54 0.388 0.007 0.019
2 0.55 0.387 0.01 0.024
2 0.556 0.392 0.012 0.028
2 0.574 0.399 0.029 0.042
2 0.646 0.423 0.094 0.132
2 0.512 0.389 0.011 0.017
2 0.503 0.388 0.009 0.016
2 0.493 0.389 0.017 0.035
2 0.484 0.394 0.02 0.031
2 0.459 0.397 0.045 0.066
2 0.369 0.37 0.039 0.026
2 0.328 0.37 0.058 0.029
2 0.197 0.407 0.062 0.137
2 0.015 0.463 0.03 0.101
