10 0.32 0.281 0.009 0.02
10 0.326 0.279 0.01 0.02
10 0.408 0.29 0.01 0.028
11 0.449 0.302 0.01 0.025
2 0.427 0.38 0.017 0.036
2 0.444 0.383 0.034 0.043
2 0.499 0.397 0.075 0.102
2 0.315 0.367 0.023 0.036
2 0.293 0.372 0.024 0.046
2 0.278 0.378 0.02 0.043
2 0.266 0.381 0.017 0.053
2 0.234 0.374 0.056 0.076
2 0.213 0.392 0.034 0.071
2 0.173 0.395 0.063 0.097
2 0.143 0.408 0.05 0.092
2 0.067 0.39 0.133 0.173
2 0.53 0.418 0.097 0.107
2 0.339 0.374 0.024 0.033
2 0.072 0.512 0.143 0.326
11 0.671 0.184 0.027 0.029
11 0.671 0.215 0.026 0.031
2 0.379 0.375 0.038 0.071
2 0.391 0.387 0.06 0.084
2 0.355 0.353 0.036 0.061
