7 0.371 0.39 0.012 0.052
7 0.537 0.408 0.015 0.052
11 0.616 0.471 0.021 0.018
11 0.605 0.499 0.019 0.014
11 0.605 0.431 0.014 0.015
11 0.76 0.379 0.015 0.024
11 0.739 0.372 0.01 0.017
11 0.263 0.457 0.033 0.018
11 0.248 0.41 0.033 0.017
11 0.26 0.383 0.011 0.023
7 0.035 0.424 0.009 0.035
5 0.758 0.606 0.046 0.1
0 0.781 0.566 0.013 0.063
2 0.837 0.561 0.084 0.075
2 0.111 0.675 0.218 0.455
2 0.314 0.619 0.103 0.157
2 0.396 0.598 0.053 0.069
2 0.469 0.598 0.051 0.069
2 0.234 0.652 0.147 0.198
2 0.557 0.588 0.037 0.052
2 0.426 0.593 0.026 0.041
2 0.533 0.589 0.009 0.032
2 0.524 0.587 0.008 0.02
2 0.516 0.586 0.007 0.024
2 0.507 0.59 0.009 0.018
2 0.502 0.579 0.007 0.015
7 0.458 0.541 0.007 0.02
8 0.254 0.492 0.017 0.039
