7 0.57 0.274 0.008 0.028
7 0.447 0.301 0.009 0.034
7 0.566 0.324 0.009 0.012
7 0.511 0.344 0.008 0.012
11 0.605 0.321 0.01 0.02
2 0.396 0.419 0.024 0.05
2 0.375 0.431 0.035 0.059
2 0.353 0.446 0.048 0.067
2 0.15 0.55 0.11 0.133
2 0.638 0.345 0.032 0.057
2 0.641 0.352 0.019 0.05
2 0.665 0.347 0.032 0.083
2 0.476 0.396 0.017 0.021
2 0.307 0.471 0.081 0.085
2 0.503 0.377 0.038 0.05
2 0.705 0.344 0.076 0.098
2 0.051 0.606 0.101 0.131
2 0.915 0.353 0.167 0.204
2 0.544 0.366 0.016 0.018
2 0.558 0.359 0.012 0.017
