7 0.066 0.201 0.027 0.047
7 0.536 0.525 0.009 0.026
7 0.448 0.536 0.009 0.011
7 0.499 0.579 0.005 0.011
8 0.1 0.181 0.028 0.096
11 0.757 0.526 0.011 0.057
11 0.551 0.522 0.008 0.017
11 0.614 0.529 0.01 0.008
11 0.55 0.55 0.009 0.008
2 0.554 0.558 0.01 0.008
2 0.498 0.612 0.01 0.021
2 0.509 0.612 0.011 0.015
2 0.517 0.619 0.008 0.021
2 0.477 0.616 0.019 0.037
2 0.455 0.638 0.03 0.064
2 0.659 0.656 0.088 0.119
2 0.606 0.632 0.026 0.044
2 0.743 0.65 0.1 0.116
0 0.664 0.661 0.021 0.128
0 0.642 0.657 0.026 0.116
3 0.31 0.605 0.115 0.14
2 0.411 0.658 0.08 0.112
