2 0.44 0.397 0.014 0.02
2 0.468 0.397 0.014 0.023
2 0.507 0.391 0.019 0.015
2 0.475 0.397 0.016 0.023
2 0.453 0.405 0.021 0.028
2 0.493 0.405 0.029 0.041
2 0.517 0.405 0.021 0.036
2 0.579 0.396 0.033 0.031
2 0.63 0.418 0.096 0.122
2 0.777 0.458 0.246 0.265
2 0.281 0.413 0.044 0.061
11 0.793 0.281 0.034 0.076
11 0.273 0.281 0.036 0.074
11 0.427 0.381 0.014 0.025
11 0.46 0.367 0.011 0.018
7 0.488 0.374 0.009 0.02
7 0.478 0.375 0.007 0.02
7 0.45 0.364 0.01 0.02
7 0.439 0.362 0.009 0.02
2 0.246 0.415 0.039 0.036
