2 0.521 0.901 0.015 0.035
2 0.5 0.899 0.033 0.048
2 0.439 0.892 0.02 0.053
2 0.377 0.912 0.063 0.069
2 0.301 0.915 0.099 0.121
4 0.406 0.89 0.055 0.092
3 0.565 0.896 0.053 0.045
2 0.695 0.918 0.059 0.079
2 0.57 0.909 0.026 0.026
2 0.463 0.903 0.057 0.084
4 0.622 0.877 0.08 0.151
4 0.666 0.886 0.024 0.08
11 0.974 0.721 0.05 0.035
11 0.752 0.786 0.03 0.018
11 0.759 0.773 0.026 0.019
11 0.632 0.686 0.026 0.05
11 0.513 0.845 0.013 0.016
10 0.306 0.808 0.021 0.035
10 0.433 0.562 0.015 0.067
10 0.615 0.685 0.014 0.046
10 0.766 0.831 0.026 0.038
7 0.421 0.554 0.013 0.082
10 0.408 0.554 0.015 0.079
11 0.273 0.796 0.015 0.027
2 0.838 0.932 0.322 0.135
