7 0.366 0.134 0.012 0.058
7 0.966 0.198 0.022 0.037
10 0.936 0.2 0.016 0.041
10 0.379 0.262 0.01 0.03
10 0.359 0.262 0.01 0.033
11 0.327 0.215 0.02 0.058
11 0.953 0.155 0.019 0.026
11 0.581 0.306 0.006 0.024
0 0.618 0.354 0.011 0.042
0 0.666 0.371 0.015 0.045
0 0.654 0.37 0.015 0.049
0 0.917 0.363 0.033 0.133
11 0.977 0.048 0.043 0.096
2 0.246 0.373 0.018 0.017
2 0.237 0.39 0.023 0.043
2 0.355 0.372 0.018 0.035
2 0.333 0.375 0.037 0.057
2 0.392 0.361 0.023 0.03
2 0.411 0.357 0.018 0.032
2 0.421 0.356 0.011 0.041
2 0.435 0.373 0.028 0.047
2 0.576 0.372 0.054 0.107
2 0.14 0.402 0.057 0.094
2 0.193 0.4 0.08 0.086
2 0.284 0.384 0.078 0.102
11 0.381 0.323 0.011 0.02
11 0.426 0.31 0.007 0.011
2 0.097 0.431 0.061 0.08
2 0.5 0.344 0.104 0.233
4 0.056 0.35 0.111 0.462
