2 0.351 0.429 0.027 0.024
2 0.339 0.425 0.018 0.023
2 0.289 0.422 0.019 0.029
2 0.304 0.426 0.033 0.037
2 0.275 0.424 0.016 0.024
2 0.253 0.429 0.042 0.04
2 0.221 0.42 0.024 0.026
2 0.193 0.419 0.039 0.035
2 0.15 0.421 0.032 0.031
2 0.515 0.431 0.009 0.011
2 0.499 0.428 0.007 0.011
2 0.506 0.434 0.013 0.02
2 0.491 0.429 0.01 0.011
2 0.481 0.43 0.01 0.012
2 0.463 0.429 0.009 0.014
2 0.456 0.429 0.011 0.012
2 0.445 0.429 0.02 0.018
2 0.426 0.428 0.016 0.014
2 0.411 0.427 0.015 0.018
2 0.605 0.445 0.027 0.024
2 0.581 0.446 0.018 0.026
2 0.553 0.439 0.016 0.024
2 0.51 0.445 0.015 0.031
2 0.531 0.474 0.055 0.075
2 0.641 0.458 0.017 0.024
2 0.656 0.464 0.021 0.026
2 0.677 0.461 0.027 0.037
2 0.713 0.47 0.032 0.043
2 0.747 0.478 0.062 0.066
2 0.862 0.505 0.102 0.095
11 0.27 0.278 0.036 0.015
11 0.324 0.326 0.015 0.026
11 0.567 0.411 0.017 0.024
10 0.048 0.353 0.009 0.024
11 0.043 0.327 0.009 0.012
10 0.314 0.371 0.008 0.023
10 0.328 0.372 0.009 0.02
10 0.241 0.284 0.009 0.034
10 0.231 0.287 0.01 0.031
10 0.464 0.307 0.007 0.024
10 0.459 0.308 0.008 0.026
10 0.452 0.307 0.003 0.024
7 0.583 0.349 0.006 0.023
10 0.692 0.394 0.007 0.02
0 0.815 0.473 0.007 0.029
0 0.807 0.474 0.007 0.034
0 0.847 0.452 0.01 0.017
0 0.942 0.496 0.013 0.063
