11 0.503 0.287 0.155 0.079
11 0.335 0.285 0.109 0.139
11 0.203 0.297 0.102 0.125
11 0.386 0.393 0.016 0.034
11 0.557 0.386 0.015 0.035
11 0.893 0.303 0.019 0.043
11 0.337 0.436 0.009 0.014
11 0.245 0.46 0.019 0.021
11 0.376 0.471 0.021 0.05
11 0.222 0.466 0.024 0.018
2 0.035 0.574 0.07 0.159
2 0.055 0.541 0.088 0.107
2 0.3 0.507 0.029 0.04
2 0.327 0.5 0.008 0.026
2 0.343 0.504 0.026 0.043
2 0.395 0.499 0.025 0.026
2 0.462 0.495 0.029 0.037
2 0.253 0.516 0.065 0.079
2 0.434 0.493 0.039 0.058
2 0.527 0.486 0.036 0.049
2 0.626 0.504 0.146 0.183
11 0.156 0.411 0.023 0.024
11 0.402 0.301 0.021 0.043
