11 0.76 0.109 0.063 0.105
11 0.764 0.175 0.026 0.032
11 0.555 0.245 0.014 0.022
11 0.554 0.273 0.011 0.034
11 0.527 0.303 0.011 0.022
10 0.494 0.28 0.011 0.019
10 0.398 0.283 0.011 0.019
10 0.449 0.299 0.005 0.018
4 0.153 0.441 0.305 0.403
0 0.647 0.323 0.019 0.036
0 0.618 0.319 0.015 0.024
2 0.518 0.346 0.023 0.039
2 0.522 0.348 0.015 0.034
2 0.541 0.33 0.026 0.032
2 0.534 0.354 0.031 0.036
2 0.555 0.366 0.029 0.07
2 0.576 0.365 0.044 0.092
2 0.6 0.382 0.063 0.102
2 0.648 0.397 0.096 0.121
2 0.721 0.433 0.142 0.18
2 0.783 0.322 0.015 0.019
2 0.816 0.315 0.022 0.017
2 0.8 0.329 0.027 0.034
2 0.864 0.483 0.27 0.454
2 0.427 0.341 0.019 0.034
2 0.406 0.347 0.031 0.046
2 0.373 0.369 0.034 0.08
2 0.329 0.402 0.097 0.146
1 0.47 0.356 0.02 0.092
5 0.469 0.375 0.015 0.068
0 0.454 0.339 0.011 0.039
11 0.379 0.283 0.018 0.006
