2 0.924 0.462 0.149 0.127
2 0.647 0.448 0.022 0.041
2 0.807 0.455 0.092 0.109
2 0.609 0.44 0.01 0.018
2 0.62 0.44 0.009 0.018
2 0.346 0.477 0.023 0.036
2 0.311 0.48 0.049 0.048
2 0.265 0.489 0.037 0.048
2 0.377 0.471 0.029 0.038
2 0.41 0.466 0.031 0.034
2 0.446 0.46 0.022 0.03
2 0.465 0.454 0.012 0.032
2 0.5 0.449 0.022 0.029
2 0.761 0.447 0.036 0.082
2 0.74 0.442 0.05 0.079
2 0.702 0.445 0.021 0.046
2 0.683 0.443 0.02 0.036
2 0.668 0.441 0.019 0.03
2 0.522 0.447 0.015 0.025
11 0.43 0.383 0.034 0.054
11 0.68 0.411 0.015 0.025
11 0.639 0.394 0.015 0.023
