7 0.576 0.396 0.005 0.019
7 0.372 0.399 0.008 0.017
8 0.315 0.433 0.013 0.017
11 0.583 0.422 0.012 0.016
11 0.375 0.361 0.029 0.012
2 0.822 0.56 0.353 0.326
2 0.942 0.651 0.112 0.207
2 0.25 0.491 0.052 0.036
2 0.297 0.532 0.063 0.094
2 0.421 0.478 0.027 0.035
2 0.211 0.561 0.128 0.152
2 0.495 0.506 0.125 0.215
0 0.303 0.464 0.013 0.035
0 0.437 0.461 0.008 0.042
0 0.571 0.469 0.007 0.026
0 0.576 0.473 0.007 0.021
0 0.551 0.461 0.006 0.028
0 0.602 0.502 0.073 0.155
0 0.654 0.535 0.104 0.195
11 0.726 0.362 0.021 0.043
11 0.123 0.349 0.023 0.035
11 0.229 0.386 0.031 0.006
11 0.228 0.397 0.02 0.037
