7 0.282 0.101 0.014 0.075
7 0.824 0.036 0.011 0.038
0 0.902 0.152 0.024 0.143
0 0.863 0.154 0.019 0.094
0 0.782 0.161 0.025 0.087
0 0.7 0.17 0.014 0.07
0 0.688 0.171 0.011 0.077
0 0.652 0.179 0.03 0.098
2 0.407 0.226 0.038 0.068
2 0.318 0.241 0.04 0.055
0 0.259 0.262 0.019 0.077
2 0.279 0.243 0.053 0.077
2 0.235 0.253 0.038 0.066
2 0.193 0.276 0.074 0.092
2 0.468 0.234 0.013 0.015
2 0.481 0.22 0.007 0.03
2 0.494 0.214 0.014 0.036
6 0.534 0.297 0.076 0.304
1 0.533 0.212 0.062 0.224
11 0.967 0.095 0.034 0.062
10 0.321 0.131 0.016 0.063
10 0.304 0.14 0.009 0.045
11 0.307 0.092 0.013 0.023
