7 0.409 0.324 0.015 0.073
8 0.391 0.32 0.016 0.075
8 0.645 0.54 0.008 0.036
7 0.351 0.524 0.005 0.017
7 0.418 0.533 0.005 0.023
11 0.466 0.545 0.009 0.021
11 0.662 0.499 0.019 0.078
2 0.38 0.562 0.027 0.038
2 0.36 0.561 0.01 0.023
2 0.351 0.559 0.012 0.026
2 0.342 0.566 0.01 0.019
2 0.334 0.567 0.012 0.024
2 0.319 0.575 0.019 0.033
2 0.224 0.583 0.023 0.052
2 0.209 0.583 0.019 0.061
2 0.159 0.591 0.091 0.097
2 0.273 0.596 0.074 0.09
2 0.428 0.576 0.012 0.021
2 0.446 0.59 0.013 0.035
2 0.454 0.594 0.019 0.033
2 0.465 0.605 0.015 0.045
2 0.484 0.607 0.019 0.042
2 0.494 0.615 0.021 0.047
2 0.511 0.622 0.034 0.057
2 0.531 0.631 0.042 0.069
2 0.563 0.648 0.078 0.095
