2 0.062 0.536 0.125 0.206
2 0.499 0.548 0.152 0.246
2 0.578 0.478 0.064 0.139
2 0.633 0.482 0.045 0.066
2 0.328 0.463 0.029 0.062
2 0.404 0.456 0.026 0.035
2 0.374 0.457 0.019 0.036
0 0.195 0.473 0.019 0.076
0 0.208 0.466 0.013 0.066
0 0.218 0.466 0.013 0.062
0 0.357 0.454 0.008 0.035
1 0.811 0.542 0.054 0.229
5 0.817 0.599 0.047 0.175
11 0.409 0.394 0.013 0.012
11 0.531 0.366 0.037 0.024
11 0.565 0.362 0.012 0.021
11 0.565 0.394 0.011 0.026
11 0.711 0.305 0.023 0.035
11 0.762 0.365 0.025 0.023
11 0.065 0.31 0.029 0.017
11 0.163 0.249 0.058 0.026
7 0.245 0.231 0.012 0.054
7 0.595 0.289 0.011 0.043
8 0.264 0.234 0.015 0.059
2 0.435 0.459 0.015 0.028
2 0.427 0.446 0.016 0.026
11 0.069 0.399 0.028 0.026
7 0.062 0.367 0.012 0.033
0 0.642 0.465 0.015 0.103
8 0.394 0.399 0.007 0.019
8 0.371 0.392 0.005 0.019
8 0.428 0.387 0.007 0.019
8 0.46 0.395 0.007 0.021
8 0.471 0.409 0.008 0.021
