2 0.129 0.574 0.082 0.046
2 0.311 0.544 0.023 0.021
2 0.344 0.53 0.01 0.019
2 0.364 0.531 0.029 0.031
2 0.491 0.506 0.006 0.01
2 0.459 0.509 0.007 0.014
2 0.415 0.516 0.008 0.014
2 0.501 0.508 0.013 0.016
2 0.481 0.51 0.013 0.016
2 0.583 0.549 0.074 0.09
2 0.582 0.497 0.024 0.017
2 0.264 0.58 0.087 0.108
2 0.992 0.56 0.014 0.089
11 0.347 0.376 0.025 0.045
11 0.347 0.412 0.034 0.019
11 0.603 0.46 0.012 0.007
11 0.6 0.435 0.007 0.012
11 0.435 0.488 0.036 0.027
7 0.467 0.123 0.022 0.07
7 0.486 0.448 0.01 0.015
7 0.539 0.439 0.007 0.009
7 0.522 0.477 0.008 0.012
7 0.488 0.475 0.01 0.01
2 0.698 0.482 0.032 0.047
