11 0.198 0.319 0.03 0.066
11 0.198 0.371 0.03 0.053
11 0.633 0.487 0.013 0.021
11 0.694 0.47 0.012 0.019
8 0.595 0.479 0.006 0.021
10 0.198 0.502 0.006 0.024
10 0.589 0.479 0.006 0.021
0 0.566 0.56 0.009 0.04
0 0.161 0.549 0.03 0.146
2 0.571 0.556 0.013 0.021
2 0.585 0.556 0.018 0.026
2 0.64 0.569 0.028 0.085
2 0.662 0.577 0.046 0.106
2 0.697 0.586 0.068 0.151
2 0.786 0.597 0.176 0.246
2 0.553 0.553 0.012 0.021
2 0.545 0.551 0.013 0.032
2 0.496 0.565 0.015 0.045
2 0.478 0.568 0.033 0.05
2 0.53 0.553 0.021 0.032
2 0.608 0.563 0.037 0.05
2 0.904 0.637 0.191 0.469
4 0.377 0.504 0.149 0.164
