2 0.449 0.455 0.017 0.025
2 0.433 0.451 0.017 0.037
2 0.42 0.452 0.01 0.035
2 0.409 0.458 0.026 0.043
2 0.392 0.464 0.032 0.056
2 0.357 0.468 0.048 0.052
2 0.3 0.485 0.072 0.072
2 0.186 0.462 0.119 0.06
2 0.092 0.487 0.124 0.08
2 0.18 0.509 0.135 0.126
2 0.469 0.447 0.023 0.035
2 0.493 0.447 0.015 0.027
2 0.507 0.454 0.019 0.023
2 0.535 0.457 0.028 0.045
2 0.55 0.464 0.022 0.039
2 0.571 0.464 0.044 0.06
2 0.604 0.484 0.059 0.078
2 0.677 0.505 0.113 0.151
2 0.884 0.627 0.227 0.447
11 0.438 0.399 0.012 0.016
8 0.452 0.402 0.008 0.019
8 0.514 0.398 0.009 0.014
