4 0.2 0.361 0.395 0.426
4 0.509 0.318 0.048 0.062
4 0.548 0.307 0.036 0.064
2 0.568 0.298 0.018 0.048
2 0.583 0.289 0.016 0.021
4 0.656 0.27 0.033 0.046
2 0.629 0.308 0.012 0.033
2 0.624 0.31 0.015 0.037
2 0.617 0.313 0.019 0.048
2 0.592 0.33 0.056 0.081
2 0.417 0.415 0.276 0.393
2 0.652 0.307 0.027 0.04
2 0.74 0.309 0.026 0.077
2 0.703 0.345 0.097 0.146
2 0.869 0.336 0.152 0.164
11 0.772 0.233 0.011 0.017
11 0.756 0.292 0.008 0.023
7 0.667 0.229 0.007 0.025
11 0.675 0.227 0.009 0.021
7 0.578 0.256 0.005 0.021
7 0.581 0.255 0.007 0.023
4 0.638 0.258 0.008 0.021
2 0.613 0.272 0.011 0.021
2 0.62 0.281 0.008 0.017
2 0.595 0.283 0.011 0.017
2 0.601 0.275 0.009 0.017
2 0.607 0.254 0.012 0.017
2 0.622 0.257 0.006 0.019
2 0.628 0.258 0.007 0.021
10 0.73 0.261 0.011 0.017
10 0.538 0.25 0.005 0.025
11 0.523 0.254 0.008 0.017
11 0.571 0.254 0.008 0.017
11 0.798 0.289 0.007 0.031
