10 0.447 0.331 0.014 0.05
10 0.493 0.41 0.011 0.048
10 0.495 0.335 0.007 0.042
10 0.501 0.341 0.008 0.035
10 0.574 0.375 0.008 0.032
10 0.569 0.379 0.005 0.022
10 0.604 0.436 0.006 0.02
10 0.597 0.435 0.01 0.018
10 0.618 0.379 0.015 0.068
10 0.749 0.409 0.01 0.035
10 0.826 0.483 0.009 0.017
10 0.171 0.405 0.006 0.023
11 0.392 0.326 0.06 0.03
11 0.489 0.457 0.011 0.043
11 0.611 0.429 0.011 0.029
11 0.208 0.413 0.009 0.025
11 0.195 0.405 0.008 0.053
2 0.446 0.488 0.011 0.016
2 0.433 0.486 0.008 0.012
2 0.413 0.487 0.011 0.015
2 0.403 0.486 0.007 0.015
2 0.398 0.485 0.005 0.016
2 0.393 0.483 0.011 0.016
2 0.38 0.482 0.008 0.013
2 0.366 0.489 0.031 0.05
2 0.174 0.459 0.029 0.036
2 0.151 0.501 0.077 0.061
2 0.107 0.472 0.03 0.031
2 0.092 0.471 0.013 0.03
2 0.061 0.472 0.031 0.032
2 0.005 0.446 0.01 0.018
2 0.031 0.475 0.063 0.048
2 0.028 0.496 0.055 0.067
2 0.468 0.494 0.03 0.037
2 0.452 0.494 0.01 0.025
2 0.65 0.52 0.136 0.104
2 0.811 0.524 0.085 0.065
2 0.958 0.501 0.081 0.06
2 0.957 0.54 0.085 0.12
0 0.752 0.555 0.054 0.236
11 0.787 0.423 0.03 0.019
10 0.428 0.441 0.004 0.011
7 0.403 0.433 0.005 0.016
11 0.439 0.454 0.006 0.015
10 0.187 0.427 0.009 0.015
10 0.361 0.461 0.004 0.012
2 0.016 0.425 0.031 0.059
2 0.254 0.542 0.256 0.19
11 0.167 0.178 0.072 0.145
11 0.139 0.323 0.052 0.126
11 0.193 0.318 0.052 0.112
