9 0.109 0.262 0.059 0.18
11 0.125 0.146 0.03 0.056
0 0.833 0.586 0.026 0.127
0 0.496 0.564 0.016 0.03
0 0.446 0.583 0.015 0.077
0 0.414 0.582 0.018 0.061
0 0.436 0.563 0.012 0.046
0 0.421 0.577 0.013 0.056
0 0.363 0.557 0.013 0.059
0 0.35 0.554 0.013 0.047
0 0.29 0.568 0.017 0.07
0 0.276 0.568 0.012 0.056
0 0.268 0.57 0.015 0.056
0 0.257 0.576 0.013 0.049
0 0.245 0.575 0.012 0.061
2 0.071 0.53 0.021 0.023
2 0.023 0.554 0.015 0.047
2 0.014 0.559 0.02 0.105
2 0.638 0.564 0.319 0.255
4 0.16 0.537 0.093 0.179
10 0.296 0.045 0.038 0.089
