2 0.296 0.478 0.128 0.135
2 0.469 0.432 0.046 0.088
2 0.4 0.424 0.021 0.043
2 0.136 0.399 0.058 0.036
2 0.181 0.409 0.027 0.017
2 0.318 0.405 0.019 0.012
2 0.343 0.403 0.013 0.016
2 0.32 0.392 0.011 0.014
2 0.248 0.405 0.016 0.023
2 0.383 0.41 0.014 0.016
2 0.417 0.415 0.016 0.023
2 0.411 0.396 0.008 0.019
2 0.371 0.397 0.008 0.017
2 0.383 0.396 0.01 0.012
2 0.396 0.393 0.009 0.016
2 0.364 0.388 0.007 0.021
2 0.338 0.387 0.008 0.019
2 0.35 0.38 0.011 0.019
2 0.498 0.429 0.015 0.047
2 0.519 0.422 0.021 0.036
2 0.428 0.424 0.014 0.033
2 0.429 0.4 0.019 0.014
2 0.866 0.511 0.267 0.312
11 0.622 0.25 0.021 0.019
11 0.397 0.362 0.018 0.017
11 0.29 0.343 0.025 0.017
11 0.246 0.366 0.009 0.024
0 0.241 0.122 0.012 0.061
11 0.538 0.399 0.013 0.021
