11 0.467 0.451 0.036 0.059
11 0.621 0.49 0.006 0.019
11 0.965 0.433 0.013 0.036
11 0.964 0.462 0.011 0.014
7 0.54 0.487 0.007 0.015
7 0.555 0.483 0.006 0.014
8 0.498 0.493 0.007 0.014
8 0.513 0.495 0.007 0.014
2 0.571 0.527 0.024 0.029
2 0.594 0.534 0.035 0.057
2 0.514 0.52 0.012 0.019
2 0.541 0.545 0.043 0.062
2 0.477 0.524 0.023 0.014
2 0.44 0.525 0.025 0.026
2 0.409 0.513 0.038 0.054
4 0.354 0.498 0.067 0.052
2 0.356 0.536 0.062 0.045
2 0.313 0.536 0.03 0.049
2 0.274 0.537 0.056 0.068
2 0.204 0.543 0.094 0.094
2 0.071 0.579 0.142 0.113
2 0.108 0.516 0.065 0.017
2 0.044 0.516 0.057 0.022
2 0.632 0.541 0.062 0.1
2 0.729 0.56 0.083 0.096
