2 0.039 0.583 0.077 0.147
2 0.886 0.575 0.226 0.246
2 0.214 0.57 0.136 0.149
2 0.447 0.532 0.051 0.062
2 0.55 0.542 0.069 0.087
4 0.36 0.516 0.049 0.075
2 0.421 0.519 0.019 0.033
2 0.115 0.575 0.079 0.097
2 0.16 0.541 0.027 0.024
2 0.277 0.533 0.035 0.061
2 0.32 0.53 0.034 0.055
2 0.749 0.573 0.117 0.127
2 0.663 0.553 0.083 0.094
2 0.604 0.542 0.043 0.061
2 0.58 0.507 0.022 0.016
2 0.521 0.516 0.016 0.028
2 0.506 0.524 0.019 0.029
2 0.497 0.522 0.014 0.028
2 0.474 0.523 0.017 0.042
2 0.409 0.518 0.013 0.031
2 0.381 0.525 0.014 0.024
11 0.597 0.451 0.013 0.031
