11 0.065 0.153 0.015 0.02
11 0.535 0.144 0.066 0.028
11 0.818 0.143 0.026 0.022
11 0.083 0.229 0.023 0.009
11 0.062 0.187 0.025 0.018
11 0.062 0.226 0.021 0.015
11 0.307 0.24 0.015 0.009
11 0.311 0.25 0.013 0.011
11 0.311 0.264 0.011 0.018
11 0.419 0.234 0.017 0.039
11 0.419 0.272 0.011 0.017
11 0.491 0.268 0.008 0.022
11 0.49 0.287 0.007 0.02
11 0.52 0.273 0.012 0.028
11 0.569 0.298 0.011 0.007
7 0.509 0.206 0.019 0.044
7 0.592 0.138 0.029 0.051
7 0.553 0.299 0.01 0.018
9 0.816 0.281 0.017 0.022
11 0.799 0.237 0.023 0.015
4 0.187 0.303 0.12 0.132
11 0.508 0.314 0.008 0.015
2 0.531 0.331 0.013 0.022
2 0.543 0.334 0.012 0.026
2 0.557 0.332 0.014 0.024
2 0.568 0.337 0.012 0.028
2 0.606 0.336 0.018 0.033
2 0.197 0.335 0.069 0.072
2 0.273 0.331 0.064 0.062
2 0.632 0.342 0.033 0.037
2 0.332 0.33 0.035 0.039
2 0.449 0.335 0.018 0.017
2 0.491 0.33 0.013 0.015
2 0.474 0.331 0.017 0.017
2 0.384 0.335 0.014 0.025
2 0.416 0.337 0.014 0.017
