2 0.592 0.461 0.012 0.025
2 0.617 0.47 0.022 0.028
2 0.638 0.499 0.052 0.072
2 0.555 0.461 0.016 0.018
2 0.569 0.461 0.015 0.018
2 0.573 0.49 0.04 0.062
2 0.542 0.463 0.009 0.018
2 0.533 0.466 0.013 0.023
2 0.494 0.47 0.025 0.042
2 0.452 0.482 0.027 0.046
2 0.422 0.487 0.045 0.065
2 0.387 0.482 0.037 0.049
2 0.162 0.531 0.152 0.149
2 0.082 0.515 0.115 0.118
2 0.692 0.478 0.039 0.049
2 0.771 0.505 0.093 0.1
11 0.467 0.36 0.074 0.093
11 0.537 0.425 0.025 0.033
11 0.577 0.434 0.018 0.03
11 0.678 0.433 0.011 0.025
7 0.601 0.434 0.007 0.023
11 0.974 0.324 0.024 0.032
