2 0.049 0.47 0.035 0.052
2 0.321 0.394 0.009 0.027
2 0.384 0.407 0.042 0.047
2 0.366 0.38 0.023 0.036
2 0.34 0.391 0.032 0.054
2 0.437 0.403 0.065 0.069
0 0.696 0.365 0.01 0.055
0 0.475 0.376 0.006 0.032
0 0.481 0.377 0.006 0.036
2 0.188 0.492 0.257 0.39
7 0.178 0.195 0.01 0.045
7 0.198 0.268 0.008 0.04
10 0.184 0.205 0.012 0.059
10 0.775 0.184 0.012 0.046
10 0.79 0.164 0.015 0.088
8 0.916 0.084 0.062 0.131
11 0.625 0.264 0.011 0.007
11 0.78 0.234 0.028 0.05
11 0.785 0.244 0.023 0.056
11 0.911 0.189 0.005 0.043
