8 0.303 0.345 0.025 0.111
8 0.829 0.451 0.018 0.071
10 0.33 0.353 0.027 0.116
10 0.494 0.752 0.004 0.015
10 0.499 0.751 0.005 0.017
10 0.586 0.744 0.004 0.015
10 0.594 0.744 0.003 0.016
10 0.59 0.745 0.002 0.016
4 0.526 0.809 0.065 0.06
2 0.537 0.819 0.044 0.066
2 0.666 0.828 0.051 0.059
0 0.331 0.821 0.013 0.034
0 0.362 0.817 0.012 0.036
0 0.381 0.823 0.008 0.022
0 0.584 0.824 0.013 0.039
0 0.646 0.812 0.011 0.022
0 0.743 0.817 0.008 0.049
0 0.768 0.817 0.008 0.045
0 0.798 0.815 0.008 0.035
0 0.803 0.815 0.009 0.049
0 0.818 0.803 0.007 0.02
0 0.921 0.817 0.016 0.065
0 0.277 0.842 0.022 0.085
0 0.598 0.818 0.008 0.024
0 0.606 0.811 0.004 0.021
0 0.612 0.817 0.006 0.027
0 0.62 0.824 0.008 0.041
0 0.723 0.822 0.012 0.072
0 0.67 0.828 0.014 0.059
1 0.866 0.827 0.034 0.106
5 0.868 0.876 0.032 0.084
10 0.194 0.711 0.025 0.043
8 0.154 0.713 0.015 0.039
11 0.18 0.604 0.02 0.04
11 0.783 0.697 0.018 0.042
11 0.716 0.731 0.008 0.021
11 0.707 0.749 0.011 0.022
11 0.98 0.624 0.031 0.019
11 0.965 0.651 0.041 0.025
10 0.987 0.696 0.024 0.039
0 0.413 0.827 0.01 0.019
2 0.49 0.817 0.007 0.017
