2 0.046 0.497 0.093 0.054
2 0.018 0.521 0.036 0.054
2 0.124 0.504 0.084 0.049
2 0.161 0.508 0.041 0.032
2 0.072 0.574 0.144 0.131
2 0.197 0.55 0.091 0.085
2 0.34 0.496 0.036 0.022
2 0.302 0.5 0.035 0.031
2 0.332 0.522 0.034 0.041
2 0.296 0.529 0.042 0.054
4 0.507 0.478 0.052 0.085
2 0.544 0.536 0.049 0.085
2 0.652 0.539 0.045 0.092
2 0.599 0.551 0.12 0.129
2 0.445 0.552 0.164 0.255
2 0.868 0.652 0.26 0.371
11 0.536 0.307 0.055 0.066
11 0.594 0.308 0.061 0.061
11 0.537 0.353 0.055 0.029
11 0.594 0.353 0.062 0.026
11 0.664 0.467 0.02 0.036
11 0.791 0.435 0.021 0.041
10 0.285 0.45 0.008 0.029
10 0.273 0.444 0.009 0.041
10 0.329 0.459 0.01 0.014
10 0.404 0.388 0.008 0.037
