2 0.383 0.523 0.016 0.036
2 0.366 0.524 0.023 0.039
2 0.539 0.553 0.02 0.053
2 0.681 0.617 0.112 0.119
2 0.849 0.626 0.063 0.092
2 0.894 0.634 0.049 0.075
2 0.048 0.474 0.096 0.188
2 0.21 0.498 0.115 0.109
2 0.339 0.524 0.042 0.046
2 0.457 0.608 0.179 0.262
1 0.287 0.501 0.027 0.095
5 0.286 0.53 0.023 0.061
0 0.102 0.473 0.017 0.112
0 0.131 0.475 0.019 0.095
0 0.559 0.562 0.006 0.035
0 0.58 0.572 0.009 0.047
0 0.598 0.574 0.006 0.049
0 0.59 0.571 0.006 0.055
0 0.95 0.643 0.051 0.13
2 0.789 0.687 0.204 0.215
2 0.943 0.783 0.112 0.262
7 0.534 0.404 0.013 0.029
7 0.34 0.337 0.007 0.035
10 0.351 0.339 0.01 0.038
10 0.31 0.366 0.005 0.029
11 0.3 0.405 0.015 0.009
10 0.749 0.49 0.017 0.026
11 0.191 0.345 0.024 0.014
11 0.606 0.47 0.018 0.01
11 0.733 0.409 0.032 0.019
11 0.747 0.391 0.031 0.019
8 0.614 0.518 0.018 0.027
10 0.17 0.393 0.018 0.019
11 0.557 0.484 0.007 0.014
2 0.151 0.474 0.028 0.047
8 0.746 0.552 0.018 0.02
