7 0.549 0.301 0.016 0.056
8 0.64 0.453 0.011 0.034
7 0.298 0.457 0.012 0.056
11 0.872 0.371 0.026 0.046
0 0.928 0.519 0.025 0.126
0 0.904 0.512 0.027 0.119
0 0.888 0.502 0.018 0.073
0 0.59 0.539 0.01 0.032
11 0.285 0.528 0.019 0.034
2 0.659 0.53 0.053 0.032
2 0.733 0.52 0.064 0.036
2 0.782 0.514 0.042 0.034
2 0.814 0.509 0.038 0.029
2 0.866 0.508 0.022 0.027
11 0.849 0.44 0.018 0.036
11 0.801 0.443 0.019 0.027
2 0.363 0.548 0.018 0.036
2 0.55 0.56 0.051 0.08
2 0.321 0.591 0.107 0.143
4 0.448 0.549 0.213 0.408
2 0.121 0.599 0.243 0.221
