7 0.504 0.101 0.021 0.112
7 0.655 0.035 0.024 0.071
8 0.96 0.234 0.037 0.082
11 0.943 0.154 0.044 0.063
11 0.973 0.1 0.053 0.045
11 0.633 0.406 0.013 0.023
11 0.568 0.431 0.016 0.016
11 0.557 0.434 0.009 0.019
0 0.675 0.457 0.015 0.07
0 0.626 0.48 0.012 0.045
2 0.387 0.509 0.062 0.089
2 0.561 0.487 0.012 0.016
2 0.615 0.476 0.015 0.033
2 0.545 0.49 0.015 0.019
2 0.586 0.487 0.041 0.054
2 0.463 0.5 0.021 0.033
4 0.478 0.49 0.022 0.042
2 0.497 0.5 0.015 0.023
2 0.308 0.524 0.107 0.124
2 0.108 0.541 0.137 0.171
2 0.046 0.591 0.091 0.187
