7 0.097 0.423 0.006 0.027
7 0.212 0.348 0.038 0.015
7 0.706 0.371 0.006 0.012
7 0.442 0.395 0.024 0.009
10 0.041 0.369 0.014 0.038
11 0.211 0.372 0.024 0.018
11 0.264 0.428 0.009 0.027
11 0.442 0.408 0.014 0.011
11 0.624 0.404 0.016 0.027
11 0.75 0.36 0.025 0.046
2 0.382 0.489 0.007 0.014
2 0.366 0.497 0.03 0.053
2 0.357 0.505 0.033 0.052
2 0.353 0.517 0.024 0.058
2 0.317 0.517 0.066 0.099
2 0.414 0.493 0.049 0.073
2 0.471 0.489 0.009 0.02
2 0.478 0.489 0.009 0.023
2 0.487 0.489 0.016 0.027
2 0.498 0.493 0.015 0.024
2 0.215 0.505 0.031 0.032
2 0.27 0.546 0.112 0.128
11 0.225 0.464 0.012 0.018
2 0.012 0.511 0.023 0.034
2 0.034 0.546 0.068 0.09
2 0.131 0.598 0.244 0.23
2 0.03 0.665 0.06 0.153
2 0.585 0.492 0.033 0.05
2 0.522 0.518 0.068 0.084
2 0.439 0.545 0.1 0.139
10 0.024 0.453 0.015 0.023
0 0.831 0.485 0.019 0.081
0 0.774 0.485 0.015 0.073
0 0.744 0.493 0.013 0.063
0 0.674 0.496 0.015 0.063
0 0.613 0.491 0.011 0.053
0 0.618 0.491 0.01 0.052
0 0.661 0.499 0.008 0.047
0 0.667 0.495 0.009 0.046
