11 0.31 0.351 0.02 0.041
11 0.311 0.378 0.021 0.014
2 0.463 0.513 0.026 0.018
2 0.448 0.522 0.008 0.018
2 0.44 0.521 0.013 0.023
2 0.43 0.522 0.009 0.025
2 0.423 0.524 0.013 0.029
2 0.409 0.523 0.016 0.032
2 0.395 0.53 0.027 0.037
2 0.263 0.555 0.058 0.066
2 0.206 0.562 0.084 0.085
2 0.089 0.585 0.154 0.123
2 0.527 0.504 0.011 0.014
2 0.535 0.508 0.009 0.02
2 0.54 0.51 0.012 0.028
2 0.548 0.514 0.02 0.033
2 0.566 0.516 0.018 0.044
2 0.576 0.524 0.02 0.046
2 0.593 0.527 0.042 0.058
2 0.624 0.536 0.046 0.078
2 0.652 0.549 0.067 0.097
2 0.008 0.618 0.015 0.088
2 0.364 0.533 0.037 0.04
2 0.488 0.511 0.013 0.022
2 0.502 0.511 0.012 0.018
2 0.721 0.557 0.123 0.135
8 0.445 0.486 0.01 0.018
8 0.547 0.474 0.011 0.019
9 0.563 0.471 0.01 0.019
0 0.324 0.534 0.011 0.046
0 0.32 0.539 0.006 0.023
8 0.262 0.491 0.009 0.012
10 0.881 0.376 0.026 0.066
