11 0.402 0.308 0.019 0.042
11 0.766 0.03 0.061 0.026
11 0.743 0.166 0.039 0.102
8 0.326 0.323 0.006 0.016
0 0.886 0.381 0.048 0.132
0 0.836 0.387 0.028 0.144
0 0.808 0.393 0.032 0.144
0 0.768 0.402 0.028 0.132
0 0.742 0.399 0.017 0.113
5 0.749 0.47 0.089 0.135
1 0.294 0.393 0.014 0.045
5 0.296 0.41 0.012 0.033
2 0.159 0.573 0.316 0.49
2 0.883 0.562 0.233 0.463
2 0.564 0.49 0.289 0.331
2 0.285 0.437 0.035 0.104
4 0.496 0.386 0.177 0.232
2 0.402 0.419 0.052 0.123
2 0.376 0.419 0.022 0.069
2 0.368 0.409 0.041 0.076
2 0.343 0.406 0.019 0.05
2 0.335 0.404 0.026 0.059
2 0.333 0.398 0.041 0.071
3 0.304 0.377 0.043 0.068
2 0.271 0.376 0.016 0.031
