2 0.325 0.5 0.056 0.072
2 0.28 0.504 0.066 0.085
2 0.567 0.496 0.011 0.011
4 0.587 0.487 0.023 0.042
2 0.215 0.525 0.104 0.096
2 0.4 0.5 0.036 0.035
2 0.53 0.494 0.025 0.034
2 0.611 0.492 0.038 0.05
2 0.468 0.502 0.016 0.021
2 0.477 0.501 0.011 0.019
2 0.513 0.494 0.01 0.013
2 0.5 0.498 0.012 0.013
2 0.556 0.493 0.008 0.021
2 0.546 0.49 0.008 0.021
8 0.611 0.401 0.017 0.021
8 0.602 0.43 0.015 0.03
8 0.543 0.414 0.014 0.021
8 0.469 0.417 0.012 0.023
8 0.504 0.455 0.009 0.015
8 0.489 0.48 0.01 0.009
8 0.399 0.455 0.01 0.009
11 0.22 0.431 0.01 0.028
11 0.329 0.449 0.012 0.021
11 0.398 0.445 0.012 0.009
11 0.577 0.422 0.011 0.013
11 0.665 0.401 0.007 0.017
11 0.899 0.401 0.019 0.009
8 0.545 0.455 0.01 0.011
11 0.561 0.46 0.01 0.013
8 0.469 0.474 0.011 0.019
11 0.583 0.46 0.007 0.017
11 0.523 0.482 0.007 0.019
2 0.018 0.707 0.035 0.179
2 0.951 0.458 0.051 0.042
2 0.45 0.49 0.014 0.026
