7 0.428 0.285 0.01 0.054
7 0.744 0.278 0.011 0.061
7 0.89 0.053 0.028 0.106
10 0.864 0.066 0.028 0.094
10 0.733 0.283 0.013 0.054
7 0.154 0.383 0.012 0.059
7 0.139 0.357 0.018 0.028
7 0.755 0.442 0.023 0.035
8 0.492 0.455 0.006 0.019
8 0.412 0.458 0.008 0.023
11 0.161 0.341 0.033 0.017
11 0.753 0.341 0.031 0.019
11 0.735 0.358 0.032 0.023
11 0.73 0.38 0.014 0.019
8 0.357 0.486 0.006 0.023
10 0.354 0.503 0.013 0.014
0 0.577 0.523 0.012 0.042
0 0.564 0.527 0.006 0.028
0 0.556 0.525 0.008 0.024
0 0.548 0.522 0.008 0.026
0 0.539 0.527 0.004 0.031
0 0.534 0.523 0.007 0.028
0 0.329 0.531 0.01 0.04
0 0.334 0.537 0.007 0.035
0 0.321 0.542 0.007 0.033
0 0.221 0.533 0.011 0.057
0 0.246 0.536 0.009 0.04
0 0.236 0.53 0.008 0.038
0 0.258 0.536 0.009 0.057
0 0.097 0.546 0.019 0.097
0 0.202 0.54 0.018 0.078
0 0.305 0.536 0.013 0.061
0 0.279 0.539 0.013 0.059
0 0.184 0.529 0.01 0.054
2 0.484 0.512 0.012 0.019
2 0.475 0.512 0.011 0.023
2 0.457 0.522 0.014 0.017
2 0.448 0.535 0.027 0.036
2 0.401 0.516 0.041 0.083
11 0.73 0.439 0.012 0.043
0 0.618 0.523 0.011 0.042
0 0.183 0.567 0.012 0.059
