2 0.467 0.46 0.01 0.016
2 0.473 0.461 0.008 0.02
2 0.479 0.463 0.014 0.037
2 0.492 0.466 0.025 0.046
2 0.456 0.453 0.015 0.011
2 0.455 0.472 0.023 0.042
2 0.438 0.46 0.01 0.021
2 0.433 0.463 0.017 0.023
2 0.407 0.465 0.015 0.024
2 0.378 0.463 0.01 0.021
2 0.39 0.469 0.026 0.037
2 0.356 0.466 0.015 0.034
2 0.308 0.474 0.026 0.049
2 0.334 0.473 0.038 0.054
2 0.253 0.469 0.012 0.015
2 0.244 0.472 0.015 0.023
2 0.232 0.469 0.015 0.024
2 0.216 0.471 0.021 0.031
2 0.182 0.476 0.022 0.024
2 0.165 0.473 0.03 0.032
2 0.135 0.482 0.035 0.037
2 0.104 0.486 0.037 0.041
2 0.061 0.467 0.031 0.023
2 0.073 0.494 0.046 0.049
2 0.027 0.486 0.054 0.067
2 0.197 0.499 0.065 0.069
2 0.281 0.486 0.055 0.067
2 0.521 0.474 0.04 0.061
2 0.54 0.456 0.009 0.014
2 0.547 0.46 0.009 0.017
2 0.555 0.46 0.009 0.015
2 0.582 0.459 0.01 0.018
2 0.591 0.46 0.012 0.018
2 0.603 0.461 0.013 0.017
2 0.616 0.46 0.014 0.02
2 0.627 0.454 0.014 0.021
2 0.662 0.459 0.015 0.028
2 0.673 0.462 0.031 0.034
2 0.704 0.456 0.028 0.012
2 0.758 0.453 0.032 0.012
2 0.81 0.455 0.04 0.017
2 0.869 0.478 0.053 0.066
2 0.754 0.593 0.268 0.285
4 0.941 0.487 0.115 0.438
11 0.166 0.402 0.014 0.023
11 0.526 0.416 0.009 0.018
10 0.4 0.418 0.005 0.012
10 0.404 0.42 0.005 0.017
5 0.389 0.418 0.013 0.009
