2 0.524 0.425 0.025 0.029
2 0.543 0.427 0.019 0.029
2 0.552 0.432 0.023 0.029
2 0.579 0.453 0.049 0.075
2 0.488 0.461 0.142 0.102
2 0.412 0.439 0.014 0.019
2 0.383 0.443 0.02 0.032
2 0.368 0.448 0.015 0.036
2 0.348 0.469 0.057 0.078
2 0.291 0.461 0.031 0.063
2 0.242 0.47 0.086 0.1
2 0.95 0.435 0.099 0.112
2 0.802 0.513 0.204 0.189
11 0.639 0.308 0.018 0.017
11 0.629 0.336 0.022 0.019
11 0.627 0.246 0.015 0.049
11 0.422 0.358 0.022 0.049
11 0.397 0.376 0.012 0.017
11 0.615 0.363 0.019 0.039
11 0.024 0.163 0.045 0.036
10 0.135 0.17 0.023 0.075
10 0.156 0.169 0.019 0.073
10 0.826 0.289 0.02 0.051
10 0.543 0.239 0.014 0.044
10 0.152 0.403 0.014 0.027
0 0.667 0.443 0.011 0.053
0 0.659 0.457 0.012 0.07
0 0.648 0.448 0.012 0.063
0 0.645 0.453 0.018 0.063
0 0.642 0.464 0.014 0.061
0 0.628 0.467 0.011 0.061
0 0.875 0.427 0.036 0.09
0 0.398 0.459 0.022 0.08
2 0.99 0.6 0.018 0.16
7 0.558 0.24 0.016 0.044
10 0.404 0.282 0.007 0.04
11 0.171 0.382 0.021 0.019
7 0.63 0.286 0.011 0.026
8 0.645 0.369 0.011 0.017
