2 0.64 0.563 0.022 0.1
2 0.375 0.533 0.04 0.085
2 0.34 0.556 0.083 0.092
4 0.685 0.475 0.133 0.147
2 0.753 0.595 0.23 0.26
2 0.523 0.596 0.246 0.454
7 0.404 0.441 0.006 0.03
7 0.343 0.467 0.005 0.021
0 0.302 0.524 0.012 0.028
0 0.272 0.536 0.007 0.049
5 0.234 0.577 0.018 0.058
1 0.234 0.539 0.023 0.07
0 0.177 0.548 0.029 0.107
0 0.126 0.545 0.026 0.105
0 0.15 0.55 0.014 0.073
0 0.1 0.542 0.012 0.085
0 0.086 0.546 0.024 0.098
0 0.06 0.543 0.024 0.087
0 0.016 0.546 0.026 0.09
0 0.006 0.543 0.013 0.083
0 0.042 0.542 0.019 0.085
0 0.992 0.579 0.015 0.156
0 0.952 0.564 0.037 0.139
0 0.932 0.555 0.017 0.107
