11 0.591 0.536 0.015 0.03
11 0.187 0.469 0.011 0.019
11 0.241 0.474 0.018 0.019
11 0.769 0.446 0.036 0.019
11 0.754 0.497 0.015 0.056
0 0.954 0.597 0.022 0.059
2 0.438 0.571 0.011 0.021
2 0.451 0.565 0.013 0.014
2 0.477 0.568 0.011 0.019
2 0.506 0.566 0.015 0.021
2 0.512 0.575 0.016 0.019
2 0.522 0.577 0.016 0.023
2 0.531 0.578 0.015 0.021
2 0.543 0.577 0.025 0.033
2 0.553 0.584 0.021 0.037
2 0.566 0.581 0.02 0.045
2 0.576 0.586 0.022 0.042
2 0.704 0.624 0.086 0.108
2 0.816 0.637 0.2 0.223
2 0.38 0.574 0.018 0.03
2 0.359 0.571 0.025 0.045
2 0.333 0.574 0.038 0.049
2 0.3 0.578 0.036 0.059
2 0.275 0.584 0.041 0.061
2 0.242 0.586 0.049 0.066
2 0.166 0.578 0.109 0.129
2 0.462 0.575 0.016 0.019
2 0.488 0.575 0.021 0.033
2 0.421 0.57 0.026 0.042
2 0.593 0.596 0.042 0.047
2 0.059 0.596 0.119 0.145
2 0.949 0.634 0.102 0.157
2 0.942 0.802 0.115 0.328
