11 0.79 0.333 0.013 0.037
11 0.656 0.401 0.012 0.028
0 0.855 0.481 0.028 0.103
0 0.905 0.482 0.024 0.091
0 0.961 0.467 0.029 0.112
0 0.947 0.46 0.022 0.094
0 0.931 0.415 0.011 0.023
0 0.926 0.462 0.022 0.108
0 0.914 0.466 0.018 0.11
0 0.882 0.469 0.024 0.112
0 0.87 0.474 0.026 0.094
0 0.841 0.47 0.021 0.096
0 0.98 0.479 0.018 0.117
0 0.991 0.472 0.017 0.141
0 0.276 0.468 0.016 0.04
2 0.535 0.457 0.03 0.042
2 0.521 0.462 0.034 0.061
2 0.495 0.481 0.046 0.089
2 0.467 0.484 0.037 0.11
2 0.319 0.507 0.1 0.122
2 0.564 0.461 0.017 0.045
2 0.64 0.466 0.024 0.03
2 0.657 0.467 0.021 0.052
2 0.68 0.472 0.046 0.08
3 0.408 0.421 0.116 0.101
2 0.741 0.477 0.108 0.138
2 0.593 0.48 0.071 0.124
2 0.406 0.507 0.134 0.15
2 0.147 0.578 0.294 0.373
