2 0.074 0.159 0.143 0.259
2 0.174 0.13 0.1 0.159
2 0.23 0.113 0.048 0.104
2 0.262 0.102 0.043 0.082
2 0.287 0.099 0.024 0.065
2 0.304 0.094 0.019 0.062
2 0.318 0.087 0.021 0.057
2 0.33 0.084 0.016 0.029
2 0.95 0.473 0.095 0.337
2 0.826 0.267 0.34 0.376
2 0.629 0.172 0.151 0.2
2 0.55 0.137 0.094 0.151
2 0.483 0.112 0.051 0.072
2 0.465 0.099 0.043 0.065
2 0.439 0.098 0.014 0.036
2 0.431 0.084 0.019 0.026
2 0.367 0.087 0.022 0.035
2 0.399 0.1 0.048 0.079
4 0.398 0.058 0.028 0.022
4 0.322 0.053 0.032 0.026
