2 0.627 0.408 0.019 0.024
2 0.618 0.393 0.011 0.017
2 0.597 0.404 0.02 0.028
2 0.527 0.396 0.022 0.019
2 0.507 0.392 0.019 0.019
2 0.473 0.391 0.018 0.017
2 0.457 0.398 0.015 0.015
2 0.488 0.39 0.021 0.015
2 0.611 0.391 0.007 0.017
2 0.59 0.482 0.105 0.112
11 0.252 0.232 0.077 0.118
11 0.166 0.386 0.061 0.103
1 0.747 0.471 0.031 0.127
11 0.336 0.37 0.011 0.019
11 0.336 0.384 0.006 0.015
2 0.644 0.409 0.012 0.021
2 0.708 0.438 0.052 0.045
2 0.757 0.438 0.014 0.032
8 0.575 0.309 0.005 0.022
11 0.09 0.392 0.011 0.021
11 0.598 0.353 0.034 0.056
