11 0.531 0.038 0.024 0.068
11 0.54 0.153 0.042 0.03
11 0.526 0.175 0.025 0.039
11 0.518 0.221 0.035 0.062
11 0.445 0.226 0.025 0.044
11 0.447 0.305 0.028 0.064
11 0.447 0.354 0.017 0.037
11 0.466 0.377 0.016 0.041
11 0.503 0.376 0.017 0.018
10 0.537 0.275 0.04 0.059
7 0.326 0.31 0.014 0.02
7 0.181 0.328 0.017 0.03
2 0.379 0.418 0.015 0.027
2 0.37 0.422 0.014 0.021
2 0.358 0.425 0.022 0.03
2 0.331 0.426 0.034 0.032
2 0.309 0.428 0.022 0.03
2 0.297 0.427 0.029 0.032
2 0.274 0.428 0.033 0.037
8 0.423 0.4 0.009 0.014
8 0.454 0.409 0.01 0.014
