6 0.784 0.473 0.072 0.137
0 0.736 0.414 0.031 0.123
0 0.532 0.445 0.017 0.094
0 0.55 0.447 0.023 0.093
0 0.604 0.444 0.034 0.155
0 0.63 0.402 0.014 0.05
6 0.674 0.446 0.109 0.13
0 0.515 0.441 0.012 0.042
5 0.02 0.62 0.041 0.064
5 0.035 0.613 0.034 0.061
6 0.163 0.553 0.058 0.047
2 0.357 0.493 0.03 0.04
2 0.303 0.504 0.025 0.035
2 0.253 0.522 0.027 0.037
2 0.277 0.519 0.021 0.029
2 0.331 0.499 0.025 0.03
0 0.452 0.463 0.011 0.052
11 0.421 0.422 0.019 0.047
0 0.503 0.446 0.01 0.041
0 0.493 0.459 0.013 0.052
11 0.487 0.37 0.027 0.057
