2 0.263 0.575 0.084 0.089
2 0.077 0.71 0.15 0.266
2 0.349 0.597 0.154 0.141
2 0.601 0.509 0.026 0.041
2 0.712 0.51 0.032 0.05
2 0.689 0.51 0.019 0.042
2 0.676 0.495 0.014 0.035
2 0.94 0.623 0.118 0.211
2 0.797 0.679 0.255 0.371
2 0.468 0.619 0.153 0.178
2 0.635 0.551 0.068 0.101
11 0.406 0.382 0.017 0.017
10 0.117 0.291 0.017 0.04
10 0.101 0.294 0.011 0.044
10 0.219 0.427 0.019 0.033
7 0.514 0.335 0.028 0.066
7 0.648 0.356 0.025 0.05
11 0.678 0.348 0.034 0.044
11 0.795 0.331 0.02 0.051
11 0.887 0.264 0.021 0.028
7 0.656 0.44 0.011 0.023
7 0.598 0.441 0.008 0.021
2 0.585 0.504 0.018 0.03
10 0.413 0.461 0.014 0.023
10 0.196 0.427 0.025 0.036
11 0.42 0.332 0.027 0.015
11 0.166 0.468 0.025 0.015
2 0.187 0.606 0.074 0.061
