0 0.13 0.484 0.066 0.324
0 0.095 0.461 0.027 0.186
0 0.079 0.495 0.045 0.249
1 0.743 0.463 0.037 0.14
5 0.739 0.522 0.042 0.089
7 0.36 0.271 0.012 0.07
11 0.188 0.305 0.042 0.027
11 0.961 0.102 0.06 0.037
11 0.959 0.171 0.039 0.085
7 0.972 0.296 0.017 0.078
3 0.825 0.471 0.112 0.156
2 0.444 0.456 0.087 0.134
2 0.988 0.51 0.021 0.115
11 0.915 0.488 0.03 0.082
2 0.644 0.497 0.038 0.052
11 0.202 0.195 0.027 0.029
11 0.349 0.313 0.016 0.037
7 0.346 0.349 0.019 0.035
10 0.971 0.37 0.024 0.043
2 0.522 0.485 0.008 0.021
2 0.512 0.488 0.014 0.031
2 0.504 0.495 0.01 0.037
2 0.493 0.487 0.015 0.058
2 0.489 0.489 0.012 0.049
2 0.587 0.498 0.017 0.023
2 0.611 0.504 0.02 0.031
2 0.563 0.499 0.021 0.029
2 0.533 0.499 0.017 0.025
2 0.545 0.491 0.01 0.016
2 0.554 0.497 0.007 0.021
2 0.743 0.499 0.059 0.054
2 0.699 0.5 0.034 0.053
