11 0.101 0.306 0.027 0.033
11 0.394 0.377 0.013 0.009
11 0.386 0.347 0.015 0.01
11 0.62 0.379 0.008 0.036
7 0.453 0.328 0.006 0.024
7 0.532 0.32 0.007 0.023
11 0.577 0.412 0.01 0.017
8 0.386 0.41 0.012 0.016
0 0.336 0.431 0.015 0.023
0 0.319 0.43 0.011 0.021
0 0.68 0.451 0.017 0.047
0 0.7 0.464 0.016 0.023
0 0.488 0.468 0.015 0.069
0 0.572 0.452 0.009 0.031
0 0.629 0.473 0.01 0.059
0 0.64 0.479 0.019 0.047
1 0.563 0.456 0.009 0.031
5 0.562 0.463 0.009 0.024
10 0.337 0.391 0.01 0.026
10 0.348 0.392 0.009 0.017
2 0.126 0.476 0.252 0.276
2 0.299 0.473 0.1 0.118
2 0.356 0.476 0.054 0.068
2 0.457 0.464 0.045 0.049
2 0.429 0.459 0.027 0.035
2 0.887 0.52 0.224 0.659
2 0.546 0.459 0.02 0.024
2 0.536 0.456 0.016 0.024
2 0.511 0.459 0.02 0.024
4 0.441 0.432 0.028 0.024
4 0.46 0.433 0.012 0.014
