8 0.172 0.117 0.021 0.075
8 0.768 0.321 0.027 0.033
10 0.162 0.123 0.015 0.071
10 0.199 0.117 0.019 0.075
10 0.004 0.391 0.009 0.035
11 0.798 0.286 0.014 0.054
0 0.507 0.471 0.042 0.116
0 0.063 0.471 0.019 0.037
0 0.02 0.48 0.027 0.077
0 0.52 0.468 0.041 0.106
0 0.68 0.415 0.02 0.046
0 0.664 0.42 0.02 0.052
5 0.939 0.439 0.06 0.077
2 0.362 0.484 0.028 0.056
2 0.342 0.485 0.022 0.054
2 0.309 0.479 0.055 0.05
2 0.451 0.471 0.009 0.025
2 0.445 0.475 0.015 0.042
2 0.435 0.474 0.018 0.052
2 0.474 0.478 0.044 0.06
2 0.541 0.473 0.04 0.054
4 0.406 0.465 0.063 0.112
2 0.18 0.542 0.35 0.191
2 0.758 0.454 0.239 0.183
