11 0.193 0.382 0.036 0.06
11 0.194 0.448 0.033 0.06
11 0.292 0.455 0.019 0.04
11 0.579 0.387 0.036 0.075
7 0.398 0.456 0.008 0.021
2 0.346 0.48 0.007 0.023
2 0.352 0.48 0.007 0.019
2 0.428 0.484 0.009 0.019
2 0.422 0.494 0.015 0.025
2 0.447 0.484 0.016 0.019
2 0.451 0.498 0.022 0.029
2 0.324 0.487 0.009 0.029
2 0.317 0.48 0.012 0.023
2 0.311 0.477 0.013 0.025
2 0.277 0.489 0.013 0.012
2 0.267 0.492 0.009 0.015
2 0.257 0.494 0.009 0.012
2 0.232 0.496 0.011 0.012
2 0.226 0.494 0.007 0.017
2 0.178 0.503 0.008 0.019
2 0.171 0.505 0.007 0.019
2 0.163 0.505 0.011 0.019
2 0.155 0.505 0.011 0.023
2 0.145 0.507 0.012 0.019
2 0.107 0.509 0.033 0.031
2 0.246 0.497 0.013 0.019
2 0.435 0.48 0.011 0.019
2 0.455 0.511 0.019 0.033
2 0.409 0.501 0.016 0.023
2 0.296 0.532 0.055 0.073
2 0.086 0.515 0.016 0.025
2 0.067 0.52 0.025 0.031
2 0.031 0.521 0.03 0.029
2 0.057 0.525 0.035 0.029
2 0.008 0.525 0.014 0.029
11 0.133 0.462 0.023 0.035
11 0.485 0.448 0.007 0.017
11 0.682 0.203 0.035 0.05
