7 0.446 0.492 0.009 0.036
7 0.499 0.474 0.011 0.03
7 0.566 0.478 0.008 0.03
7 0.624 0.495 0.008 0.022
11 0.361 0.456 0.015 0.021
11 0.363 0.42 0.026 0.045
11 0.754 0.433 0.015 0.019
11 0.753 0.394 0.032 0.051
11 0.753 0.342 0.026 0.043
11 0.629 0.52 0.012 0.028
2 0.61 0.563 0.025 0.036
2 0.564 0.546 0.018 0.022
2 0.549 0.577 0.023 0.066
2 0.582 0.575 0.045 0.062
2 0.524 0.551 0.036 0.03
2 0.389 0.611 0.061 0.105
2 0.69 0.584 0.052 0.075
2 0.736 0.555 0.03 0.032
2 0.807 0.597 0.109 0.111
2 0.637 0.597 0.082 0.103
2 0.479 0.677 0.176 0.259
2 0.172 0.705 0.294 0.27
2 0.882 0.712 0.234 0.367
