10 0.038 0.092 0.024 0.087
10 0.042 0.168 0.023 0.064
11 0.291 0.413 0.028 0.048
11 0.463 0.392 0.025 0.023
11 0.016 0.259 0.031 0.069
7 0.3 0.027 0.019 0.052
7 0.543 0.085 0.018 0.097
7 0.436 0.425 0.024 0.031
0 0.599 0.502 0.018 0.03
0 0.566 0.504 0.015 0.046
0 0.514 0.513 0.014 0.057
2 0.101 0.456 0.01 0.012
2 0.08 0.469 0.029 0.041
2 0.149 0.465 0.011 0.016
2 0.156 0.47 0.006 0.022
2 0.128 0.457 0.032 0.018
2 0.164 0.468 0.01 0.022
2 0.173 0.468 0.016 0.022
2 0.186 0.47 0.011 0.022
2 0.198 0.471 0.012 0.023
2 0.592 0.539 0.106 0.071
2 0.042 0.463 0.055 0.08
2 0.121 0.496 0.078 0.071
2 0.277 0.569 0.245 0.243
4 0.724 0.507 0.165 0.144
2 0.979 0.546 0.041 0.063
2 0.92 0.546 0.025 0.054
