7 0.477 0.11 0.028 0.12
11 0.38 0.317 0.012 0.028
10 0.457 0.32 0.009 0.019
11 0.441 0.319 0.023 0.017
8 0.553 0.308 0.006 0.017
11 0.564 0.313 0.02 0.009
11 0.598 0.312 0.011 0.01
8 0.431 0.352 0.008 0.017
2 0.468 0.371 0.019 0.028
2 0.49 0.37 0.01 0.029
2 0.454 0.373 0.015 0.021
2 0.417 0.385 0.024 0.031
4 0.23 0.385 0.102 0.135
2 0.179 0.416 0.084 0.121
2 0.279 0.426 0.085 0.083
2 0.107 0.463 0.188 0.17
2 0.538 0.369 0.011 0.024
2 0.553 0.374 0.013 0.024
2 0.58 0.378 0.036 0.066
2 0.712 0.386 0.062 0.08
2 0.701 0.337 0.038 0.026
2 0.81 0.38 0.079 0.092
2 0.875 0.381 0.094 0.104
2 0.931 0.405 0.087 0.161
2 0.929 0.589 0.139 0.322
2 0.649 0.408 0.106 0.12
