11 0.121 0.341 0.067 0.131
11 0.223 0.233 0.148 0.094
11 0.215 0.449 0.037 0.061
10 0.31 0.417 0.016 0.049
11 0.342 0.483 0.015 0.035
3 0.238 0.579 0.138 0.185
2 0.295 0.634 0.115 0.122
2 0.409 0.638 0.092 0.098
7 0.432 0.576 0.011 0.021
7 0.441 0.468 0.007 0.035
2 0.467 0.618 0.032 0.059
2 0.518 0.609 0.037 0.045
2 0.552 0.622 0.036 0.056
2 0.583 0.627 0.053 0.059
2 0.654 0.63 0.082 0.091
7 0.685 0.406 0.009 0.047
10 0.705 0.401 0.016 0.042
11 0.697 0.53 0.018 0.037
8 0.706 0.575 0.015 0.019
0 0.763 0.62 0.013 0.068
2 0.814 0.632 0.063 0.105
11 0.886 0.391 0.033 0.04
11 0.887 0.484 0.028 0.049
8 0.912 0.525 0.017 0.023
11 0.93 0.304 0.04 0.077
11 0.985 0.473 0.026 0.059
7 0.901 0.641 0.196 0.211
7 0.473 0.563 0.012 0.016
7 0.547 0.566 0.005 0.019
10 0.45 0.464 0.008 0.026
11 0.412 0.476 0.025 0.035
