7 0.434 0.404 0.008 0.033
11 0.482 0.487 0.008 0.017
2 0.208 0.549 0.084 0.125
0 0.434 0.485 0.007 0.037
0 0.509 0.508 0.012 0.067
0 0.53 0.511 0.012 0.081
0 0.535 0.502 0.015 0.073
0 0.546 0.49 0.007 0.073
0 0.554 0.485 0.014 0.071
0 0.565 0.487 0.012 0.05
0 0.455 0.509 0.007 0.04
0 0.464 0.508 0.007 0.042
0 0.481 0.511 0.008 0.035
0 0.595 0.523 0.012 0.073
0 0.761 0.501 0.022 0.121
0 0.781 0.496 0.013 0.11
0 0.798 0.503 0.018 0.133
0 0.629 0.504 0.016 0.094
0 0.617 0.507 0.011 0.081
2 0.444 0.503 0.023 0.042
4 0.333 0.42 0.197 0.462
0 0.051 0.552 0.036 0.181
0 0.146 0.501 0.009 0.037
0 0.129 0.503 0.012 0.037
0 0.216 0.467 0.007 0.035
0 0.229 0.471 0.007 0.031
0 0.239 0.471 0.009 0.027
