11 0.7 0.276 0.016 0.019
11 0.712 0.315 0.015 0.035
11 0.688 0.311 0.026 0.023
11 0.581 0.295 0.017 0.029
8 0.69 0.364 0.013 0.028
7 0.581 0.326 0.009 0.025
10 0.353 0.288 0.008 0.035
7 0.343 0.285 0.01 0.04
7 0.392 0.374 0.008 0.01
11 0.485 0.367 0.009 0.016
11 0.258 0.364 0.019 0.014
2 0.504 0.434 0.023 0.043
2 0.482 0.437 0.023 0.049
2 0.364 0.423 0.032 0.035
2 0.23 0.464 0.037 0.066
2 0.81 0.461 0.056 0.056
2 0.619 0.468 0.149 0.218
2 0.288 0.478 0.103 0.125
2 0.425 0.473 0.146 0.25
2 0.111 0.572 0.218 0.198
2 0.882 0.457 0.026 0.06
