2 0.392 0.596 0.013 0.017
2 0.387 0.597 0.012 0.019
2 0.381 0.598 0.013 0.026
2 0.372 0.596 0.019 0.035
2 0.352 0.611 0.05 0.067
2 0.369 0.609 0.014 0.04
2 0.326 0.616 0.051 0.072
2 0.255 0.636 0.122 0.146
2 0.159 0.71 0.178 0.209
2 0.079 0.762 0.158 0.255
2 0.412 0.594 0.008 0.014
2 0.419 0.596 0.01 0.017
2 0.426 0.598 0.01 0.017
2 0.432 0.601 0.011 0.019
2 0.442 0.6 0.018 0.025
2 0.451 0.608 0.016 0.039
2 0.471 0.611 0.035 0.054
2 0.478 0.623 0.019 0.057
2 0.492 0.624 0.029 0.071
2 0.512 0.632 0.049 0.086
2 0.533 0.644 0.053 0.105
2 0.579 0.663 0.094 0.136
2 0.663 0.707 0.193 0.212
2 0.403 0.595 0.007 0.028
7 0.425 0.562 0.009 0.019
