0 0.739 0.659 0.026 0.091
0 0.08 0.631 0.019 0.075
0 0.097 0.629 0.011 0.066
0 0.658 0.614 0.02 0.107
2 0.659 0.604 0.1 0.076
2 0.329 0.598 0.013 0.033
2 0.322 0.604 0.013 0.041
2 0.315 0.608 0.017 0.043
2 0.285 0.621 0.054 0.059
2 0.338 0.63 0.029 0.112
2 0.817 0.611 0.083 0.059
2 0.421 0.667 0.183 0.308
2 0.195 0.651 0.115 0.14
2 0.014 0.645 0.027 0.02
2 0.035 0.64 0.019 0.023
5 0.74 0.662 0.095 0.097
10 0.194 0.487 0.013 0.041
10 0.235 0.449 0.014 0.041
10 0.266 0.45 0.01 0.038
10 0.515 0.367 0.013 0.051
10 0.558 0.373 0.013 0.046
10 0.589 0.495 0.01 0.051
8 0.54 0.37 0.013 0.061
10 0.764 0.304 0.021 0.051
11 0.524 0.52 0.013 0.01
11 0.619 0.343 0.024 0.04
