10 0.227 0.414 0.009 0.035
7 0.232 0.415 0.011 0.041
10 0.243 0.412 0.011 0.047
7 0.474 0.432 0.009 0.034
10 0.466 0.429 0.009 0.041
10 0.481 0.427 0.011 0.037
7 0.131 0.564 0.013 0.022
10 0.839 0.447 0.031 0.056
10 0.813 0.447 0.021 0.049
11 0.004 0.43 0.008 0.02
11 0.159 0.419 0.059 0.032
11 0.592 0.47 0.014 0.02
11 0.849 0.498 0.015 0.049
11 0.583 0.431 0.027 0.044
11 0.579 0.54 0.011 0.025
0 0.99 0.628 0.017 0.169
0 0.617 0.57 0.014 0.044
0 0.604 0.598 0.009 0.052
0 0.61 0.589 0.012 0.074
0 0.616 0.588 0.009 0.064
0 0.701 0.565 0.009 0.041
0 0.691 0.567 0.011 0.037
0 0.656 0.574 0.012 0.061
0 0.644 0.584 0.013 0.061
0 0.682 0.581 0.015 0.068
2 0.633 0.571 0.024 0.042
0 0.698 0.616 0.021 0.1
0 0.722 0.608 0.022 0.111
0 0.901 0.625 0.039 0.189
0 0.088 0.635 0.022 0.064
0 0.314 0.586 0.007 0.017
0 0.319 0.586 0.008 0.019
2 0.019 0.637 0.039 0.057
2 0.015 0.651 0.03 0.057
2 0.052 0.806 0.104 0.26
3 0.927 0.536 0.143 0.226
2 0.84 0.602 0.056 0.081
0 0.54 0.576 0.009 0.03
0 0.563 0.572 0.009 0.029
2 0.403 0.566 0.027 0.02
2 0.418 0.578 0.014 0.027
2 0.408 0.601 0.028 0.059
2 0.398 0.607 0.039 0.061
2 0.384 0.619 0.042 0.071
2 0.345 0.632 0.071 0.101
2 0.234 0.65 0.194 0.236
2 0.474 0.566 0.112 0.192
2 0.525 0.757 0.24 0.398
