2 0.02 0.615 0.041 0.283
2 0.074 0.594 0.147 0.219
2 0.135 0.457 0.27 0.412
2 0.248 0.511 0.103 0.13
2 0.279 0.517 0.108 0.098
2 0.282 0.486 0.167 0.125
2 0.348 0.484 0.114 0.104
2 0.41 0.486 0.023 0.04
2 0.453 0.517 0.084 0.128
2 0.499 0.477 0.022 0.028
2 0.527 0.48 0.023 0.034
2 0.559 0.499 0.053 0.066
2 0.54 0.486 0.023 0.04
2 0.626 0.502 0.056 0.068
2 0.653 0.484 0.019 0.04
2 0.782 0.529 0.163 0.174
2 0.9 0.553 0.197 0.247
11 0.823 0.343 0.026 0.028
11 0.541 0.4 0.026 0.013
7 0.484 0.385 0.012 0.021
7 0.48 0.435 0.01 0.019
8 0.573 0.444 0.014 0.017
10 0.616 0.432 0.017 0.021
