2 0.529 0.459 0.012 0.026
2 0.274 0.479 0.058 0.091
2 0.389 0.484 0.058 0.084
2 0.51 0.459 0.024 0.052
2 0.463 0.464 0.034 0.059
2 0.488 0.451 0.016 0.037
2 0.109 0.509 0.218 0.265
7 0.353 0.341 0.016 0.033
7 0.281 0.4 0.015 0.04
7 0.441 0.414 0.007 0.019
7 0.392 0.433 0.009 0.019
7 0.551 0.362 0.011 0.021
11 0.491 0.421 0.009 0.019
11 0.547 0.399 0.032 0.015
0 0.906 0.508 0.037 0.166
11 0.062 0.299 0.026 0.026
11 0.313 0.352 0.028 0.019
11 0.598 0.412 0.013 0.019
11 0.641 0.356 0.008 0.033
2 0.768 0.485 0.04 0.056
2 0.96 0.527 0.077 0.132
2 0.546 0.469 0.013 0.031
