2 0.49 0.712 0.006 0.019
2 0.484 0.716 0.007 0.017
2 0.479 0.717 0.011 0.019
2 0.471 0.72 0.013 0.03
2 0.451 0.715 0.029 0.049
2 0.448 0.728 0.024 0.051
2 0.425 0.727 0.033 0.07
2 0.398 0.744 0.06 0.091
2 0.352 0.758 0.079 0.128
2 0.239 0.755 0.189 0.236
2 0.516 0.718 0.011 0.017
2 0.524 0.721 0.013 0.023
2 0.533 0.722 0.011 0.03
2 0.539 0.722 0.014 0.034
2 0.55 0.729 0.018 0.045
2 0.607 0.751 0.047 0.066
2 0.568 0.73 0.03 0.047
2 0.65 0.759 0.075 0.1
2 0.102 0.747 0.204 0.259
2 0.886 0.795 0.224 0.181
0 0.799 0.74 0.024 0.077
2 0.512 0.721 0.007 0.019
