11 0.249 0.021 0.034 0.043
11 0.251 0.055 0.034 0.03
11 0.236 0.099 0.029 0.02
11 0.263 0.235 0.012 0.024
11 0.506 0.206 0.015 0.02
11 0.551 0.216 0.009 0.013
2 0.474 0.246 0.008 0.01
2 0.491 0.242 0.007 0.009
2 0.484 0.248 0.008 0.016
2 0.498 0.243 0.01 0.013
2 0.498 0.25 0.01 0.017
2 0.509 0.245 0.01 0.013
2 0.516 0.25 0.014 0.016
2 0.545 0.241 0.015 0.021
2 0.464 0.245 0.011 0.017
2 0.46 0.253 0.008 0.013
2 0.454 0.253 0.01 0.016
2 0.436 0.259 0.009 0.017
2 0.427 0.261 0.017 0.025
2 0.414 0.264 0.022 0.03
2 0.397 0.265 0.016 0.024
2 0.386 0.267 0.012 0.034
2 0.374 0.271 0.023 0.041
2 0.345 0.276 0.042 0.051
2 0.322 0.282 0.014 0.04
2 0.308 0.277 0.023 0.043
2 0.278 0.289 0.058 0.068
2 0.23 0.299 0.042 0.051
2 0.203 0.301 0.021 0.061
4 0.099 0.287 0.197 0.222
3 0.711 0.184 0.225 0.364
7 0.44 0.204 0.005 0.023
7 0.475 0.201 0.004 0.02
10 0.508 0.186 0.005 0.012
