11 0.298 0.126 0.042 0.026
10 0.274 0.222 0.024 0.044
7 0.341 0.267 0.018 0.031
11 0.341 0.105 0.026 0.117
7 0.673 0.113 0.013 0.045
7 0.502 0.068 0.011 0.045
8 0.512 0.07 0.011 0.048
8 0.684 0.111 0.009 0.054
11 0.76 0.149 0.021 0.052
11 0.758 0.211 0.021 0.018
8 0.761 0.272 0.008 0.023
7 0.774 0.272 0.015 0.026
11 0.615 0.231 0.042 0.03
8 0.579 0.289 0.009 0.015
8 0.563 0.288 0.008 0.016
11 0.901 0.137 0.048 0.116
2 0.579 0.327 0.009 0.026
2 0.61 0.327 0.02 0.027
2 0.546 0.349 0.072 0.111
0 0.862 0.344 0.022 0.057
2 0.271 0.464 0.246 0.247
2 0.502 0.467 0.167 0.234
2 0.635 0.347 0.06 0.098
2 0.862 0.566 0.275 0.387
