2 0.082 0.515 0.057 0.027
2 0.108 0.508 0.059 0.04
2 0.147 0.507 0.06 0.031
2 0.138 0.486 0.046 0.018
2 0.187 0.501 0.051 0.037
2 0.233 0.507 0.042 0.019
2 0.253 0.498 0.039 0.03
2 0.292 0.495 0.046 0.036
2 0.319 0.496 0.036 0.034
2 0.333 0.493 0.031 0.034
2 0.357 0.478 0.019 0.014
2 0.355 0.494 0.017 0.015
2 0.378 0.492 0.012 0.025
2 0.446 0.475 0.031 0.049
2 0.663 0.498 0.039 0.067
2 0.693 0.477 0.014 0.033
2 0.713 0.477 0.006 0.021
2 0.724 0.479 0.011 0.03
4 0.392 0.481 0.038 0.03
11 0.201 0.32 0.044 0.069
11 0.202 0.37 0.03 0.037
11 0.249 0.454 0.011 0.022
11 0.405 0.46 0.014 0.015
11 0.416 0.436 0.015 0.033
11 0.706 0.413 0.038 0.031
11 0.772 0.342 0.024 0.049
11 0.048 0.277 0.095 0.232
2 0.554 0.58 0.273 0.343
2 0.951 0.636 0.096 0.262
0 0.098 0.502 0.014 0.066
0 0.838 0.486 0.034 0.16
0 0.876 0.483 0.04 0.199
0 0.957 0.458 0.038 0.154
