7 0.336 0.254 0.009 0.028
7 0.328 0.309 0.007 0.021
11 0.396 0.272 0.016 0.028
11 0.428 0.296 0.015 0.019
11 0.49 0.286 0.007 0.023
11 0.339 0.31 0.008 0.019
0 0.863 0.448 0.038 0.098
0 0.924 0.443 0.045 0.094
5 0.675 0.488 0.037 0.075
2 0.253 0.37 0.026 0.045
2 0.218 0.38 0.051 0.094
2 0.322 0.364 0.016 0.028
4 0.297 0.344 0.02 0.021
4 0.265 0.34 0.038 0.08
4 0.354 0.352 0.026 0.042
2 0.353 0.394 0.041 0.07
2 0.3 0.397 0.059 0.094
2 0.464 0.477 0.162 0.213
4 0.471 0.35 0.051 0.07
4 0.595 0.372 0.214 0.349
4 0.106 0.256 0.211 0.483
2 0.914 0.543 0.17 0.368
