7 0.647 0.251 0.009 0.024
7 0.754 0.248 0.01 0.017
10 0.608 0.309 0.014 0.018
11 0.077 0.302 0.02 0.031
11 0.804 0.271 0.013 0.026
11 0.825 0.264 0.009 0.013
11 0.85 0.277 0.012 0.023
11 0.929 0.226 0.035 0.064
2 0.739 0.309 0.018 0.021
2 0.73 0.303 0.013 0.013
2 0.73 0.321 0.014 0.026
2 0.716 0.308 0.015 0.009
2 0.72 0.324 0.017 0.024
2 0.707 0.318 0.015 0.011
2 0.708 0.334 0.021 0.027
2 0.698 0.333 0.011 0.016
2 0.686 0.323 0.014 0.01
4 0.664 0.326 0.026 0.046
2 0.67 0.338 0.018 0.031
2 0.682 0.342 0.032 0.043
2 0.599 0.348 0.049 0.034
2 0.53 0.346 0.032 0.04
2 0.497 0.378 0.079 0.083
4 0.321 0.351 0.236 0.215
2 0.816 0.346 0.044 0.06
2 0.826 0.355 0.04 0.067
2 0.849 0.373 0.053 0.105
4 0.922 0.286 0.153 0.09
2 0.925 0.387 0.149 0.196
0 0.976 0.551 0.046 0.384
0 0.952 0.48 0.078 0.404
0 0.783 0.317 0.007 0.021
0 0.163 0.388 0.028 0.119
5 0.053 0.435 0.064 0.105
