2 0.504 0.438 0.017 0.03
2 0.52 0.446 0.028 0.05
2 0.519 0.45 0.015 0.05
2 0.535 0.448 0.036 0.058
2 0.298 0.469 0.072 0.09
2 0.231 0.49 0.097 0.123
2 0.14 0.514 0.145 0.153
2 0.425 0.43 0.037 0.022
2 0.545 0.463 0.027 0.065
2 0.557 0.468 0.034 0.092
2 0.584 0.471 0.057 0.153
2 0.642 0.488 0.129 0.228
2 0.83 0.466 0.34 0.682
2 0.046 0.543 0.093 0.185
2 0.357 0.478 0.087 0.101
2 0.48 0.453 0.039 0.06
2 0.421 0.455 0.04 0.056
7 0.484 0.399 0.008 0.017
7 0.456 0.398 0.008 0.019
10 0.36 0.386 0.015 0.011
10 0.508 0.408 0.008 0.011
