2 0.314 0.534 0.012 0.024
2 0.295 0.536 0.01 0.027
2 0.285 0.54 0.013 0.03
2 0.271 0.541 0.012 0.034
2 0.255 0.536 0.018 0.046
2 0.178 0.539 0.023 0.049
2 0.152 0.549 0.022 0.052
2 0.128 0.549 0.027 0.056
2 0.231 0.539 0.034 0.042
2 0.38 0.536 0.025 0.035
2 0.429 0.539 0.007 0.015
2 0.59 0.559 0.073 0.093
2 0.781 0.625 0.174 0.167
2 0.365 0.538 0.012 0.017
2 0.417 0.538 0.006 0.015
2 0.411 0.538 0.006 0.015
2 0.404 0.538 0.009 0.017
2 0.395 0.534 0.009 0.025
2 0.443 0.537 0.011 0.02
2 0.455 0.542 0.009 0.024
2 0.462 0.543 0.008 0.017
2 0.467 0.546 0.008 0.019
2 0.479 0.544 0.012 0.029
2 0.491 0.55 0.012 0.027
2 0.505 0.553 0.018 0.039
2 0.521 0.554 0.022 0.049
2 0.541 0.562 0.036 0.051
2 0.67 0.599 0.075 0.106
2 0.377 0.498 0.005 0.015
11 0.585 0.48 0.009 0.015
