2 0.608 0.5 0.026 0.072
0 0.516 0.5 0.02 0.035
0 0.511 0.475 0.015 0.01
0 0.477 0.469 0.017 0.01
0 0.463 0.483 0.01 0.019
0 0.474 0.49 0.019 0.029
2 0.449 0.485 0.021 0.031
2 0.757 0.543 0.152 0.167
2 0.656 0.5 0.101 0.12
2 0.889 0.581 0.22 0.316
2 0.05 0.548 0.099 0.113
2 0.316 0.508 0.019 0.041
2 0.288 0.515 0.05 0.056
2 0.24 0.518 0.05 0.066
2 0.559 0.499 0.084 0.148
2 0.384 0.516 0.13 0.198
2 0.491 0.5 0.036 0.056
2 0.183 0.523 0.077 0.081
11 0.604 0.428 0.011 0.04
10 0.566 0.416 0.009 0.014
