7 0.472 0.361 0.007 0.023
7 0.517 0.376 0.011 0.023
11 0.548 0.423 0.011 0.025
11 0.668 0.391 0.021 0.043
10 0.479 0.363 0.009 0.023
2 0.514 0.446 0.016 0.025
2 0.447 0.441 0.04 0.046
2 0.424 0.458 0.032 0.069
2 0.403 0.455 0.03 0.094
2 0.34 0.443 0.119 0.181
2 0.558 0.462 0.021 0.036
2 0.573 0.464 0.026 0.041
2 0.595 0.467 0.033 0.056
2 0.606 0.474 0.029 0.066
2 0.629 0.481 0.037 0.069
2 0.657 0.485 0.039 0.076
2 0.691 0.496 0.056 0.084
2 0.738 0.51 0.087 0.112
2 0.831 0.519 0.155 0.171
2 0.503 0.444 0.013 0.015
2 0.279 0.495 0.158 0.16
2 0.477 0.439 0.011 0.018
2 0.477 0.427 0.013 0.013
2 0.931 0.564 0.136 0.257
11 0.888 0.338 0.024 0.087
2 0.536 0.45 0.037 0.036
