2 0.928 0.622 0.142 0.241
2 0.827 0.57 0.13 0.153
2 0.749 0.556 0.059 0.065
2 0.621 0.56 0.041 0.054
2 0.598 0.535 0.025 0.045
2 0.618 0.521 0.012 0.017
2 0.567 0.521 0.008 0.017
2 0.56 0.53 0.009 0.019
2 0.547 0.541 0.016 0.015
2 0.525 0.559 0.018 0.027
2 0.542 0.569 0.031 0.03
2 0.245 0.618 0.098 0.084
2 0.107 0.644 0.168 0.132
5 0.317 0.604 0.019 0.054
5 0.338 0.601 0.015 0.052
5 0.354 0.6 0.008 0.043
5 0.377 0.596 0.008 0.032
5 0.389 0.596 0.008 0.03
5 0.364 0.563 0.012 0.031
2 0.65 0.543 0.013 0.028
11 0.455 0.404 0.016 0.034
11 0.405 0.463 0.009 0.03
11 0.39 0.509 0.018 0.017
11 0.365 0.493 0.007 0.019
11 0.362 0.511 0.016 0.011
7 0.465 0.512 0.006 0.021
7 0.682 0.503 0.009 0.021
2 0.511 0.552 0.014 0.028
5 0.367 0.595 0.011 0.047
0 0.666 0.563 0.013 0.036
