2 0.138 0.45 0.033 0.028
2 0.109 0.456 0.06 0.04
2 0.036 0.475 0.072 0.108
2 0.267 0.456 0.01 0.023
2 0.259 0.459 0.018 0.034
2 0.236 0.46 0.037 0.045
2 0.306 0.454 0.013 0.023
2 0.286 0.458 0.043 0.049
2 0.401 0.446 0.012 0.017
2 0.384 0.446 0.011 0.017
2 0.375 0.444 0.013 0.021
2 0.364 0.446 0.017 0.026
2 0.436 0.445 0.012 0.015
2 0.441 0.45 0.013 0.019
2 0.452 0.452 0.012 0.032
2 0.472 0.452 0.039 0.053
2 0.526 0.48 0.054 0.081
2 0.62 0.485 0.163 0.208
2 0.85 0.351 0.083 0.066
2 0.867 0.447 0.105 0.108
2 0.914 0.627 0.167 0.506
2 0.336 0.464 0.06 0.081
2 0.169 0.468 0.061 0.055
11 0.34 0.41 0.01 0.013
11 0.577 0.317 0.018 0.013
7 0.326 0.385 0.01 0.017
