7 0.215 0.358 0.011 0.037
7 0.428 0.391 0.008 0.036
10 0.228 0.363 0.009 0.037
10 0.437 0.391 0.007 0.036
10 0.103 0.46 0.007 0.021
11 0.532 0.425 0.018 0.034
11 0.642 0.465 0.012 0.043
11 0.538 0.451 0.009 0.014
11 0.53 0.476 0.013 0.014
11 0.928 0.373 0.041 0.099
10 0.653 0.476 0.005 0.021
8 0.537 0.496 0.01 0.018
0 0.168 0.545 0.009 0.052
2 0.309 0.546 0.018 0.028
2 0.291 0.548 0.01 0.036
2 0.283 0.55 0.011 0.043
2 0.265 0.547 0.035 0.044
2 0.244 0.55 0.011 0.039
2 0.233 0.552 0.02 0.041
2 0.199 0.542 0.049 0.076
2 0.332 0.545 0.017 0.02
2 0.347 0.548 0.005 0.014
2 0.402 0.551 0.019 0.034
2 0.371 0.552 0.042 0.069
2 0.42 0.552 0.012 0.027
2 0.428 0.552 0.012 0.034
2 0.444 0.546 0.032 0.043
2 0.447 0.559 0.014 0.028
2 0.472 0.56 0.043 0.053
2 0.579 0.586 0.089 0.121
2 0.676 0.607 0.174 0.197
2 0.847 0.679 0.304 0.284
2 0.982 0.787 0.03 0.18
