7 0.469 0.468 0.008 0.019
7 0.538 0.471 0.008 0.02
11 0.664 0.497 0.016 0.023
11 0.662 0.515 0.014 0.015
2 0.442 0.532 0.014 0.022
2 0.429 0.537 0.028 0.053
2 0.393 0.528 0.064 0.092
2 0.39 0.548 0.028 0.075
2 0.362 0.544 0.046 0.105
2 0.332 0.554 0.072 0.122
2 0.253 0.552 0.128 0.201
2 0.458 0.542 0.031 0.046
2 0.533 0.54 0.016 0.035
11 0.514 0.494 0.021 0.012
2 0.671 0.572 0.065 0.079
0 0.742 0.545 0.012 0.023
2 0.708 0.59 0.07 0.092
2 0.123 0.564 0.244 0.356
2 0.785 0.601 0.139 0.143
2 0.499 0.557 0.065 0.101
2 0.575 0.584 0.096 0.15
