7 0.237 0.274 0.015 0.066
7 0.521 0.178 0.019 0.064
7 0.703 0.435 0.01 0.025
8 0.501 0.179 0.02 0.07
8 0.69 0.437 0.013 0.033
7 0.292 0.466 0.008 0.016
8 0.338 0.472 0.007 0.021
8 0.302 0.472 0.007 0.021
8 0.324 0.482 0.008 0.016
11 0.604 0.245 0.038 0.058
11 0.663 0.271 0.017 0.023
11 0.423 0.475 0.014 0.01
11 0.423 0.469 0.014 0.01
2 0.246 0.52 0.031 0.023
2 0.274 0.533 0.029 0.033
2 0.302 0.525 0.023 0.045
2 0.346 0.528 0.014 0.027
2 0.384 0.534 0.042 0.064
2 0.411 0.546 0.042 0.082
2 0.184 0.556 0.049 0.07
4 0.28 0.506 0.029 0.041
2 0.111 0.583 0.109 0.13
2 0.22 0.569 0.073 0.082
2 0.322 0.549 0.055 0.078
2 0.47 0.581 0.115 0.188
3 0.374 0.502 0.055 0.097
0 0.047 0.582 0.016 0.105
2 0.024 0.561 0.046 0.14
