7 0.486 0.356 0.006 0.021
7 0.351 0.357 0.006 0.019
10 0.185 0.38 0.011 0.027
10 0.481 0.357 0.007 0.023
10 0.544 0.404 0.012 0.021
0 0.511 0.436 0.007 0.031
0 0.52 0.441 0.007 0.033
0 0.712 0.447 0.012 0.037
0 0.73 0.451 0.006 0.037
0 0.74 0.453 0.012 0.033
0 0.766 0.459 0.019 0.04
0 0.327 0.437 0.008 0.042
3 0.433 0.419 0.139 0.073
3 0.336 0.415 0.032 0.056
4 0.283 0.411 0.075 0.123
2 0.234 0.444 0.028 0.052
2 0.693 0.525 0.115 0.114
2 0.816 0.546 0.238 0.198
4 0.192 0.44 0.061 0.077
2 0.146 0.452 0.067 0.077
2 0.08 0.466 0.09 0.092
2 0.019 0.466 0.037 0.137
2 0.952 0.614 0.094 0.237
2 0.359 0.435 0.043 0.079
2 0.576 0.501 0.122 0.166
0 0.985 0.478 0.028 0.083
11 0.741 0.339 0.022 0.079
