7 0.235 0.174 0.024 0.068
7 0.653 0.037 0.023 0.07
8 0.679 0.033 0.023 0.066
7 0.811 0.316 0.019 0.023
11 0.79 0.241 0.042 0.019
11 0.81 0.209 0.042 0.019
11 0.744 0.117 0.081 0.038
11 0.088 0.159 0.073 0.03
11 0.166 0.163 0.031 0.057
11 0.182 0.32 0.015 0.023
2 0.601 0.44 0.033 0.053
2 0.571 0.425 0.022 0.045
2 0.552 0.424 0.014 0.034
2 0.536 0.42 0.018 0.028
2 0.646 0.449 0.067 0.082
2 0.282 0.414 0.08 0.066
2 0.402 0.415 0.023 0.03
2 0.429 0.414 0.024 0.019
2 0.449 0.416 0.014 0.019
4 0.453 0.393 0.016 0.028
2 0.505 0.409 0.037 0.055
2 0.48 0.412 0.012 0.023
2 0.466 0.405 0.012 0.019
7 0.403 0.36 0.011 0.017
7 0.5 0.361 0.01 0.019
0 0.382 0.402 0.011 0.03
