7 0.445 0.578 0.009 0.016
7 0.512 0.579 0.006 0.017
11 0.587 0.597 0.008 0.019
2 0.525 0.605 0.017 0.021
2 0.534 0.61 0.013 0.021
2 0.542 0.609 0.013 0.023
2 0.555 0.608 0.009 0.024
2 0.572 0.616 0.015 0.023
2 0.586 0.617 0.024 0.021
2 0.622 0.633 0.03 0.031
2 0.644 0.632 0.026 0.036
2 0.731 0.65 0.091 0.086
2 0.917 0.707 0.162 0.146
2 0.496 0.609 0.023 0.04
2 0.427 0.611 0.018 0.019
2 0.41 0.612 0.013 0.021
2 0.397 0.615 0.019 0.024
2 0.381 0.618 0.016 0.026
2 0.36 0.618 0.022 0.033
2 0.334 0.62 0.035 0.042
2 0.297 0.627 0.038 0.042
2 0.234 0.627 0.031 0.049
2 0.265 0.629 0.035 0.045
2 0.198 0.637 0.039 0.054
2 0.143 0.651 0.069 0.078
2 0.053 0.678 0.105 0.085
11 0.549 0.584 0.008 0.017
2 0.672 0.648 0.04 0.064
