3 0.286 0.418 0.027 0.049
2 0.395 0.448 0.013 0.045
2 0.433 0.444 0.08 0.124
2 0.47 0.487 0.059 0.146
3 0.614 0.411 0.29 0.264
2 0.832 0.523 0.274 0.21
2 0.575 0.526 0.204 0.328
4 0.342 0.424 0.096 0.186
3 0.009 0.4 0.017 0.146
0 0.083 0.431 0.013 0.039
0 0.761 0.424 0.012 0.041
0 0.77 0.418 0.013 0.033
0 0.779 0.412 0.017 0.031
0 0.786 0.413 0.013 0.037
0 0.796 0.413 0.019 0.033
0 0.814 0.415 0.015 0.033
0 0.834 0.414 0.022 0.035
0 0.844 0.415 0.015 0.037
0 0.858 0.419 0.022 0.039
0 0.879 0.423 0.026 0.039
0 0.901 0.422 0.017 0.041
0 0.918 0.437 0.023 0.056
0 0.934 0.442 0.016 0.066
0 0.948 0.434 0.021 0.095
0 0.965 0.466 0.027 0.13
7 0.379 0.297 0.006 0.035
7 0.423 0.295 0.007 0.035
2 0.209 0.422 0.017 0.021
