4 0.402 0.417 0.16 0.172
4 0.567 0.342 0.163 0.201
2 0.322 0.514 0.218 0.304
2 0.682 0.492 0.093 0.15
2 0.802 0.589 0.259 0.259
2 0.135 0.584 0.27 0.394
2 0.544 0.564 0.305 0.366
11 0.1 0.16 0.043 0.082
11 0.1 0.237 0.05 0.081
11 0.101 0.289 0.053 0.026
11 0.108 0.323 0.021 0.041
11 0.422 0.266 0.018 0.026
11 0.345 0.113 0.013 0.066
11 0.719 0.367 0.066 0.058
11 0.748 0.338 0.039 0.022
11 0.724 0.35 0.02 0.021
11 0.726 0.386 0.035 0.039
11 0.779 0.344 0.012 0.022
11 0.811 0.343 0.032 0.028
11 0.764 0.418 0.008 0.017
8 0.689 0.345 0.011 0.041
10 0.684 0.347 0.005 0.034
10 0.762 0.383 0.008 0.026
8 0.769 0.392 0.008 0.026
11 0.733 0.451 0.016 0.045
