7 0.449 0.05 0.017 0.073
7 0.154 0.231 0.025 0.043
7 0.899 0.311 0.029 0.045
8 0.863 0.31 0.011 0.026
11 0.168 0.181 0.019 0.062
11 0.177 0.139 0.037 0.021
11 0.177 0.027 0.056 0.054
11 0.871 0.265 0.035 0.026
11 0.896 0.207 0.023 0.023
11 0.884 0.073 0.04 0.051
11 0.835 0.091 0.044 0.075
11 0.645 0.333 0.014 0.034
7 0.563 0.32 0.01 0.028
7 0.491 0.315 0.008 0.019
2 0.511 0.374 0.037 0.068
2 0.479 0.37 0.019 0.03
2 0.445 0.372 0.052 0.077
2 0.412 0.375 0.018 0.032
2 0.394 0.362 0.031 0.045
4 0.31 0.321 0.13 0.245
0 0.218 0.354 0.024 0.117
11 0.574 0.332 0.012 0.011
11 0.58 0.35 0.016 0.009
2 0.578 0.385 0.031 0.043
2 0.601 0.395 0.023 0.034
2 0.617 0.394 0.031 0.053
2 0.637 0.404 0.038 0.064
2 0.664 0.416 0.05 0.075
2 0.735 0.441 0.11 0.103
7 0.742 0.015 0.022 0.018
