11 0.863 0.234 0.024 0.032
11 0.651 0.321 0.022 0.028
11 0.451 0.386 0.005 0.014
11 0.44 0.402 0.008 0.015
11 0.46 0.384 0.012 0.009
11 0.598 0.343 0.023 0.01
10 0.47 0.383 0.006 0.014
10 0.636 0.376 0.009 0.019
2 0.559 0.409 0.015 0.015
2 0.566 0.435 0.022 0.046
2 0.533 0.45 0.054 0.097
2 0.62 0.465 0.065 0.091
2 0.661 0.465 0.024 0.076
2 0.72 0.462 0.107 0.151
2 0.836 0.468 0.183 0.232
2 0.913 0.547 0.173 0.283
3 0.489 0.408 0.036 0.046
2 0.471 0.43 0.023 0.015
2 0.448 0.432 0.022 0.019
2 0.424 0.434 0.015 0.015
2 0.442 0.454 0.028 0.056
2 0.417 0.477 0.052 0.085
2 0.376 0.437 0.019 0.028
2 0.375 0.5 0.068 0.1
2 0.49 0.512 0.117 0.169
2 0.119 0.534 0.055 0.149
3 0.23 0.494 0.23 0.292
2 0.059 0.592 0.115 0.36
