7 0.982 0.182 0.018 0.069
10 0.876 0.235 0.014 0.047
10 0.864 0.234 0.011 0.052
8 0.813 0.178 0.019 0.052
8 0.763 0.147 0.017 0.059
11 0.5 0.229 0.02 0.021
11 0.844 0.371 0.019 0.031
11 0.659 0.367 0.019 0.024
8 0.509 0.343 0.016 0.028
2 0.81 0.419 0.026 0.042
2 0.785 0.425 0.017 0.017
2 0.762 0.425 0.012 0.029
0 0.742 0.433 0.011 0.028
2 0.741 0.419 0.033 0.038
2 0.72 0.438 0.011 0.043
2 0.707 0.445 0.021 0.073
2 0.678 0.455 0.046 0.127
2 0.401 0.515 0.221 0.16
2 0.147 0.555 0.29 0.282
2 0.875 0.423 0.072 0.049
2 0.965 0.479 0.065 0.13
2 0.935 0.445 0.046 0.064
