2 0.233 0.507 0.158 0.184
2 0.41 0.519 0.147 0.201
2 0.334 0.468 0.044 0.071
2 0.301 0.472 0.03 0.064
2 0.466 0.45 0.017 0.049
0 0.964 0.469 0.03 0.114
0 0.643 0.469 0.018 0.073
0 0.627 0.464 0.012 0.062
0 0.661 0.468 0.016 0.082
0 0.676 0.45 0.008 0.03
0 0.839 0.478 0.042 0.135
0 0.844 0.484 0.031 0.129
0 0.594 0.472 0.017 0.075
0 0.522 0.46 0.012 0.043
11 0.508 0.373 0.012 0.02
11 0.507 0.391 0.012 0.024
11 0.507 0.41 0.012 0.015
11 0.743 0.344 0.024 0.039
11 0.776 0.289 0.038 0.054
11 0.777 0.353 0.041 0.062
10 0.314 0.412 0.01 0.02
10 0.315 0.411 0.007 0.022
10 0.327 0.396 0.007 0.022
10 0.393 0.389 0.007 0.018
10 0.438 0.4 0.012 0.013
