0 0.731 0.455 0.04 0.174
0 0.647 0.434 0.015 0.084
0 0.628 0.417 0.014 0.038
0 0.586 0.442 0.015 0.087
0 0.574 0.432 0.011 0.079
0 0.511 0.419 0.009 0.031
0 0.374 0.412 0.007 0.015
0 0.472 0.428 0.009 0.029
8 0.393 0.384 0.007 0.014
8 0.5 0.384 0.009 0.014
8 0.39 0.406 0.006 0.012
2 0.439 0.407 0.008 0.009
2 0.433 0.413 0.009 0.014
2 0.43 0.416 0.007 0.009
2 0.422 0.423 0.01 0.014
2 0.418 0.431 0.01 0.014
2 0.41 0.432 0.01 0.017
2 0.396 0.434 0.017 0.014
2 0.375 0.432 0.025 0.024
2 0.356 0.426 0.016 0.032
2 0.336 0.448 0.056 0.081
2 0.299 0.481 0.061 0.09
2 0.464 0.404 0.008 0.009
2 0.455 0.404 0.009 0.009
2 0.453 0.415 0.009 0.009
2 0.45 0.425 0.016 0.014
2 0.488 0.403 0.011 0.009
2 0.489 0.412 0.014 0.009
2 0.49 0.421 0.012 0.012
2 0.471 0.402 0.009 0.011
2 0.403 0.557 0.164 0.235
3 0.166 0.456 0.24 0.32
8 0.687 0.12 0.021 0.055
8 0.706 0.272 0.064 0.07
11 0.703 0.058 0.064 0.024
11 0.706 0.023 0.066 0.04
11 0.514 0.331 0.012 0.024
11 0.652 0.294 0.026 0.043
