2 0.903 0.547 0.035 0.025
2 0.903 0.578 0.034 0.07
2 0.81 0.566 0.035 0.066
2 0.765 0.571 0.073 0.089
2 0.709 0.549 0.045 0.016
2 0.66 0.564 0.064 0.066
2 0.593 0.552 0.081 0.049
2 0.954 0.592 0.037 0.089
2 0.926 0.546 0.009 0.011
2 0.945 0.54 0.01 0.009
2 0.487 0.577 0.108 0.094
2 0.585 0.585 0.095 0.082
2 0.709 0.591 0.082 0.087
2 0.851 0.575 0.087 0.114
2 0.973 0.616 0.054 0.185
7 0.297 0.427 0.02 0.071
11 0.067 0.136 0.026 0.055
11 0.031 0.132 0.028 0.114
11 0.23 0.491 0.02 0.035
11 0.231 0.529 0.02 0.045
