7 0.887 0.265 0.029 0.061
8 0.851 0.268 0.041 0.075
11 0.829 0.209 0.033 0.052
11 0.858 0.17 0.047 0.035
11 0.824 0.097 0.076 0.047
11 0.488 0.399 0.011 0.023
2 0.398 0.438 0.016 0.021
2 0.417 0.433 0.018 0.026
2 0.457 0.429 0.012 0.023
2 0.464 0.433 0.013 0.026
2 0.476 0.434 0.018 0.033
2 0.493 0.435 0.032 0.054
2 0.495 0.446 0.018 0.056
2 0.525 0.456 0.063 0.096
2 0.546 0.474 0.053 0.103
2 0.352 0.438 0.012 0.04
2 0.34 0.436 0.02 0.056
2 0.323 0.441 0.026 0.066
2 0.307 0.447 0.028 0.073
2 0.276 0.453 0.054 0.08
4 0.442 0.418 0.024 0.056
2 0.224 0.476 0.095 0.089
2 0.609 0.502 0.141 0.187
2 0.062 0.537 0.124 0.187
