7 0.249 0.07 0.016 0.072
7 0.638 0.143 0.01 0.05
7 0.463 0.288 0.005 0.015
7 0.552 0.291 0.006 0.014
7 0.534 0.304 0.007 0.011
7 0.528 0.313 0.007 0.009
7 0.498 0.306 0.007 0.012
8 0.253 0.3 0.007 0.017
8 0.927 0.203 0.011 0.04
11 0.119 0.075 0.077 0.042
11 0.479 0.31 0.012 0.009
11 0.446 0.311 0.012 0.011
11 0.568 0.294 0.017 0.012
11 0.689 0.169 0.054 0.029
11 0.736 0.213 0.015 0.012
11 0.736 0.225 0.02 0.015
11 0.724 0.243 0.025 0.02
11 0.582 0.31 0.011 0.012
11 0.407 0.308 0.01 0.023
11 0.419 0.304 0.009 0.012
11 0.258 0.295 0.009 0.012
11 0.258 0.307 0.014 0.011
11 0.25 0.263 0.024 0.018
2 0.576 0.375 0.066 0.099
2 0.609 0.346 0.028 0.05
2 0.655 0.357 0.068 0.075
2 0.524 0.342 0.036 0.043
2 0.494 0.394 0.109 0.146
2 0.431 0.352 0.028 0.035
2 0.391 0.358 0.018 0.046
2 0.376 0.365 0.036 0.049
2 0.345 0.366 0.04 0.066
2 0.818 0.428 0.251 0.238
2 0.933 0.403 0.129 0.203
2 0.028 0.384 0.056 0.082
0 0.294 0.349 0.01 0.044
0 0.301 0.362 0.015 0.064
0 0.283 0.349 0.011 0.035
0 0.108 0.371 0.02 0.076
0 0.083 0.368 0.022 0.082
0 0.708 0.344 0.014 0.05
10 0.231 0.069 0.017 0.067
