11 0.029 0.109 0.049 0.103
11 0.37 0.319 0.017 0.079
11 0.799 0.222 0.028 0.035
11 0.77 0.24 0.022 0.028
11 0.781 0.281 0.034 0.059
11 0.774 0.323 0.019 0.028
11 0.785 0.357 0.013 0.059
7 0.766 0.404 0.013 0.04
10 0.794 0.407 0.026 0.035
0 0.08 0.476 0.029 0.121
0 0.11 0.469 0.027 0.121
0 0.182 0.473 0.021 0.132
0 0.521 0.505 0.02 0.108
0 0.878 0.54 0.024 0.112
5 0.6 0.507 0.038 0.059
11 0.305 0.409 0.008 0.015
11 0.306 0.424 0.009 0.011
2 0.285 0.421 0.024 0.035
2 0.968 0.554 0.059 0.162
10 0.125 0.078 0.017 0.075
10 0.086 0.068 0.018 0.069
7 0.105 0.072 0.028 0.086
11 0.019 0.179 0.039 0.037
