7 0.816 0.346 0.017 0.026
7 0.437 0.38 0.009 0.033
7 0.451 0.438 0.008 0.021
7 0.39 0.371 0.009 0.037
8 0.172 0.429 0.012 0.023
10 0.835 0.304 0.018 0.054
10 0.818 0.307 0.016 0.042
10 0.178 0.284 0.017 0.042
10 0.068 0.325 0.009 0.035
10 0.053 0.331 0.013 0.056
11 0.149 0.51 0.013 0.035
11 0.164 0.39 0.024 0.037
11 0.146 0.361 0.022 0.019
11 0.525 0.391 0.011 0.021
11 0.534 0.428 0.013 0.012
11 0.582 0.429 0.015 0.023
11 0.584 0.457 0.012 0.028
11 0.331 0.426 0.04 0.054
11 0.303 0.426 0.013 0.016
11 0.344 0.472 0.015 0.019
11 0.572 0.425 0.017 0.033
0 0.169 0.544 0.026 0.07
0 0.037 0.531 0.018 0.045
0 0.889 0.456 0.019 0.044
0 0.856 0.521 0.025 0.175
0 0.82 0.544 0.032 0.178
0 0.882 0.542 0.059 0.23
2 0.332 0.501 0.026 0.021
2 0.29 0.514 0.036 0.033
2 0.242 0.514 0.027 0.028
2 0.435 0.5 0.044 0.037
3 0.38 0.482 0.029 0.03
4 0.303 0.494 0.033 0.054
2 0.36 0.529 0.047 0.077
2 0.479 0.504 0.033 0.052
2 0.418 0.557 0.098 0.157
