2 0.175 0.589 0.35 0.458
2 0.951 0.594 0.097 0.279
2 0.349 0.468 0.14 0.207
2 0.437 0.435 0.078 0.139
2 0.486 0.419 0.035 0.061
2 0.815 0.497 0.206 0.201
2 0.693 0.466 0.09 0.132
2 0.66 0.43 0.055 0.107
2 0.568 0.525 0.184 0.29
11 0.345 0.32 0.028 0.017
11 0.504 0.329 0.019 0.012
11 0.601 0.279 0.012 0.021
11 0.6 0.301 0.016 0.026
11 0.638 0.349 0.012 0.01
11 0.582 0.365 0.008 0.017
11 0.571 0.351 0.008 0.021
11 0.603 0.324 0.016 0.014
7 0.479 0.342 0.007 0.025
7 0.52 0.323 0.005 0.025
7 0.546 0.357 0.01 0.026
7 0.573 0.373 0.007 0.008
