7 0.598 0.23 0.01 0.041
7 0.462 0.273 0.009 0.041
7 0.397 0.264 0.008 0.031
7 0.234 0.275 0.009 0.045
7 0.02 0.117 0.026 0.093
10 0.585 0.24 0.009 0.033
10 0.607 0.24 0.007 0.033
10 0.39 0.258 0.006 0.025
10 0.005 0.134 0.01 0.056
10 0.693 0.325 0.013 0.019
11 0.691 0.302 0.014 0.014
11 0.324 0.235 0.034 0.072
11 0.327 0.37 0.014 0.029
11 0.328 0.4 0.013 0.023
0 0.879 0.366 0.013 0.056
2 0.369 0.375 0.017 0.031
2 0.387 0.379 0.023 0.052
2 0.342 0.367 0.016 0.031
2 0.31 0.356 0.014 0.021
2 0.294 0.355 0.01 0.019
2 0.282 0.363 0.015 0.014
2 0.285 0.38 0.013 0.033
2 0.255 0.359 0.012 0.014
2 0.243 0.359 0.013 0.019
2 0.232 0.366 0.012 0.012
2 0.241 0.376 0.017 0.025
2 0.321 0.399 0.048 0.058
2 0.175 0.379 0.024 0.039
2 0.22 0.374 0.017 0.025
2 0.265 0.396 0.038 0.052
2 0.195 0.397 0.038 0.049
2 0.665 0.382 0.094 0.076
2 0.819 0.446 0.13 0.142
2 0.705 0.462 0.184 0.181
2 0.942 0.372 0.068 0.047
2 0.973 0.382 0.024 0.031
4 0.126 0.388 0.074 0.08
2 0.497 0.491 0.251 0.39
3 0.037 0.387 0.075 0.19
2 0.953 0.516 0.091 0.534
10 0.996 0.18 0.008 0.072
