11 0.253 0.363 0.27 0.255
11 0.495 0.428 0.21 0.202
11 0.564 0.336 0.06 0.05
11 0.491 0.54 0.211 0.077
11 0.607 0.667 0.042 0.099
11 0.613 0.557 0.042 0.062
11 0.934 0.313 0.107 0.331
11 0.046 0.349 0.091 0.255
11 0.301 0.719 0.012 0.028
11 0.297 0.77 0.012 0.022
11 0.297 0.793 0.008 0.017
11 0.147 0.798 0.017 0.035
11 0.428 0.758 0.021 0.031
11 0.435 0.799 0.044 0.059
11 0.533 0.737 0.017 0.037
11 0.529 0.77 0.015 0.022
11 0.531 0.787 0.009 0.02
2 0.514 0.832 0.022 0.029
2 0.074 0.795 0.067 0.051
2 0.376 0.821 0.023 0.029
2 0.346 0.811 0.035 0.05
2 0.481 0.847 0.044 0.081
2 0.224 0.803 0.022 0.022
2 0.253 0.828 0.062 0.073
2 0.611 0.85 0.012 0.033
2 0.752 0.868 0.04 0.039
2 0.816 0.876 0.054 0.051
2 0.861 0.867 0.036 0.04
11 0.247 0.502 0.277 0.097
2 0.897 0.868 0.039 0.048
2 0.961 0.906 0.054 0.059
2 0.95 0.87 0.021 0.043
