2 0.009 0.435 0.019 0.073
2 0.936 0.652 0.126 0.334
2 0.242 0.427 0.059 0.064
2 0.843 0.54 0.313 0.306
2 0.049 0.428 0.078 0.076
2 0.107 0.427 0.06 0.069
2 0.143 0.422 0.042 0.06
2 0.172 0.414 0.034 0.055
2 0.203 0.415 0.019 0.051
2 0.219 0.41 0.016 0.03
2 0.678 0.465 0.174 0.22
2 0.581 0.453 0.081 0.122
2 0.538 0.435 0.071 0.107
2 0.505 0.437 0.016 0.054
2 0.5 0.428 0.034 0.058
2 0.489 0.423 0.031 0.069
2 0.47 0.419 0.017 0.044
2 0.463 0.415 0.015 0.04
2 0.451 0.41 0.018 0.039
2 0.44 0.41 0.017 0.032
2 0.43 0.406 0.011 0.025
1 0.391 0.411 0.007 0.012
5 0.392 0.419 0.005 0.014
4 0.387 0.399 0.012 0.028
4 0.373 0.403 0.01 0.017
