2 0.368 0.554 0.02 0.037
2 0.391 0.551 0.032 0.043
2 0.347 0.559 0.038 0.043
2 0.274 0.562 0.053 0.066
2 0.223 0.584 0.065 0.076
2 0.166 0.594 0.084 0.101
2 0.08 0.596 0.104 0.113
2 0.036 0.625 0.072 0.303
2 0.426 0.549 0.026 0.025
2 0.45 0.547 0.019 0.025
2 0.486 0.549 0.014 0.025
2 0.494 0.555 0.014 0.035
2 0.507 0.553 0.021 0.052
2 0.521 0.56 0.026 0.054
2 0.535 0.566 0.035 0.049
2 0.568 0.573 0.052 0.064
2 0.572 0.577 0.041 0.076
2 0.622 0.584 0.095 0.122
2 0.686 0.61 0.111 0.155
4 0.846 0.635 0.288 0.278
2 0.947 0.777 0.102 0.258
7 0.457 0.497 0.009 0.019
7 0.488 0.522 0.008 0.019
8 0.5 0.514 0.008 0.016
