2 0.569 0.486 0.026 0.022
2 0.556 0.497 0.017 0.026
2 0.588 0.499 0.022 0.026
2 0.445 0.497 0.049 0.05
2 0.365 0.516 0.032 0.042
2 0.334 0.514 0.042 0.061
2 0.293 0.516 0.064 0.073
2 0.236 0.516 0.076 0.077
2 0.104 0.526 0.093 0.086
2 0.6 0.507 0.019 0.039
2 0.618 0.511 0.031 0.051
2 0.635 0.521 0.026 0.061
2 0.651 0.524 0.037 0.07
2 0.676 0.528 0.052 0.093
2 0.709 0.537 0.066 0.105
2 0.743 0.555 0.095 0.141
2 0.842 0.583 0.183 0.224
2 0.927 0.598 0.143 0.31
2 0.033 0.526 0.064 0.108
11 0.46 0.411 0.033 0.081
11 0.414 0.431 0.035 0.061
