2 0.493 0.441 0.022 0.017
2 0.492 0.463 0.025 0.036
4 0.587 0.441 0.023 0.056
2 0.542 0.481 0.093 0.189
2 0.455 0.487 0.048 0.066
2 0.415 0.47 0.046 0.036
2 0.368 0.482 0.056 0.08
2 0.664 0.493 0.145 0.291
2 0.901 0.539 0.195 0.245
2 0.293 0.459 0.033 0.073
0 0.349 0.463 0.007 0.027
0 0.345 0.467 0.01 0.036
0 0.339 0.473 0.008 0.039
0 0.333 0.471 0.008 0.039
0 0.326 0.469 0.005 0.034
0 0.315 0.456 0.008 0.024
0 0.322 0.475 0.012 0.056
0 0.29 0.481 0.01 0.058
0 0.282 0.484 0.018 0.075
0 0.271 0.465 0.01 0.027
0 0.266 0.478 0.019 0.063
0 0.259 0.48 0.011 0.051
0 0.242 0.472 0.011 0.056
0 0.23 0.467 0.012 0.036
0 0.212 0.481 0.014 0.083
0 0.221 0.489 0.018 0.085
0 0.204 0.492 0.015 0.075
0 0.195 0.49 0.016 0.078
0 0.179 0.49 0.016 0.087
0 0.189 0.498 0.026 0.102
0 0.165 0.501 0.026 0.114
0 0.115 0.495 0.027 0.102
0 0.089 0.501 0.018 0.109
0 0.087 0.506 0.016 0.124
0 0.068 0.507 0.014 0.097
0 0.078 0.514 0.016 0.114
0 0.012 0.503 0.025 0.112
0 0.729 0.447 0.01 0.049
0 0.738 0.446 0.014 0.051
0 0.772 0.444 0.012 0.053
0 0.759 0.449 0.008 0.049
0 0.766 0.464 0.015 0.078
0 0.796 0.47 0.019 0.09
0 0.814 0.464 0.02 0.087
0 0.843 0.444 0.018 0.068
0 0.856 0.425 0.012 0.049
0 0.888 0.414 0.016 0.027
0 0.977 0.404 0.019 0.027
11 0.42 0.383 0.014 0.022
11 0.373 0.384 0.015 0.012
10 0.373 0.424 0.012 0.019
10 0.46 0.375 0.007 0.024
7 0.468 0.373 0.007 0.034
7 0.58 0.355 0.008 0.032
7 0.418 0.433 0.007 0.032
