2 0.07 0.715 0.141 0.303
2 0.454 0.527 0.018 0.023
2 0.433 0.532 0.022 0.042
2 0.41 0.544 0.035 0.062
2 0.389 0.559 0.033 0.056
2 0.368 0.569 0.05 0.073
2 0.319 0.579 0.066 0.083
2 0.219 0.61 0.154 0.198
2 0.474 0.534 0.015 0.034
2 0.489 0.547 0.014 0.041
2 0.502 0.552 0.012 0.036
2 0.513 0.555 0.008 0.034
2 0.526 0.558 0.016 0.047
2 0.543 0.56 0.018 0.045
2 0.562 0.561 0.019 0.044
2 0.574 0.569 0.022 0.066
2 0.597 0.578 0.019 0.072
2 0.626 0.582 0.06 0.077
2 0.723 0.588 0.134 0.148
11 0.52 0.522 0.01 0.02
2 0.895 0.644 0.207 0.264
