0 0.736 0.455 0.023 0.092
0 0.755 0.457 0.022 0.095
0 0.794 0.455 0.021 0.099
0 0.81 0.456 0.024 0.086
0 0.826 0.467 0.032 0.11
0 0.89 0.47 0.028 0.136
0 0.927 0.483 0.028 0.122
0 0.989 0.488 0.018 0.223
1 0.529 0.434 0.066 0.273
5 0.529 0.509 0.061 0.217
2 0.491 0.419 0.023 0.064
2 0.479 0.426 0.018 0.056
2 0.452 0.427 0.055 0.084
2 0.437 0.445 0.056 0.075
4 0.029 0.426 0.056 0.139
2 0.224 0.411 0.355 0.61
4 0.635 0.344 0.197 0.378
11 0.804 0.158 0.014 0.065
11 0.925 0.244 0.037 0.017
11 0.921 0.259 0.023 0.013
10 0.521 0.119 0.018 0.065
7 0.501 0.115 0.015 0.058
8 0.922 0.352 0.019 0.034
8 0.294 0.893 0.008 0.006
2 0.864 0.439 0.077 0.061
