7 0.353 0.366 0.008 0.025
10 0.344 0.369 0.01 0.032
7 0.453 0.375 0.008 0.03
10 0.303 0.462 0.01 0.02
10 0.235 0.448 0.011 0.022
11 0.488 0.391 0.029 0.025
11 0.888 0.2 0.039 0.047
2 0.393 0.498 0.01 0.02
2 0.384 0.497 0.008 0.022
2 0.376 0.497 0.01 0.022
2 0.37 0.498 0.008 0.03
2 0.359 0.498 0.015 0.04
2 0.359 0.503 0.011 0.03
2 0.453 0.494 0.011 0.027
2 0.469 0.494 0.027 0.037
2 0.503 0.494 0.042 0.06
2 0.579 0.504 0.09 0.11
2 0.343 0.504 0.028 0.045
2 0.426 0.495 0.014 0.022
5 0.816 0.533 0.055 0.12
5 0.799 0.534 0.059 0.12
0 0.856 0.513 0.084 0.152
