7 0.286 0.551 0.004 0.025
7 0.376 0.541 0.004 0.02
10 0.29 0.548 0.006 0.023
10 0.282 0.551 0.004 0.019
7 0.371 0.542 0.007 0.017
7 0.379 0.538 0.004 0.019
11 0.252 0.559 0.018 0.011
11 0.406 0.547 0.021 0.014
11 0.487 0.531 0.013 0.014
11 0.59 0.347 0.025 0.089
11 0.564 0.344 0.019 0.053
11 0.575 0.282 0.03 0.062
11 0.046 0.594 0.013 0.017
11 0.046 0.564 0.022 0.036
11 0.212 0.591 0.006 0.025
11 0.476 0.545 0.007 0.009
10 0.476 0.572 0.006 0.012
10 0.488 0.569 0.01 0.016
0 0.146 0.655 0.009 0.037
0 0.159 0.654 0.005 0.045
0 0.198 0.656 0.011 0.05
0 0.215 0.651 0.006 0.048
0 0.186 0.662 0.008 0.039
0 0.209 0.653 0.007 0.044
0 0.153 0.673 0.01 0.039
0 0.167 0.657 0.009 0.045
0 0.177 0.659 0.009 0.052
0 0.225 0.652 0.008 0.044
0 0.903 0.667 0.118 0.397
0 0.606 0.622 0.022 0.103
0 0.586 0.628 0.023 0.112
0 0.515 0.631 0.012 0.078
0 0.502 0.597 0.006 0.016
0 0.485 0.602 0.007 0.011
0 0.434 0.615 0.006 0.02
0 0.428 0.611 0.005 0.016
0 0.457 0.623 0.008 0.045
0 0.412 0.622 0.009 0.037
0 0.426 0.627 0.008 0.041
0 0.467 0.623 0.007 0.052
0 0.477 0.618 0.005 0.061
2 0.307 0.623 0.018 0.017
2 0.3 0.645 0.027 0.047
2 0.361 0.639 0.029 0.059
2 0.382 0.618 0.024 0.048
2 0.27 0.65 0.052 0.078
2 0.332 0.649 0.048 0.08
2 0.066 0.716 0.132 0.203
