8 0.12 0.312 0.025 0.041
8 0.55 0.296 0.018 0.029
8 0.597 0.288 0.014 0.024
8 0.696 0.396 0.015 0.024
8 0.662 0.422 0.011 0.02
8 0.572 0.384 0.01 0.018
8 0.445 0.401 0.01 0.027
7 0.543 0.322 0.014 0.024
7 0.587 0.315 0.013 0.018
11 0.635 0.303 0.044 0.018
11 0.068 0.194 0.057 0.033
2 0.38 0.448 0.042 0.031
2 0.196 0.45 0.025 0.027
2 0.158 0.447 0.017 0.024
2 0.441 0.47 0.05 0.071
2 0.607 0.449 0.07 0.077
2 0.68 0.494 0.071 0.118
2 0.749 0.519 0.127 0.202
2 0.88 0.6 0.234 0.644
2 0.524 0.49 0.14 0.226
2 0.311 0.473 0.156 0.098
