2 0.082 0.785 0.163 0.176
2 0.081 0.597 0.162 0.212
2 0.232 0.651 0.29 0.334
2 0.373 0.579 0.074 0.174
2 0.496 0.671 0.181 0.267
4 0.375 0.526 0.087 0.081
2 0.423 0.546 0.016 0.038
0 0.395 0.546 0.02 0.063
0 0.624 0.564 0.046 0.129
0 0.891 0.636 0.128 0.404
0 0.963 0.654 0.072 0.434
0 0.855 0.61 0.089 0.314
0 0.808 0.597 0.077 0.387
0 0.849 0.475 0.019 0.048
0 0.864 0.464 0.017 0.034
0 0.886 0.444 0.026 0.028
0 0.774 0.564 0.041 0.195
0 0.698 0.568 0.054 0.191
0 0.745 0.558 0.037 0.155
0 0.729 0.562 0.023 0.159
0 0.637 0.528 0.013 0.075
0 0.657 0.514 0.018 0.047
0 0.576 0.542 0.013 0.074
0 0.599 0.534 0.012 0.058
0 0.607 0.521 0.014 0.034
0 0.557 0.543 0.032 0.092
0 0.501 0.521 0.011 0.024
0 0.483 0.527 0.01 0.027
0 0.522 0.523 0.018 0.026
0 0.59 0.526 0.01 0.047
8 0.244 0.445 0.012 0.033
8 0.315 0.384 0.013 0.046
8 0.444 0.381 0.01 0.034
8 0.438 0.479 0.006 0.017
10 0.727 0.299 0.019 0.054
10 0.709 0.331 0.01 0.04
10 0.767 0.422 0.021 0.028
11 0.805 0.334 0.03 0.024
11 0.789 0.38 0.03 0.023
11 0.247 0.417 0.018 0.017
11 0.556 0.464 0.018 0.016
11 0.564 0.438 0.016 0.009
