2 0.03 0.566 0.06 0.116
2 0.258 0.543 0.063 0.087
2 0.517 0.551 0.027 0.037
2 0.361 0.533 0.014 0.029
2 0.389 0.537 0.016 0.033
4 0.264 0.492 0.042 0.015
2 0.293 0.545 0.009 0.046
2 0.298 0.542 0.012 0.031
2 0.303 0.541 0.011 0.029
2 0.3 0.535 0.027 0.042
2 0.317 0.538 0.007 0.027
2 0.324 0.536 0.007 0.019
2 0.328 0.539 0.012 0.021
2 0.489 0.531 0.035 0.052
2 0.463 0.537 0.014 0.025
2 0.45 0.534 0.016 0.031
2 0.438 0.534 0.019 0.027
2 0.427 0.533 0.012 0.025
2 0.415 0.529 0.012 0.027
8 0.125 0.458 0.021 0.025
8 0.293 0.286 0.012 0.056
8 0.885 0.359 0.015 0.06
8 0.867 0.478 0.016 0.033
8 0.662 0.045 0.02 0.089
7 0.637 0.06 0.022 0.1
7 0.693 0.047 0.025 0.094
7 0.863 0.369 0.019 0.064
7 0.281 0.29 0.015 0.056
7 0.309 0.29 0.012 0.06
7 0.345 0.497 0.007 0.021
7 0.378 0.504 0.006 0.019
10 0.913 0.37 0.016 0.058
11 0.248 0.302 0.063 0.029
11 0.815 0.029 0.05 0.058
