11 0.661 0.302 0.014 0.018
11 0.6 0.298 0.015 0.035
11 0.601 0.321 0.016 0.016
2 0.059 0.395 0.064 0.067
2 0.466 0.353 0.01 0.016
2 0.458 0.353 0.008 0.016
2 0.449 0.357 0.009 0.014
2 0.475 0.356 0.009 0.016
2 0.476 0.371 0.009 0.014
2 0.485 0.374 0.007 0.02
2 0.49 0.378 0.013 0.016
2 0.494 0.386 0.013 0.024
2 0.501 0.391 0.009 0.022
2 0.508 0.391 0.013 0.031
2 0.514 0.392 0.016 0.029
2 0.466 0.369 0.011 0.018
2 0.469 0.376 0.01 0.016
2 0.454 0.37 0.008 0.016
2 0.435 0.362 0.014 0.016
2 0.445 0.375 0.014 0.014
2 0.427 0.375 0.009 0.018
2 0.42 0.376 0.01 0.016
2 0.419 0.38 0.011 0.012
2 0.412 0.382 0.011 0.016
10 0.608 0.345 0.016 0.02
10 0.516 0.27 0.006 0.027
10 0.504 0.269 0.005 0.024
10 0.335 0.265 0.006 0.024
7 0.326 0.264 0.007 0.031
2 0.55 0.395 0.03 0.035
7 0.553 0.309 0.007 0.027
2 0.649 0.417 0.101 0.118
5 0.675 0.438 0.057 0.104
2 0.744 0.461 0.137 0.153
2 0.593 0.411 0.059 0.09
2 0.568 0.415 0.024 0.065
2 0.384 0.387 0.024 0.027
2 0.375 0.392 0.013 0.024
2 0.362 0.39 0.014 0.033
2 0.361 0.389 0.011 0.031
2 0.354 0.391 0.015 0.031
2 0.337 0.388 0.024 0.033
2 0.326 0.394 0.018 0.033
2 0.305 0.386 0.038 0.053
2 0.29 0.396 0.041 0.041
2 0.404 0.388 0.02 0.029
2 0.436 0.381 0.013 0.022
2 0.45 0.389 0.016 0.018
2 0.476 0.392 0.015 0.02
11 0.669 0.339 0.016 0.01
11 0.551 0.343 0.014 0.01
11 0.212 0.292 0.011 0.01
2 0.883 0.482 0.23 0.314
7 0.511 0.269 0.008 0.031
2 0.031 0.412 0.061 0.098
11 0.22 0.32 0.017 0.016
8 0.209 0.339 0.011 0.024
