11 0.729 0.399 0.027 0.052
11 0.207 0.508 0.028 0.018
7 0.426 0.419 0.008 0.039
7 0.664 0.364 0.013 0.051
10 0.654 0.375 0.017 0.056
8 0.198 0.548 0.014 0.028
0 0.011 0.591 0.021 0.072
0 0.027 0.589 0.011 0.034
0 0.044 0.584 0.017 0.024
0 0.066 0.586 0.011 0.018
0 0.21 0.616 0.011 0.036
0 0.361 0.607 0.004 0.015
0 0.356 0.608 0.005 0.015
0 0.366 0.609 0.006 0.033
0 0.348 0.619 0.013 0.056
0 0.34 0.619 0.007 0.042
0 0.334 0.632 0.011 0.085
0 0.316 0.638 0.012 0.096
0 0.285 0.631 0.012 0.08
0 0.266 0.627 0.008 0.065
0 0.243 0.611 0.007 0.033
0 0.221 0.626 0.013 0.059
0 0.232 0.63 0.015 0.082
0 0.252 0.639 0.017 0.103
0 0.27 0.636 0.014 0.114
0 0.302 0.634 0.018 0.114
0 0.99 0.628 0.012 0.054
0 0.974 0.609 0.009 0.026
0 0.966 0.61 0.008 0.031
0 0.938 0.612 0.008 0.023
0 0.947 0.644 0.016 0.096
0 0.915 0.643 0.017 0.095
0 0.935 0.641 0.02 0.115
0 0.962 0.644 0.023 0.113
0 0.982 0.662 0.032 0.103
2 0.664 0.624 0.024 0.042
2 0.677 0.639 0.03 0.052
2 0.424 0.642 0.126 0.209
2 0.128 0.705 0.256 0.248
2 0.562 0.669 0.217 0.429
2 0.799 0.678 0.236 0.326
