7 0.444 0.406 0.008 0.023
7 0.548 0.395 0.007 0.026
7 0.56 0.436 0.007 0.019
7 0.507 0.441 0.007 0.019
11 0.665 0.425 0.011 0.033
11 0.903 0.357 0.025 0.084
11 0.895 0.402 0.02 0.021
0 0.968 0.513 0.021 0.143
0 0.984 0.507 0.022 0.108
0 0.938 0.511 0.021 0.122
0 0.839 0.504 0.016 0.094
0 0.808 0.502 0.021 0.084
0 0.787 0.503 0.02 0.091
0 0.77 0.501 0.016 0.077
0 0.759 0.5 0.017 0.07
0 0.75 0.496 0.015 0.073
0 0.742 0.482 0.013 0.063
0 0.731 0.499 0.012 0.063
0 0.695 0.484 0.016 0.068
0 0.654 0.489 0.016 0.054
0 0.684 0.493 0.015 0.056
0 0.721 0.491 0.018 0.082
0 0.824 0.508 0.029 0.101
0 0.87 0.515 0.037 0.124
0 0.894 0.51 0.024 0.11
0 0.923 0.516 0.032 0.15
0 0.951 0.515 0.028 0.157
0 0.991 0.542 0.017 0.155
11 0.423 0.422 0.018 0.028
2 0.567 0.481 0.021 0.033
2 0.547 0.474 0.022 0.047
2 0.532 0.504 0.044 0.084
2 0.586 0.486 0.036 0.047
2 0.479 0.522 0.091 0.152
2 0.241 0.504 0.219 0.262
