7 0.33 0.044 0.014 0.071
7 0.349 0.058 0.014 0.067
7 0.465 0.04 0.013 0.071
7 0.61 0.081 0.012 0.054
7 0.18 0.163 0.009 0.064
10 0.447 0.049 0.015 0.052
10 0.484 0.092 0.014 0.05
10 0.468 0.09 0.014 0.044
10 0.19 0.162 0.012 0.042
10 0.201 0.069 0.014 0.054
8 0.174 0.248 0.016 0.021
8 0.516 0.25 0.007 0.017
8 0.546 0.254 0.012 0.017
8 0.628 0.293 0.012 0.029
10 0.115 0.025 0.021 0.05
11 0.81 0.219 0.015 0.044
11 0.809 0.252 0.019 0.017
11 0.735 0.345 0.027 0.042
11 0.739 0.39 0.025 0.044
11 0.636 0.18 0.019 0.023
11 0.631 0.202 0.019 0.021
11 0.634 0.233 0.018 0.033
11 0.636 0.264 0.013 0.029
11 0.581 0.253 0.014 0.023
11 0.558 0.235 0.012 0.021
11 0.452 0.252 0.012 0.025
11 0.462 0.224 0.014 0.019
11 0.464 0.251 0.018 0.031
11 0.038 0.202 0.054 0.087
11 0.626 0.321 0.009 0.019
11 0.072 0.037 0.029 0.075
11 0.075 0.116 0.03 0.083
11 0.174 0.208 0.016 0.017
11 0.73 0.047 0.084 0.089
2 0.981 0.329 0.036 0.1
2 0.983 0.345 0.029 0.083
2 0.909 0.332 0.111 0.131
2 0.818 0.335 0.145 0.129
2 0.656 0.315 0.03 0.04
3 0.698 0.302 0.059 0.058
2 0.324 0.336 0.122 0.085
2 0.14 0.401 0.279 0.399
11 0.655 0.282 0.011 0.015
2 0.494 0.453 0.303 0.445
