2 0.423 0.427 0.008 0.02
2 0.416 0.431 0.011 0.026
2 0.406 0.432 0.017 0.034
2 0.453 0.426 0.007 0.019
2 0.459 0.428 0.009 0.019
2 0.464 0.429 0.009 0.024
2 0.47 0.43 0.014 0.032
2 0.474 0.433 0.014 0.036
2 0.482 0.435 0.018 0.046
2 0.489 0.439 0.02 0.051
2 0.4 0.436 0.012 0.041
2 0.384 0.436 0.033 0.061
2 0.375 0.442 0.02 0.058
2 0.363 0.442 0.032 0.075
2 0.344 0.448 0.041 0.085
2 0.523 0.431 0.067 0.097
2 0.543 0.445 0.069 0.094
2 0.562 0.465 0.051 0.09
2 0.606 0.481 0.102 0.141
2 0.271 0.447 0.128 0.172
0 0.02 0.405 0.028 0.072
4 0.431 0.42 0.015 0.029
2 0.443 0.425 0.019 0.034
2 0.714 0.519 0.232 0.228
2 0.117 0.504 0.233 0.279
11 0.193 0.291 0.024 0.027
11 0.782 0.22 0.038 0.044
11 0.987 0.153 0.026 0.185
