10 0.12 0.296 0.014 0.045
10 0.083 0.344 0.013 0.036
7 0.038 0.396 0.01 0.036
8 0.184 0.248 0.027 0.17
10 0.207 0.256 0.015 0.158
10 0.202 0.375 0.015 0.04
10 0.172 0.377 0.019 0.043
11 0.219 0.463 0.018 0.031
11 0.186 0.038 0.036 0.028
11 0.187 0.074 0.039 0.033
11 0.19 0.116 0.032 0.045
9 0.034 0.469 0.013 0.019
9 0.012 0.495 0.014 0.016
10 0.677 0.345 0.01 0.028
8 0.666 0.338 0.009 0.038
11 0.827 0.335 0.021 0.016
11 0.838 0.357 0.019 0.014
11 0.791 0.4 0.02 0.014
11 0.793 0.421 0.019 0.021
11 0.738 0.419 0.016 0.01
8 0.445 0.375 0.008 0.053
8 0.545 0.42 0.008 0.01
10 0.274 0.461 0.009 0.01
10 0.417 0.416 0.004 0.016
8 0.728 0.441 0.007 0.014
9 0.499 0.429 0.005 0.017
10 0.368 0.431 0.006 0.016
11 0.626 0.406 0.014 0.009
11 0.337 0.478 0.01 0.017
2 0.377 0.509 0.015 0.038
2 0.356 0.51 0.03 0.043
2 0.33 0.511 0.033 0.045
2 0.287 0.52 0.023 0.045
2 0.133 0.513 0.021 0.017
2 0.154 0.515 0.018 0.021
2 0.677 0.492 0.048 0.061
2 0.528 0.65 0.407 0.433
2 0.867 0.675 0.264 0.34
0 0.168 0.523 0.01 0.047
0 0.106 0.529 0.006 0.042
0 0.006 0.545 0.012 0.062
0 0.058 0.53 0.015 0.066
0 0.095 0.524 0.015 0.057
2 0.029 0.532 0.025 0.029
2 0.116 0.52 0.015 0.023
5 0.213 0.527 0.015 0.029
0 0.302 0.551 0.033 0.177
0 0.258 0.549 0.04 0.17
0 0.181 0.563 0.035 0.154
0 0.97 0.458 0.01 0.026
0 0.864 0.473 0.016 0.057
0 0.844 0.472 0.021 0.068
2 0.878 0.484 0.017 0.04
2 0.9 0.484 0.051 0.038
0 0.977 0.484 0.02 0.049
