11 0.368 0.459 0.01 0.015
11 0.347 0.458 0.008 0.017
7 0.43 0.458 0.007 0.018
7 0.386 0.462 0.009 0.018
11 0.474 0.501 0.014 0.024
11 0.486 0.498 0.009 0.017
2 0.377 0.542 0.01 0.031
2 0.37 0.543 0.014 0.031
2 0.355 0.543 0.03 0.042
2 0.419 0.539 0.012 0.027
2 0.428 0.54 0.014 0.023
2 0.436 0.539 0.012 0.032
2 0.453 0.545 0.029 0.058
2 0.478 0.552 0.054 0.085
2 0.533 0.574 0.097 0.119
2 0.29 0.56 0.108 0.134
2 0.118 0.639 0.236 0.384
2 0.864 0.626 0.272 0.557
2 0.703 0.603 0.282 0.324
2 0.399 0.55 0.034 0.061
