11 0.161 0.286 0.033 0.025
0 0.162 0.397 0.011 0.039
0 0.153 0.397 0.011 0.045
0 0.143 0.435 0.014 0.119
0 0.123 0.405 0.015 0.07
0 0.098 0.411 0.02 0.1
0 0.066 0.403 0.023 0.107
0 0.048 0.402 0.018 0.093
0 0.019 0.391 0.026 0.102
8 0.132 0.32 0.009 0.024
7 0.373 0.219 0.008 0.045
7 0.653 0.232 0.011 0.056
10 0.635 0.232 0.013 0.054
11 0.474 0.426 0.009 0.02
0 0.46 0.466 0.005 0.023
0 0.469 0.466 0.006 0.024
0 0.486 0.469 0.007 0.028
0 0.496 0.472 0.007 0.034
2 0.269 0.465 0.276 0.34
4 0.429 0.435 0.065 0.133
2 0.514 0.487 0.028 0.074
2 0.663 0.522 0.325 0.367
2 0.935 0.576 0.129 0.21
0 0.829 0.55 0.013 0.1
