2 0.219 0.462 0.017 0.028
2 0.234 0.462 0.025 0.025
2 0.254 0.462 0.019 0.026
2 0.271 0.466 0.018 0.019
2 0.332 0.47 0.023 0.017
2 0.346 0.468 0.018 0.022
2 0.413 0.475 0.019 0.03
2 0.518 0.481 0.033 0.033
2 0.534 0.488 0.048 0.033
2 0.547 0.496 0.055 0.046
2 0.578 0.498 0.058 0.057
2 0.604 0.505 0.081 0.054
2 0.646 0.519 0.126 0.082
2 0.725 0.525 0.172 0.094
2 0.852 0.553 0.186 0.169
2 0.939 0.581 0.122 0.263
11 0.28 0.412 0.016 0.046
11 0.319 0.414 0.019 0.029
11 0.471 0.475 0.017 0.036
7 0.463 0.423 0.006 0.019
7 0.498 0.453 0.007 0.018
2 0.436 0.505 0.044 0.065
