0 0.189 0.545 0.054 0.151
0 0.234 0.546 0.076 0.148
0 0.328 0.543 0.028 0.078
0 0.298 0.548 0.023 0.058
0 0.276 0.546 0.023 0.063
0 0.38 0.548 0.018 0.046
0 0.358 0.554 0.016 0.034
0 0.418 0.564 0.009 0.015
0 0.523 0.598 0.043 0.136
0 0.531 0.597 0.057 0.137
0 0.579 0.628 0.015 0.082
0 0.667 0.678 0.061 0.311
0 0.598 0.624 0.015 0.111
8 0.723 0.317 0.012 0.078
8 0.331 0.447 0.026 0.056
7 0.332 0.444 0.027 0.059
10 0.705 0.332 0.015 0.064
8 0.591 0.529 0.014 0.04
8 0.709 0.543 0.011 0.032
8 0.759 0.567 0.011 0.023
8 0.738 0.564 0.008 0.021
11 0.365 0.323 0.051 0.029
11 0.356 0.291 0.014 0.023
11 0.61 0.446 0.027 0.024
11 0.656 0.384 0.008 0.049
2 0.752 0.615 0.036 0.041
2 0.728 0.619 0.011 0.031
2 0.716 0.608 0.015 0.024
2 0.706 0.606 0.012 0.029
2 0.302 0.777 0.594 0.421
2 0.85 0.714 0.293 0.563
