8 0.55 0.532 0.012 0.024
8 0.638 0.514 0.013 0.022
8 0.511 0.585 0.009 0.015
8 0.64 0.573 0.009 0.012
2 0.564 0.609 0.011 0.019
2 0.554 0.617 0.012 0.037
2 0.544 0.617 0.018 0.046
2 0.525 0.621 0.036 0.059
2 0.513 0.629 0.026 0.056
2 0.483 0.632 0.058 0.074
2 0.429 0.659 0.061 0.095
2 0.382 0.675 0.088 0.12
2 0.64 0.612 0.027 0.062
2 0.65 0.633 0.028 0.125
2 0.663 0.63 0.039 0.159
2 0.588 0.6 0.032 0.037
2 0.593 0.621 0.034 0.032
2 0.287 0.703 0.163 0.17
2 0.823 0.741 0.353 0.471
11 0.962 0.204 0.035 0.16
11 0.986 0.54 0.017 0.062
11 0.987 0.608 0.018 0.068
11 0.754 0.438 0.015 0.025
11 0.757 0.456 0.016 0.021
