11 0.5 0.412 0.019 0.009
11 0.498 0.428 0.025 0.021
2 0.975 0.662 0.049 0.146
2 0.965 0.572 0.069 0.18
4 0.938 0.48 0.119 0.26
2 0.73 0.529 0.114 0.116
2 0.472 0.521 0.09 0.14
4 0.621 0.482 0.093 0.125
2 0.6 0.517 0.047 0.061
2 0.548 0.519 0.056 0.071
2 0.099 0.471 0.199 0.173
2 0.009 0.427 0.014 0.033
2 0.203 0.488 0.043 0.068
2 0.267 0.484 0.087 0.069
2 0.344 0.491 0.048 0.033
2 0.372 0.501 0.013 0.014
2 0.387 0.502 0.014 0.016
4 0.336 0.471 0.05 0.075
4 0.347 0.413 0.031 0.016
4 0.388 0.413 0.029 0.016
4 0.447 0.44 0.078 0.215
2 0.552 0.476 0.034 0.012
