7 0.448 0.496 0.012 0.018
7 0.422 0.506 0.007 0.015
7 0.346 0.52 0.009 0.015
11 0.465 0.493 0.015 0.015
11 0.531 0.493 0.019 0.029
11 0.6 0.437 0.015 0.047
7 0.472 0.509 0.009 0.014
11 0.328 0.522 0.019 0.015
11 0.291 0.522 0.015 0.012
2 0.219 0.589 0.02 0.047
2 0.198 0.598 0.025 0.05
2 0.155 0.606 0.021 0.056
2 0.134 0.611 0.028 0.052
2 0.109 0.622 0.038 0.072
2 0.045 0.646 0.089 0.104
2 0.359 0.565 0.018 0.023
2 0.378 0.562 0.024 0.018
2 0.42 0.559 0.015 0.015
2 0.58 0.568 0.088 0.127
2 0.435 0.556 0.015 0.018
2 0.449 0.554 0.015 0.017
2 0.684 0.586 0.18 0.204
11 0.276 0.531 0.009 0.014
