7 0.82 0.168 0.018 0.03
9 0.83 0.347 0.016 0.036
9 0.8 0.35 0.012 0.034
8 0.509 0.402 0.007 0.019
8 0.463 0.401 0.008 0.017
2 0.471 0.432 0.012 0.032
2 0.459 0.433 0.014 0.038
2 0.444 0.427 0.016 0.026
2 0.424 0.421 0.019 0.023
2 0.369 0.445 0.029 0.045
2 0.349 0.444 0.022 0.026
2 0.294 0.459 0.026 0.073
2 0.218 0.515 0.137 0.164
2 0.329 0.473 0.056 0.077
2 0.022 0.653 0.044 0.196
2 0.488 0.424 0.012 0.021
2 0.499 0.427 0.008 0.026
2 0.509 0.423 0.012 0.023
2 0.525 0.433 0.019 0.021
2 0.542 0.444 0.018 0.038
2 0.428 0.537 0.151 0.205
2 0.602 0.51 0.138 0.183
11 0.808 0.279 0.029 0.043
11 0.812 0.202 0.04 0.028
11 0.815 0.083 0.042 0.051
11 0.815 0.038 0.041 0.03
2 0.874 0.632 0.252 0.369
0 0.976 0.424 0.034 0.064
