7 0.154 0.198 0.015 0.055
7 0.534 0.143 0.011 0.064
10 0.171 0.201 0.014 0.047
11 0.192 0.303 0.026 0.019
11 0.177 0.291 0.026 0.019
10 0.172 0.347 0.015 0.035
7 0.149 0.346 0.013 0.026
8 0.666 0.308 0.023 0.04
2 0.501 0.443 0.039 0.064
2 0.397 0.415 0.016 0.029
2 0.386 0.428 0.018 0.035
2 0.361 0.432 0.033 0.052
2 0.352 0.399 0.019 0.014
2 0.279 0.433 0.02 0.054
2 0.252 0.419 0.031 0.047
2 0.316 0.44 0.061 0.095
2 0.442 0.469 0.083 0.14
2 0.688 0.499 0.203 0.224
2 0.94 0.709 0.115 0.336
0 0.268 0.421 0.011 0.059
11 0.858 0.165 0.024 0.059
11 0.521 0.329 0.009 0.021
11 0.462 0.385 0.009 0.021
