7 0.245 0.142 0.018 0.073
7 0.495 0.204 0.012 0.056
7 0.848 0.305 0.012 0.053
7 0.346 0.395 0.007 0.02
11 0.334 0.415 0.023 0.019
11 0.495 0.36 0.047 0.087
11 0.494 0.28 0.038 0.019
11 0.491 0.152 0.021 0.041
11 0.85 0.244 0.024 0.027
11 0.848 0.209 0.022 0.028
11 0.736 0.36 0.011 0.037
11 0.752 0.366 0.016 0.019
10 0.16 0.408 0.005 0.02
10 0.153 0.407 0.006 0.019
11 0.036 0.364 0.034 0.077
11 0.136 0.352 0.048 0.031
11 0.094 0.434 0.022 0.019
4 0.268 0.465 0.06 0.097
0 0.527 0.455 0.014 0.072
2 0.611 0.519 0.179 0.255
11 0.793 0.491 0.052 0.103
2 0.091 0.557 0.182 0.194
7 0.861 0.364 0.018 0.033
10 0.839 0.367 0.011 0.026
11 0.849 0.343 0.026 0.019
10 0.355 0.438 0.012 0.021
11 0.363 0.424 0.015 0.012
11 0.365 0.386 0.015 0.03
11 0.364 0.356 0.016 0.03
11 0.222 0.426 0.017 0.016
