7 0.289 0.318 0.011 0.023
7 0.418 0.349 0.008 0.014
7 0.467 0.3 0.009 0.02
7 0.481 0.346 0.008 0.007
11 0.525 0.315 0.014 0.011
11 0.551 0.304 0.012 0.03
11 0.532 0.322 0.01 0.009
11 0.532 0.306 0.01 0.012
11 0.608 0.22 0.016 0.036
11 0.597 0.085 0.037 0.107
11 0.618 0.072 0.024 0.06
11 0.607 0.124 0.017 0.025
11 0.633 0.128 0.023 0.055
2 0.463 0.379 0.011 0.02
2 0.452 0.378 0.011 0.014
2 0.392 0.397 0.015 0.023
2 0.415 0.388 0.018 0.03
2 0.441 0.409 0.038 0.052
2 0.323 0.408 0.02 0.028
2 0.362 0.415 0.046 0.066
2 0.283 0.417 0.06 0.068
2 0.493 0.418 0.067 0.108
2 0.143 0.43 0.051 0.048
11 0.203 0.348 0.015 0.007
