7 0.264 0.259 0.013 0.054
7 0.466 0.329 0.011 0.042
7 0.226 0.474 0.017 0.023
7 0.601 0.438 0.016 0.021
10 0.28 0.259 0.016 0.054
10 0.477 0.333 0.011 0.037
10 0.707 0.381 0.016 0.045
10 0.692 0.373 0.021 0.047
11 0.675 0.341 0.016 0.026
11 0.696 0.286 0.046 0.019
11 0.678 0.258 0.011 0.019
11 0.581 0.394 0.025 0.019
11 0.242 0.419 0.025 0.021
11 0.223 0.399 0.026 0.019
11 0.669 0.322 0.041 0.028
2 0.493 0.499 0.011 0.021
2 0.504 0.495 0.017 0.042
2 0.512 0.51 0.011 0.04
2 0.314 0.531 0.021 0.04
2 0.347 0.557 0.071 0.096
4 0.387 0.496 0.075 0.134
4 0.236 0.585 0.17 0.204
2 0.846 0.476 0.049 0.056
2 0.716 0.582 0.237 0.309
0 0.88 0.442 0.018 0.035
2 0.454 0.538 0.069 0.11
2 0.538 0.495 0.047 0.108
2 0.089 0.644 0.14 0.218
2 0.03 0.706 0.061 0.427
2 0.871 0.72 0.257 0.558
