11 0.454 0.448 0.015 0.01
11 0.413 0.445 0.015 0.034
0 0.76 0.504 0.018 0.029
2 0.521 0.509 0.019 0.019
2 0.53 0.515 0.02 0.022
2 0.544 0.513 0.02 0.019
2 0.554 0.512 0.022 0.022
2 0.572 0.515 0.026 0.027
2 0.59 0.516 0.026 0.029
2 0.617 0.506 0.044 0.068
2 0.641 0.526 0.031 0.053
2 0.67 0.53 0.057 0.073
2 0.68 0.55 0.051 0.083
2 0.712 0.566 0.066 0.104
2 0.775 0.589 0.119 0.155
2 0.484 0.512 0.029 0.051
2 0.459 0.524 0.023 0.051
2 0.44 0.524 0.015 0.07
2 0.42 0.526 0.038 0.087
2 0.385 0.524 0.049 0.109
2 0.327 0.54 0.094 0.121
2 0.222 0.563 0.15 0.168
2 0.076 0.569 0.151 0.257
2 0.897 0.617 0.205 0.307
