7 0.341 0.319 0.011 0.041
10 0.352 0.318 0.01 0.039
10 0.451 0.373 0.005 0.027
7 0.438 0.381 0.005 0.019
9 0.165 0.438 0.004 0.022
11 0.156 0.364 0.036 0.015
11 0.181 0.385 0.034 0.015
11 0.531 0.446 0.018 0.012
11 0.542 0.434 0.014 0.01
11 0.598 0.391 0.031 0.017
9 0.604 0.448 0.005 0.022
2 0.465 0.529 0.012 0.032
2 0.492 0.536 0.037 0.041
2 0.544 0.568 0.046 0.085
2 0.6 0.563 0.111 0.109
2 0.746 0.588 0.243 0.233
2 0.364 0.529 0.012 0.022
2 0.352 0.531 0.012 0.027
2 0.339 0.546 0.019 0.041
2 0.43 0.527 0.011 0.012
2 0.392 0.547 0.045 0.044
2 0.092 0.591 0.184 0.204
2 0.907 0.581 0.184 0.248
4 0.255 0.518 0.149 0.223
