11 0.937 0.226 0.027 0.093
10 0.539 0.229 0.009 0.038
10 0.238 0.195 0.014 0.044
7 0.226 0.195 0.01 0.049
7 0.529 0.229 0.008 0.039
2 0.403 0.381 0.012 0.016
2 0.395 0.384 0.007 0.017
2 0.389 0.384 0.008 0.017
2 0.381 0.388 0.014 0.022
2 0.367 0.39 0.015 0.03
2 0.354 0.393 0.017 0.03
2 0.308 0.396 0.026 0.052
2 0.188 0.415 0.062 0.079
2 0.531 0.385 0.009 0.028
2 0.541 0.388 0.015 0.035
2 0.546 0.398 0.009 0.037
2 0.565 0.397 0.032 0.052
2 0.578 0.405 0.024 0.044
2 0.166 0.398 0.065 0.06
2 0.696 0.39 0.042 0.034
2 0.713 0.385 0.049 0.039
2 0.733 0.386 0.088 0.032
2 0.756 0.394 0.082 0.037
2 0.834 0.384 0.022 0.023
2 0.88 0.383 0.08 0.035
2 0.862 0.43 0.069 0.061
2 0.249 0.423 0.105 0.113
2 0.335 0.4 0.036 0.042
2 0.458 0.443 0.101 0.162
3 0.511 0.374 0.032 0.069
2 0.599 0.409 0.043 0.069
2 0.091 0.438 0.109 0.083
2 0.907 0.478 0.184 0.295
10 0.849 0.303 0.025 0.041
11 0.653 0.307 0.017 0.013
10 0.657 0.348 0.008 0.022
11 0.651 0.337 0.009 0.032
