11 0.198 0.447 0.021 0.016
11 0.197 0.427 0.016 0.019
11 0.625 0.379 0.011 0.03
11 0.283 0.457 0.012 0.014
11 0.283 0.475 0.012 0.016
11 0.283 0.49 0.009 0.019
2 0.243 0.535 0.016 0.028
2 0.201 0.534 0.037 0.026
2 0.087 0.535 0.062 0.047
2 0.162 0.54 0.024 0.037
4 0.272 0.518 0.024 0.033
2 0.344 0.52 0.018 0.016
2 0.408 0.527 0.012 0.021
2 0.415 0.524 0.013 0.021
2 0.423 0.528 0.012 0.023
2 0.431 0.529 0.009 0.026
2 0.439 0.53 0.012 0.037
2 0.448 0.532 0.016 0.037
2 0.462 0.529 0.018 0.045
2 0.482 0.528 0.038 0.056
2 0.368 0.528 0.013 0.023
2 0.524 0.534 0.066 0.087
