11 0.016 0.381 0.031 0.021
11 0.681 0.392 0.033 0.021
11 0.439 0.552 0.008 0.012
11 0.355 0.539 0.008 0.01
11 0.352 0.552 0.009 0.012
8 0.254 0.313 0.009 0.057
8 0.559 0.224 0.014 0.075
8 0.694 0.492 0.02 0.035
7 0.541 0.232 0.014 0.069
7 0.663 0.442 0.022 0.052
2 0.264 0.596 0.05 0.055
2 0.298 0.591 0.046 0.069
2 0.334 0.585 0.027 0.064
2 0.351 0.577 0.021 0.038
2 0.368 0.582 0.01 0.024
2 0.377 0.581 0.009 0.023
2 0.423 0.586 0.024 0.014
2 0.415 0.571 0.023 0.009
2 0.396 0.579 0.013 0.028
2 0.494 0.611 0.038 0.04
2 0.469 0.604 0.019 0.033
2 0.454 0.591 0.023 0.031
