11 0.189 0.282 0.075 0.034
11 0.055 0.176 0.063 0.08
7 0.306 0.311 0.017 0.036
7 0.387 0.403 0.017 0.027
7 0.514 0.447 0.008 0.011
7 0.591 0.442 0.011 0.014
7 0.868 0.307 0.024 0.03
8 0.984 0.401 0.018 0.052
2 0.56 0.504 0.016 0.033
2 0.549 0.502 0.016 0.038
2 0.539 0.501 0.041 0.048
2 0.511 0.505 0.021 0.047
2 0.494 0.505 0.03 0.034
2 0.475 0.506 0.017 0.03
2 0.446 0.506 0.049 0.08
2 0.582 0.501 0.032 0.036
2 0.603 0.497 0.013 0.03
2 0.629 0.51 0.042 0.066
2 0.653 0.502 0.018 0.025
2 0.749 0.564 0.241 0.252
2 0.904 0.513 0.179 0.203
2 0.38 0.565 0.113 0.153
0 0.271 0.541 0.025 0.08
0 0.323 0.532 0.019 0.074
0 0.25 0.54 0.026 0.106
0 0.214 0.55 0.018 0.097
0 0.178 0.563 0.036 0.155
0 0.13 0.57 0.042 0.166
