3 0.285 0.396 0.016 0.031
2 0.267 0.399 0.029 0.054
3 0.302 0.39 0.032 0.056
3 0.333 0.39 0.045 0.075
2 0.397 0.422 0.049 0.066
2 0.453 0.421 0.096 0.11
0 0.517 0.414 0.008 0.056
0 0.542 0.411 0.015 0.062
0 0.564 0.401 0.015 0.062
2 0.635 0.406 0.137 0.163
0 0.74 0.415 0.019 0.1
0 0.933 0.383 0.018 0.049
0 0.921 0.4 0.019 0.04
2 0.93 0.462 0.137 0.151
8 0.23 0.341 0.007 0.016
8 0.197 0.348 0.007 0.016
8 0.187 0.349 0.006 0.021
11 0.384 0.334 0.014 0.031
11 0.379 0.368 0.014 0.016
11 0.324 0.313 0.05 0.044
