7 0.365 0.098 0.011 0.082
7 0.578 0.161 0.011 0.055
7 0.805 0.325 0.015 0.03
7 0.24 0.32 0.02 0.027
10 0.387 0.099 0.015 0.066
8 0.78 0.324 0.008 0.028
11 0.297 0.163 0.096 0.023
11 0.661 0.167 0.088 0.03
11 0.785 0.25 0.031 0.02
2 0.475 0.401 0.009 0.028
2 0.513 0.405 0.022 0.037
2 0.534 0.4 0.017 0.03
2 0.465 0.397 0.013 0.021
2 0.444 0.41 0.034 0.055
2 0.411 0.401 0.028 0.059
4 0.366 0.366 0.065 0.062
4 0.498 0.372 0.025 0.032
2 0.493 0.41 0.028 0.052
2 0.575 0.422 0.085 0.139
0 0.185 0.443 0.055 0.128
0 0.155 0.429 0.022 0.103
0 0.208 0.418 0.016 0.085
0 0.228 0.416 0.011 0.044
0 0.223 0.396 0.013 0.062
0 0.239 0.409 0.012 0.044
0 0.031 0.4 0.03 0.055
0 0.723 0.431 0.038 0.114
0 0.932 0.447 0.038 0.128
0 0.968 0.437 0.034 0.112
0 0.899 0.459 0.017 0.06
0 0.81 0.441 0.023 0.114
0 0.721 0.443 0.011 0.11
0 0.796 0.438 0.021 0.114
0 0.886 0.439 0.029 0.108
0 0.991 0.441 0.017 0.107
2 0.038 0.479 0.077 0.142
2 0.329 0.507 0.233 0.267
2 0.921 0.662 0.157 0.32
0 0.696 0.401 0.018 0.041
