11 0.727 0.268 0.046 0.041
11 0.679 0.371 0.02 0.062
11 0.6 0.376 0.024 0.047
11 0.519 0.406 0.008 0.011
0 0.36 0.472 0.004 0.034
0 0.356 0.471 0.005 0.027
0 0.349 0.475 0.007 0.03
0 0.313 0.474 0.008 0.036
7 0.456 0.395 0.004 0.02
7 0.393 0.389 0.004 0.017
10 0.398 0.389 0.005 0.017
10 0.46 0.395 0.005 0.02
0 0.191 0.473 0.011 0.039
0 0.752 0.451 0.015 0.051
2 0.267 0.477 0.023 0.036
2 0.282 0.473 0.015 0.022
2 0.231 0.501 0.079 0.084
2 0.15 0.52 0.112 0.127
2 0.426 0.472 0.011 0.029
4 0.407 0.457 0.033 0.067
2 0.528 0.483 0.046 0.06
2 0.463 0.491 0.058 0.09
2 0.385 0.475 0.039 0.061
2 0.053 0.553 0.106 0.737
