3 0.124 0.572 0.249 0.284
2 0.281 0.609 0.079 0.092
2 0.339 0.601 0.052 0.073
2 0.371 0.604 0.022 0.05
2 0.398 0.608 0.05 0.069
2 0.502 0.6 0.021 0.042
2 0.519 0.595 0.014 0.019
2 0.457 0.616 0.081 0.133
2 0.981 0.633 0.036 0.069
2 0.916 0.609 0.097 0.088
2 0.851 0.607 0.074 0.073
2 0.799 0.609 0.047 0.05
2 0.766 0.599 0.06 0.057
2 0.724 0.6 0.041 0.05
2 0.698 0.602 0.022 0.036
2 0.683 0.6 0.019 0.035
2 0.643 0.598 0.016 0.028
2 0.63 0.597 0.012 0.026
2 0.622 0.598 0.013 0.021
2 0.613 0.593 0.013 0.017
2 0.582 0.599 0.015 0.019
0 0.954 0.63 0.028 0.064
0 0.739 0.598 0.012 0.059
11 0.654 0.445 0.045 0.054
0 0.552 0.598 0.006 0.024
