2 0.435 0.533 0.006 0.018
2 0.424 0.534 0.011 0.025
2 0.416 0.549 0.01 0.022
2 0.409 0.55 0.013 0.029
2 0.4 0.553 0.018 0.04
2 0.379 0.552 0.029 0.052
2 0.375 0.564 0.018 0.043
2 0.361 0.565 0.021 0.063
2 0.359 0.575 0.019 0.056
2 0.091 0.658 0.183 0.235
3 0.283 0.538 0.139 0.224
4 0.152 0.504 0.193 0.231
2 0.472 0.594 0.096 0.157
3 0.515 0.533 0.019 0.022
2 0.523 0.556 0.019 0.027
2 0.534 0.561 0.013 0.029
2 0.539 0.562 0.011 0.031
2 0.554 0.569 0.016 0.04
2 0.575 0.573 0.03 0.047
2 0.604 0.583 0.041 0.072
2 0.653 0.586 0.085 0.105
11 0.542 0.501 0.009 0.02
11 0.544 0.479 0.011 0.009
11 0.697 0.379 0.023 0.067
2 0.818 0.556 0.114 0.117
2 0.958 0.524 0.081 0.036
2 0.901 0.659 0.196 0.26
