11 0.266 0.281 0.179 0.121
11 0.444 0.284 0.05 0.035
11 0.441 0.334 0.092 0.085
11 0.667 0.228 0.027 0.052
11 0.665 0.287 0.037 0.079
11 0.664 0.344 0.027 0.044
11 0.664 0.384 0.023 0.031
11 0.662 0.419 0.022 0.044
11 0.571 0.404 0.025 0.058
11 0.568 0.46 0.023 0.054
11 0.494 0.474 0.018 0.033
11 0.466 0.476 0.035 0.029
11 0.396 0.462 0.025 0.042
11 0.394 0.499 0.012 0.017
11 0.05 0.267 0.099 0.11
11 0.026 0.197 0.051 0.04
4 0.283 0.483 0.056 0.112
4 0.213 0.461 0.028 0.04
4 0.234 0.468 0.022 0.046
2 0.194 0.481 0.012 0.029
2 0.218 0.505 0.047 0.071
2 0.266 0.527 0.066 0.085
2 0.355 0.518 0.043 0.071
2 0.399 0.52 0.028 0.033
2 0.445 0.553 0.106 0.146
2 0.073 0.488 0.029 0.044
2 0.178 0.487 0.027 0.058
2 0.135 0.512 0.111 0.137
2 0.044 0.533 0.087 0.208
