7 0.443 0.021 0.016 0.043
7 0.568 0.017 0.016 0.033
7 0.476 0.143 0.008 0.033
7 0.441 0.15 0.011 0.028
2 0.354 0.216 0.016 0.028
2 0.388 0.209 0.011 0.023
2 0.323 0.217 0.029 0.026
2 0.323 0.255 0.029 0.087
2 0.234 0.223 0.033 0.056
2 0.22 0.24 0.051 0.07
2 0.505 0.206 0.016 0.035
2 0.544 0.211 0.041 0.052
2 0.453 0.181 0.03 0.033
4 0.483 0.195 0.029 0.066
4 0.531 0.184 0.042 0.091
0 0.304 0.211 0.02 0.074
2 0.168 0.25 0.079 0.087
2 0.454 0.254 0.084 0.127
2 0.603 0.206 0.086 0.134
4 0.824 0.218 0.351 0.436
