2 0.324 0.425 0.013 0.028
2 0.312 0.421 0.017 0.035
2 0.298 0.426 0.018 0.03
2 0.279 0.425 0.028 0.037
2 0.25 0.427 0.03 0.042
2 0.202 0.428 0.073 0.054
2 0.143 0.429 0.025 0.023
2 0.109 0.428 0.057 0.073
2 0.05 0.429 0.074 0.094
2 0.013 0.441 0.025 0.087
2 0.336 0.412 0.011 0.019
3 0.368 0.405 0.047 0.033
2 0.453 0.407 0.017 0.021
2 0.461 0.408 0.011 0.019
2 0.472 0.404 0.013 0.026
2 0.485 0.403 0.018 0.023
2 0.517 0.41 0.02 0.028
2 0.529 0.408 0.018 0.028
2 0.544 0.405 0.024 0.047
2 0.555 0.41 0.018 0.028
2 0.571 0.407 0.021 0.04
2 0.584 0.404 0.021 0.04
2 0.599 0.404 0.032 0.049
2 0.619 0.404 0.03 0.054
2 0.651 0.396 0.054 0.08
2 0.701 0.404 0.083 0.101
2 0.884 0.434 0.17 0.136
2 0.972 0.474 0.053 0.122
11 0.812 0.266 0.02 0.026
