7 0.599 0.277 0.01 0.049
7 0.716 0.242 0.01 0.047
7 0.854 0.3 0.01 0.049
7 0.644 0.351 0.005 0.014
7 0.618 0.349 0.005 0.014
11 0.524 0.315 0.031 0.055
11 0.523 0.352 0.018 0.017
11 0.433 0.369 0.01 0.012
11 0.479 0.38 0.01 0.019
11 0.357 0.36 0.007 0.018
11 0.603 0.364 0.01 0.032
11 0.569 0.311 0.043 0.056
11 0.922 0.332 0.041 0.056
11 0.921 0.372 0.026 0.023
11 0.81 0.373 0.017 0.029
11 0.812 0.335 0.007 0.015
11 0.658 0.318 0.051 0.064
11 0.609 0.313 0.039 0.063
11 0.266 0.313 0.023 0.069
11 0.153 0.256 0.027 0.091
11 0.042 0.285 0.023 0.033
11 0.012 0.283 0.022 0.031
0 0.351 0.425 0.008 0.044
2 0.461 0.394 0.019 0.015
2 0.447 0.396 0.008 0.012
2 0.437 0.395 0.013 0.015
2 0.426 0.394 0.01 0.013
2 0.42 0.399 0.013 0.021
2 0.414 0.398 0.016 0.014
2 0.399 0.391 0.019 0.012
2 0.388 0.395 0.023 0.012
2 0.36 0.388 0.013 0.01
2 0.37 0.392 0.017 0.013
2 0.387 0.404 0.028 0.027
2 0.413 0.407 0.024 0.026
2 0.363 0.404 0.02 0.025
2 0.344 0.387 0.016 0.01
2 0.331 0.384 0.013 0.014
2 0.336 0.401 0.028 0.028
2 0.32 0.386 0.013 0.018
2 0.286 0.381 0.025 0.023
2 0.304 0.408 0.046 0.061
2 0.261 0.372 0.007 0.007
2 0.272 0.382 0.009 0.016
2 0.263 0.381 0.011 0.014
2 0.27 0.406 0.028 0.046
2 0.486 0.405 0.019 0.021
2 0.503 0.401 0.019 0.021
2 0.515 0.415 0.035 0.031
2 0.967 0.439 0.054 0.043
2 0.901 0.441 0.028 0.021
2 0.876 0.434 0.019 0.025
2 0.836 0.429 0.026 0.028
2 0.817 0.428 0.019 0.026
2 0.79 0.426 0.038 0.03
2 0.761 0.424 0.023 0.021
2 0.646 0.42 0.023 0.03
2 0.611 0.409 0.01 0.018
2 0.68 0.417 0.008 0.016
2 0.664 0.416 0.008 0.015
2 0.743 0.424 0.013 0.018
10 0.855 0.368 0.013 0.021
2 0.704 0.433 0.026 0.037
2 0.648 0.437 0.034 0.044
2 0.749 0.358 0.028 0.021
