11 0.535 0.2 0.018 0.054
11 0.552 0.276 0.031 0.019
11 0.734 0.161 0.02 0.042
11 0.736 0.197 0.051 0.038
11 0.534 0.296 0.018 0.019
9 0.119 0.191 0.011 0.034
9 0.421 0.153 0.009 0.042
9 0.391 0.327 0.002 0.018
9 0.386 0.352 0.004 0.012
10 0.408 0.153 0.012 0.049
10 0.712 0.168 0.016 0.072
2 0.361 0.371 0.013 0.019
2 0.404 0.383 0.015 0.03
2 0.373 0.386 0.034 0.05
2 0.389 0.41 0.037 0.06
2 0.22 0.392 0.032 0.048
2 0.187 0.391 0.051 0.111
2 0.476 0.429 0.155 0.284
2 0.3 0.436 0.169 0.283
2 0.8 0.464 0.395 0.404
10 0.741 0.265 0.028 0.042
10 0.71 0.266 0.016 0.053
11 0.006 0.258 0.011 0.014
11 0.009 0.273 0.018 0.011
2 0.099 0.403 0.199 0.26
