7 0.524 0.233 0.01 0.02
7 0.599 0.306 0.011 0.022
7 0.725 0.275 0.01 0.022
7 0.472 0.293 0.011 0.015
8 0.486 0.208 0.009 0.021
8 0.94 0.308 0.021 0.024
8 0.719 0.259 0.007 0.015
0 0.936 0.386 0.013 0.078
0 0.889 0.392 0.011 0.052
0 0.864 0.384 0.014 0.061
0 0.135 0.308 0.039 0.144
0 0.358 0.34 0.021 0.09
0 0.825 0.383 0.012 0.055
0 0.816 0.385 0.013 0.048
0 0.762 0.378 0.007 0.051
0 0.75 0.371 0.008 0.046
0 0.743 0.373 0.011 0.054
0 0.736 0.375 0.006 0.045
0 0.783 0.38 0.009 0.049
0 0.774 0.38 0.009 0.046
0 0.395 0.321 0.013 0.048
0 0.381 0.325 0.015 0.046
0 0.419 0.331 0.012 0.058
0 0.407 0.315 0.008 0.048
2 0.947 0.391 0.054 0.054
2 0.967 0.408 0.066 0.105
2 0.991 0.528 0.017 0.117
2 0.545 0.346 0.017 0.03
2 0.603 0.358 0.02 0.045
2 0.531 0.34 0.011 0.024
2 0.709 0.366 0.05 0.09
0 0.465 0.356 0.011 0.079
0 0.453 0.356 0.011 0.084
0 0.441 0.359 0.014 0.09
2 0.497 0.356 0.07 0.094
2 0.57 0.367 0.056 0.076
2 0.652 0.356 0.074 0.119
7 0.796 0.204 0.011 0.039
10 0.784 0.201 0.008 0.039
10 0.802 0.2 0.007 0.031
8 0.86 0.217 0.011 0.048
10 0.836 0.205 0.013 0.037
11 0.939 0.104 0.034 0.032
11 0.926 0.23 0.013 0.019
11 0.417 0.194 0.017 0.011
11 0.94 0.254 0.016 0.009
