7 0.414 0.477 0.006 0.023
7 0.263 0.487 0.006 0.021
10 0.269 0.486 0.005 0.027
10 0.408 0.48 0.004 0.03
10 0.148 0.432 0.006 0.025
10 0.13 0.49 0.014 0.014
10 0.222 0.519 0.006 0.014
2 0.311 0.546 0.011 0.027
2 0.301 0.554 0.024 0.036
2 0.27 0.536 0.027 0.036
2 0.276 0.566 0.038 0.062
2 0.239 0.539 0.036 0.023
2 0.237 0.59 0.053 0.085
2 0.219 0.617 0.035 0.112
0 0.086 0.536 0.016 0.036
2 0.15 0.623 0.121 0.179
2 0.069 0.514 0.039 0.023
2 0.062 0.503 0.054 0.025
2 0.054 0.639 0.109 0.272
2 0.416 0.566 0.034 0.044
2 0.431 0.584 0.024 0.039
2 0.448 0.593 0.036 0.057
2 0.487 0.56 0.033 0.025
2 0.474 0.614 0.054 0.073
4 0.555 0.637 0.131 0.162
0 0.655 0.617 0.018 0.052
2 0.851 0.808 0.297 0.316
3 0.359 0.548 0.055 0.101
11 0.251 0.485 0.017 0.014
11 0.433 0.474 0.011 0.011
0 0.754 0.62 0.037 0.069
11 0.131 0.442 0.015 0.01
11 0.139 0.471 0.015 0.012
