0 0.9 0.33 0.015 0.091
0 0.876 0.326 0.022 0.1
0 0.837 0.34 0.017 0.122
0 0.114 0.414 0.01 0.051
0 0.664 0.365 0.016 0.088
0 0.686 0.354 0.016 0.113
0 0.706 0.359 0.019 0.113
0 0.747 0.333 0.008 0.074
8 0.039 0.197 0.04 0.113
11 0.057 0.31 0.035 0.061
7 0.583 0.02 0.018 0.04
7 0.444 0.295 0.004 0.017
11 0.897 0.053 0.047 0.03
11 0.902 0.089 0.014 0.025
7 0.926 0.186 0.036 0.046
2 0.216 0.446 0.185 0.208
2 0.461 0.405 0.082 0.127
2 0.513 0.368 0.027 0.039
2 0.377 0.386 0.058 0.074
2 0.337 0.388 0.038 0.062
2 0.302 0.4 0.061 0.07
2 0.428 0.376 0.022 0.032
2 0.415 0.376 0.011 0.02
2 0.493 0.363 0.014 0.029
2 0.532 0.362 0.015 0.034
2 0.548 0.366 0.032 0.039
2 0.567 0.364 0.012 0.041
2 0.572 0.365 0.016 0.046
2 0.594 0.368 0.032 0.059
7 0.311 0.34 0.006 0.02
0 0.65 0.354 0.011 0.049
0 0.64 0.349 0.007 0.04
