0 0.554 0.472 0.009 0.041
0 0.565 0.476 0.014 0.041
0 0.574 0.478 0.01 0.037
11 0.689 0.345 0.031 0.041
2 0.398 0.454 0.011 0.02
2 0.371 0.455 0.021 0.021
2 0.276 0.459 0.022 0.027
2 0.249 0.468 0.029 0.037
2 0.21 0.477 0.044 0.034
2 0.617 0.476 0.021 0.028
2 0.641 0.477 0.038 0.052
2 0.649 0.487 0.023 0.057
2 0.66 0.489 0.036 0.055
2 0.699 0.494 0.039 0.068
2 0.742 0.494 0.092 0.085
2 0.911 0.529 0.179 0.178
2 0.807 0.525 0.078 0.105
2 0.809 0.464 0.039 0.021
2 0.986 0.578 0.027 0.126
2 0.48 0.458 0.012 0.014
2 0.428 0.488 0.045 0.06
