2 0.339 0.401 0.042 0.054
2 0.281 0.398 0.079 0.091
2 0.143 0.411 0.153 0.144
2 0.04 0.416 0.08 0.208
2 0.499 0.397 0.013 0.027
2 0.518 0.397 0.024 0.043
2 0.449 0.419 0.109 0.153
1 0.384 0.384 0.014 0.021
6 0.386 0.405 0.01 0.025
11 0.082 0.196 0.032 0.074
11 0.34 0.291 0.02 0.021
11 0.531 0.292 0.034 0.014
11 0.534 0.309 0.01 0.031
11 0.546 0.304 0.023 0.039
10 0.546 0.338 0.015 0.016
10 0.568 0.353 0.008 0.016
7 0.39 0.284 0.006 0.023
10 0.395 0.284 0.007 0.027
7 0.493 0.287 0.008 0.029
10 0.501 0.287 0.009 0.029
11 0.699 0.271 0.02 0.039
11 0.696 0.304 0.024 0.039
11 0.742 0.273 0.015 0.014
0 0.766 0.427 0.024 0.107
0 0.746 0.416 0.031 0.142
0 0.723 0.417 0.024 0.14
0 0.703 0.413 0.034 0.132
