11 0.609 0.412 0.029 0.056
8 0.276 0.421 0.016 0.029
8 0.413 0.429 0.009 0.017
8 0.342 0.456 0.011 0.017
8 0.328 0.454 0.011 0.021
8 0.355 0.454 0.009 0.017
8 0.366 0.454 0.006 0.017
8 0.378 0.453 0.011 0.019
2 0.365 0.481 0.03 0.029
2 0.419 0.483 0.05 0.079
2 0.492 0.529 0.034 0.062
2 0.521 0.528 0.048 0.094
2 0.554 0.54 0.07 0.104
2 0.607 0.548 0.062 0.133
2 0.692 0.543 0.18 0.164
2 0.891 0.647 0.215 0.248
2 0.461 0.507 0.029 0.056
2 0.345 0.477 0.014 0.029
2 0.302 0.485 0.039 0.048
2 0.33 0.488 0.023 0.037
2 0.256 0.488 0.034 0.05
2 0.236 0.479 0.028 0.037
2 0.213 0.48 0.028 0.052
2 0.195 0.487 0.042 0.069
2 0.159 0.505 0.075 0.102
