2 0.898 0.454 0.202 0.444
2 0.013 0.398 0.025 0.094
2 0.206 0.415 0.211 0.218
2 0.376 0.377 0.062 0.083
2 0.473 0.38 0.114 0.188
2 0.055 0.383 0.063 0.05
2 0.108 0.39 0.046 0.087
2 0.32 0.37 0.046 0.065
2 0.414 0.359 0.029 0.075
2 0.753 0.41 0.244 0.292
2 0.621 0.401 0.087 0.156
2 0.591 0.364 0.09 0.131
2 0.548 0.368 0.02 0.074
2 0.537 0.361 0.027 0.073
11 0.089 0.255 0.023 0.014
11 0.095 0.271 0.025 0.018
11 0.823 0.14 0.028 0.098
7 0.25 0.22 0.008 0.033
7 0.214 0.29 0.006 0.023
7 0.469 0.243 0.007 0.033
7 0.564 0.316 0.012 0.02
7 0.22 0.255 0.007 0.028
10 0.086 0.316 0.018 0.031
10 0.24 0.22 0.008 0.034
10 0.477 0.243 0.006 0.033
8 0.254 0.221 0.01 0.036
