7 0.245 0.375 0.009 0.044
7 0.39 0.372 0.012 0.046
8 0.383 0.496 0.004 0.019
8 0.403 0.498 0.007 0.019
8 0.404 0.523 0.005 0.023
8 0.423 0.526 0.006 0.025
8 0.215 0.522 0.007 0.021
8 0.196 0.519 0.007 0.023
11 0.202 0.489 0.012 0.029
11 0.451 0.449 0.013 0.011
11 0.643 0.463 0.011 0.027
11 0.351 0.524 0.009 0.017
2 0.419 0.55 0.009 0.01
2 0.433 0.551 0.009 0.012
2 0.4 0.551 0.011 0.017
2 0.384 0.554 0.011 0.015
2 0.187 0.566 0.043 0.05
2 0.128 0.572 0.037 0.037
2 0.14 0.575 0.047 0.04
2 0.082 0.579 0.051 0.048
2 0.41 0.554 0.012 0.019
2 0.026 0.582 0.05 0.058
0 0.509 0.563 0.011 0.069
0 0.475 0.566 0.011 0.058
0 0.489 0.565 0.012 0.052
0 0.5 0.574 0.011 0.058
0 0.555 0.57 0.012 0.054
0 0.226 0.546 0.008 0.035
0 0.214 0.551 0.008 0.029
