7 0.331 0.365 0.008 0.038
7 0.512 0.382 0.006 0.03
7 0.437 0.459 0.007 0.021
7 0.491 0.47 0.005 0.017
7 0.305 0.476 0.011 0.021
11 0.316 0.466 0.014 0.004
11 0.306 0.438 0.012 0.013
11 0.626 0.419 0.022 0.017
11 0.636 0.394 0.023 0.015
11 0.626 0.362 0.014 0.015
11 0.624 0.324 0.032 0.049
10 0.637 0.448 0.018 0.028
2 0.479 0.521 0.013 0.021
2 0.467 0.516 0.011 0.019
2 0.501 0.516 0.01 0.023
2 0.509 0.514 0.012 0.023
2 0.518 0.522 0.023 0.036
2 0.411 0.523 0.05 0.073
2 0.359 0.538 0.037 0.043
2 0.273 0.545 0.09 0.064
2 0.593 0.545 0.086 0.102
2 0.737 0.574 0.214 0.26
8 0.52 0.383 0.009 0.037
