10 0.723 0.409 0.019 0.061
10 0.684 0.255 0.026 0.076
7 0.684 0.311 0.041 0.073
10 0.032 0.547 0.009 0.014
10 0.02 0.546 0.016 0.019
8 0.263 0.53 0.011 0.023
7 0.793 0.552 0.004 0.014
7 0.726 0.536 0.005 0.017
11 0.463 0.513 0.012 0.019
11 0.637 0.544 0.016 0.024
11 0.634 0.51 0.023 0.043
11 0.279 0.448 0.015 0.014
11 0.028 0.527 0.018 0.01
11 0.682 0.405 0.04 0.092
11 0.493 0.542 0.014 0.005
2 0.267 0.603 0.058 0.047
2 0.361 0.601 0.036 0.04
3 0.219 0.575 0.176 0.085
2 0.724 0.599 0.019 0.033
2 0.759 0.601 0.014 0.033
2 0.854 0.604 0.011 0.02
2 0.892 0.606 0.017 0.012
2 0.395 0.604 0.059 0.062
2 0.707 0.604 0.028 0.039
2 0.787 0.609 0.057 0.076
2 0.99 0.657 0.018 0.087
11 0.072 0.52 0.02 0.04
2 0.483 0.597 0.026 0.021
2 0.744 0.595 0.012 0.012
2 0.821 0.603 0.008 0.014
