7 0.372 0.224 0.012 0.029
7 0.462 0.223 0.012 0.031
7 0.438 0.231 0.01 0.021
2 0.429 0.268 0.02 0.039
2 0.448 0.268 0.014 0.031
2 0.411 0.28 0.034 0.049
2 0.46 0.275 0.026 0.047
2 0.331 0.318 0.109 0.157
2 0.253 0.289 0.021 0.029
2 0.195 0.289 0.019 0.033
2 0.079 0.31 0.027 0.043
3 0.016 0.294 0.031 0.066
2 0.012 0.315 0.023 0.068
2 0.158 0.305 0.026 0.031
2 0.502 0.274 0.024 0.031
2 0.569 0.267 0.02 0.033
2 0.589 0.269 0.023 0.029
2 0.616 0.271 0.014 0.029
2 0.646 0.271 0.022 0.037
2 0.677 0.271 0.017 0.037
2 0.715 0.264 0.051 0.052
2 0.75 0.269 0.052 0.049
2 0.836 0.262 0.086 0.08
2 0.908 0.265 0.081 0.082
2 0.961 0.258 0.075 0.101
