2 0.076 0.488 0.152 0.421
2 0.181 0.443 0.209 0.259
2 0.296 0.413 0.118 0.189
2 0.35 0.414 0.043 0.104
2 0.373 0.408 0.045 0.088
2 0.402 0.398 0.026 0.075
2 0.42 0.397 0.027 0.044
2 0.432 0.39 0.016 0.043
2 0.442 0.392 0.009 0.034
2 0.451 0.384 0.019 0.031
2 0.472 0.384 0.017 0.034
2 0.562 0.411 0.022 0.056
2 0.57 0.419 0.021 0.055
2 0.597 0.43 0.059 0.088
2 0.639 0.442 0.07 0.122
2 0.508 0.428 0.112 0.204
2 0.724 0.464 0.175 0.206
10 0.442 0.337 0.003 0.014
7 0.439 0.335 0.004 0.015
11 0.14 0.164 0.034 0.04
