2 0.549 0.488 0.033 0.051
2 0.567 0.504 0.036 0.058
2 0.597 0.504 0.052 0.092
2 0.471 0.495 0.023 0.041
2 0.447 0.5 0.036 0.046
2 0.417 0.506 0.027 0.049
2 0.384 0.509 0.049 0.068
2 0.336 0.507 0.072 0.095
2 0.242 0.533 0.139 0.146
2 0.678 0.499 0.143 0.204
11 0.594 0.41 0.015 0.012
11 0.594 0.421 0.015 0.01
7 0.517 0.414 0.01 0.034
7 0.453 0.414 0.01 0.034
11 0.413 0.438 0.015 0.015
11 0.461 0.466 0.014 0.012
8 0.482 0.448 0.01 0.024
8 0.517 0.444 0.01 0.022
11 0.419 0.455 0.015 0.015
10 0.011 0.388 0.022 0.046
2 0.511 0.512 0.071 0.102
