7 0.341 0.137 0.013 0.079
8 0.114 0.357 0.016 0.027
8 0.084 0.362 0.019 0.029
2 0.58 0.395 0.011 0.02
2 0.565 0.395 0.008 0.009
2 0.534 0.401 0.011 0.018
2 0.511 0.408 0.028 0.021
2 0.476 0.414 0.018 0.025
2 0.388 0.438 0.032 0.041
2 0.33 0.449 0.072 0.082
2 0.256 0.466 0.113 0.102
8 0.345 0.363 0.011 0.02
2 0.165 0.453 0.032 0.054
2 0.059 0.438 0.046 0.052
2 0.6 0.396 0.011 0.018
2 0.614 0.401 0.014 0.018
2 0.636 0.4 0.017 0.038
8 0.622 0.381 0.006 0.014
2 0.661 0.41 0.027 0.032
2 0.7 0.419 0.041 0.064
2 0.738 0.428 0.081 0.082
4 0.433 0.407 0.071 0.112
