7 0.607 0.532 0.01 0.016
7 0.605 0.555 0.01 0.016
7 0.589 0.55 0.008 0.011
7 0.567 0.546 0.009 0.016
7 0.557 0.556 0.007 0.02
7 0.529 0.562 0.007 0.017
7 0.521 0.556 0.007 0.027
7 0.485 0.55 0.008 0.023
7 0.464 0.536 0.011 0.023
11 0.447 0.534 0.021 0.02
11 0.416 0.519 0.016 0.028
11 0.786 0.517 0.02 0.039
11 0.63 0.532 0.021 0.019
7 0.133 0.09 0.027 0.134
2 0.46 0.601 0.037 0.041
2 0.417 0.619 0.033 0.047
0 0.054 0.66 0.017 0.091
0 0.023 0.667 0.031 0.117
2 0.19 0.662 0.152 0.145
2 0.349 0.661 0.142 0.217
2 0.524 0.619 0.053 0.072
2 0.563 0.587 0.03 0.036
2 0.601 0.623 0.049 0.077
2 0.684 0.666 0.122 0.141
3 0.655 0.582 0.089 0.066
2 0.913 0.663 0.171 0.238
8 0.819 0.598 0.01 0.025
