0 0.828 0.342 0.026 0.127
11 0.339 0.339 0.008 0.016
11 0.34 0.354 0.009 0.012
11 0.337 0.281 0.017 0.034
0 0.626 0.363 0.012 0.077
2 0.388 0.368 0.017 0.039
2 0.366 0.369 0.038 0.054
2 0.349 0.379 0.04 0.044
2 0.321 0.365 0.023 0.026
2 0.269 0.385 0.046 0.056
2 0.174 0.402 0.045 0.054
2 0.124 0.407 0.064 0.067
2 0.533 0.353 0.007 0.021
2 0.543 0.359 0.021 0.041
2 0.543 0.368 0.019 0.044
2 0.688 0.35 0.05 0.067
2 0.299 0.386 0.063 0.065
2 0.219 0.397 0.068 0.062
2 0.063 0.482 0.125 0.273
2 0.582 0.394 0.084 0.121
2 0.451 0.421 0.141 0.209
10 0.665 0.144 0.02 0.072
10 0.539 0.173 0.012 0.039
7 0.551 0.171 0.01 0.039
