2 0.18 0.527 0.098 0.13
2 0.654 0.55 0.034 0.042
2 0.699 0.553 0.051 0.036
2 0.68 0.544 0.023 0.018
2 0.746 0.556 0.026 0.03
11 0.21 0.088 0.203 0.121
11 0.482 0.047 0.041 0.081
11 0.633 0.063 0.044 0.09
11 0.793 0.083 0.04 0.094
11 0.921 0.103 0.038 0.078
11 0.925 0.035 0.146 0.067
11 0.209 0.024 0.157 0.048
11 0.766 0.448 0.016 0.024
11 0.764 0.488 0.01 0.014
11 0.801 0.507 0.012 0.012
11 0.799 0.483 0.014 0.024
11 0.801 0.463 0.012 0.011
11 0.801 0.448 0.012 0.017
11 0.816 0.509 0.011 0.014
11 0.817 0.484 0.013 0.024
11 0.817 0.464 0.015 0.012
11 0.833 0.51 0.012 0.017
11 0.831 0.485 0.012 0.025
11 0.831 0.468 0.015 0.012
11 0.682 0.524 0.014 0.017
2 0.426 0.561 0.432 0.602
