2 0.419 0.527 0.01 0.017
2 0.411 0.532 0.006 0.019
2 0.404 0.532 0.006 0.019
2 0.399 0.538 0.01 0.027
2 0.388 0.539 0.018 0.029
2 0.378 0.541 0.011 0.032
2 0.459 0.531 0.008 0.017
2 0.464 0.534 0.011 0.023
2 0.472 0.541 0.018 0.029
2 0.493 0.543 0.025 0.067
2 0.505 0.545 0.027 0.082
2 0.541 0.548 0.072 0.124
2 0.629 0.599 0.133 0.157
2 0.327 0.536 0.073 0.069
0 0.589 0.523 0.028 0.074
0 0.708 0.608 0.066 0.273
1 0.343 0.536 0.021 0.076
5 0.342 0.562 0.019 0.052
2 0.251 0.554 0.09 0.097
2 0.437 0.529 0.008 0.017
2 0.428 0.528 0.006 0.019
11 0.107 0.562 0.023 0.038
11 0.056 0.299 0.062 0.076
4 0.351 0.51 0.042 0.055
11 0.418 0.49 0.009 0.015
5 0.164 0.571 0.047 0.063
0 0.063 0.543 0.025 0.099
