7 0.339 0.392 0.012 0.038
7 0.31 0.422 0.008 0.034
7 0.586 0.412 0.013 0.038
7 0.521 0.462 0.007 0.019
7 0.44 0.462 0.01 0.023
11 0.614 0.413 0.032 0.019
11 0.893 0.303 0.031 0.055
11 0.295 0.391 0.038 0.019
2 0.5 0.512 0.026 0.03
2 0.476 0.507 0.022 0.028
2 0.449 0.507 0.032 0.049
2 0.43 0.502 0.017 0.028
2 0.407 0.505 0.04 0.047
2 0.375 0.494 0.026 0.045
2 0.348 0.514 0.047 0.043
2 0.52 0.512 0.013 0.026
2 0.54 0.517 0.023 0.036
2 0.565 0.517 0.022 0.032
2 0.169 0.526 0.066 0.07
2 0.091 0.526 0.1 0.083
2 0.027 0.532 0.055 0.1
2 0.727 0.532 0.076 0.096
2 0.783 0.566 0.113 0.13
2 0.911 0.581 0.176 0.254
2 0.628 0.531 0.125 0.2
11 0.538 0.462 0.016 0.016
