2 0.04 0.569 0.08 0.133
2 0.76 0.606 0.459 0.532
2 0.133 0.567 0.091 0.087
2 0.285 0.55 0.058 0.068
2 0.368 0.53 0.101 0.149
2 0.2 0.556 0.065 0.066
2 0.237 0.563 0.014 0.038
2 0.25 0.558 0.019 0.042
3 0.431 0.503 0.055 0.116
2 0.528 0.535 0.047 0.128
2 0.512 0.534 0.014 0.111
2 0.5 0.526 0.019 0.05
2 0.5 0.521 0.03 0.075
2 0.483 0.528 0.014 0.047
2 0.464 0.541 0.01 0.035
11 0.13 0.438 0.043 0.064
7 0.156 0.453 0.01 0.057
7 0.527 0.448 0.011 0.033
10 0.09 0.312 0.013 0.062
7 0.295 0.492 0.009 0.031
2 0.322 0.538 0.008 0.047
