7 0.216 0.349 0.018 0.085
10 0.202 0.366 0.02 0.056
10 0.228 0.368 0.012 0.058
10 0.363 0.485 0.018 0.032
10 0.811 0.325 0.036 0.066
11 0.711 0.214 0.04 0.129
11 0.358 0.425 0.022 0.017
11 0.47 0.442 0.011 0.022
11 0.206 0.522 0.011 0.017
11 0.081 0.559 0.011 0.012
2 0.012 0.595 0.01 0.019
2 0.027 0.611 0.031 0.061
2 0.067 0.585 0.016 0.019
2 0.094 0.586 0.018 0.022
2 0.08 0.588 0.018 0.029
2 0.147 0.575 0.026 0.034
2 0.451 0.51 0.016 0.029
2 0.408 0.531 0.041 0.051
2 0.615 0.524 0.119 0.097
2 0.941 0.419 0.029 0.032
2 0.87 0.466 0.117 0.102
2 0.932 0.454 0.015 0.049
2 0.781 0.482 0.074 0.07
2 0.71 0.518 0.13 0.104
2 0.974 0.426 0.051 0.09
2 0.232 0.626 0.112 0.121
2 0.117 0.602 0.053 0.068
2 0.044 0.618 0.055 0.075
