7 0.518 0.297 0.013 0.066
7 0.415 0.583 0.01 0.017
7 0.789 0.531 0.017 0.038
8 0.772 0.532 0.018 0.043
2 0.379 0.653 0.026 0.047
2 0.356 0.642 0.015 0.028
2 0.339 0.643 0.027 0.036
2 0.324 0.652 0.018 0.028
2 0.313 0.647 0.011 0.014
2 0.229 0.659 0.022 0.049
2 0.207 0.663 0.029 0.052
2 0.175 0.665 0.048 0.059
2 0.12 0.674 0.075 0.078
2 0.274 0.672 0.09 0.107
2 0.41 0.662 0.041 0.064
11 0.636 0.346 0.08 0.047
11 0.759 0.238 0.038 0.059
11 0.757 0.462 0.038 0.031
11 0.437 0.586 0.018 0.016
11 0.441 0.607 0.008 0.016
11 0.47 0.602 0.012 0.01
0 0.97 0.671 0.031 0.139
0 0.937 0.683 0.033 0.149
0 0.628 0.668 0.019 0.05
2 0.448 0.647 0.024 0.032
