11 0.658 0.175 0.02 0.045
11 0.661 0.211 0.037 0.016
11 0.625 0.205 0.023 0.019
11 0.612 0.14 0.029 0.062
11 0.587 0.272 0.023 0.007
11 0.461 0.162 0.022 0.026
8 0.181 0.23 0.007 0.028
8 0.409 0.178 0.019 0.052
8 0.592 0.351 0.01 0.012
10 0.421 0.183 0.012 0.043
10 0.398 0.179 0.012 0.043
10 0.464 0.253 0.013 0.035
10 0.493 0.251 0.01 0.028
10 0.579 0.319 0.012 0.031
10 0.587 0.316 0.01 0.036
10 0.628 0.315 0.034 0.04
10 0.6 0.224 0.019 0.064
0 0.536 0.432 0.024 0.107
0 0.702 0.416 0.022 0.09
0 0.847 0.425 0.036 0.128
2 0.203 0.451 0.068 0.185
2 0.548 0.419 0.086 0.083
2 0.593 0.412 0.114 0.094
3 0.832 0.375 0.333 0.175
3 0.102 0.44 0.204 0.707
2 0.367 0.522 0.378 0.653
11 0.716 0.22 0.016 0.038
2 0.177 0.365 0.07 0.04
2 0.653 0.41 0.036 0.036
