7 0.844 0.499 0.016 0.054
7 0.502 0.462 0.011 0.042
7 0.341 0.442 0.009 0.03
7 0.306 0.488 0.011 0.033
7 0.211 0.427 0.011 0.037
7 0.026 0.445 0.015 0.054
11 0.035 0.486 0.017 0.019
11 0.924 0.541 0.02 0.054
11 0.925 0.582 0.02 0.028
10 0.849 0.542 0.018 0.028
11 0.724 0.495 0.05 0.089
11 0.599 0.528 0.016 0.014
11 0.647 0.462 0.017 0.019
11 0.315 0.528 0.013 0.014
2 0.278 0.615 0.083 0.056
2 0.451 0.598 0.021 0.019
2 0.412 0.65 0.078 0.108
2 0.302 0.734 0.235 0.253
2 0.558 0.776 0.29 0.445
2 0.086 0.661 0.173 0.356
2 0.008 0.922 0.016 0.155
