7 0.381 0.435 0.008 0.03
7 0.333 0.38 0.007 0.037
7 0.697 0.38 0.007 0.037
7 0.698 0.47 0.007 0.026
7 0.591 0.47 0.004 0.026
7 0.622 0.492 0.005 0.019
7 0.695 0.49 0.003 0.023
11 0.278 0.389 0.037 0.019
11 0.754 0.381 0.041 0.021
11 0.809 0.416 0.017 0.04
11 0.878 0.377 0.03 0.014
11 0.886 0.353 0.026 0.021
11 0.574 0.47 0.017 0.012
11 0.721 0.468 0.013 0.012
11 0.707 0.49 0.011 0.009
11 0.78 0.465 0.015 0.026
7 0.868 0.455 0.012 0.037
8 0.375 0.485 0.008 0.019
8 0.388 0.485 0.009 0.023
2 0.202 0.565 0.103 0.061
2 0.013 0.724 0.026 0.192
2 0.089 0.586 0.045 0.056
2 0.508 0.538 0.037 0.058
2 0.464 0.548 0.046 0.042
2 0.593 0.527 0.011 0.033
2 0.67 0.512 0.013 0.026
2 0.653 0.512 0.013 0.016
2 0.635 0.514 0.012 0.026
2 0.615 0.531 0.033 0.059
2 0.562 0.54 0.064 0.068
2 0.652 0.527 0.017 0.014
2 0.678 0.518 0.011 0.023
2 0.689 0.519 0.009 0.03
2 0.696 0.524 0.015 0.026
2 0.714 0.519 0.015 0.026
2 0.727 0.524 0.013 0.035
2 0.742 0.527 0.015 0.042
2 0.771 0.528 0.036 0.042
