7 0.431 0.468 0.007 0.019
7 0.526 0.454 0.008 0.031
7 0.594 0.465 0.009 0.025
7 0.41 0.462 0.005 0.02
7 0.396 0.483 0.007 0.02
10 0.231 0.455 0.009 0.033
10 0.254 0.512 0.008 0.022
10 0.029 0.47 0.007 0.036
10 0.022 0.472 0.007 0.03
10 0.318 0.483 0.007 0.027
10 0.368 0.513 0.011 0.025
10 0.375 0.516 0.007 0.017
10 0.367 0.447 0.01 0.036
10 0.518 0.452 0.006 0.037
10 0.585 0.462 0.006 0.033
10 0.602 0.469 0.005 0.019
10 0.599 0.515 0.01 0.016
10 0.438 0.469 0.005 0.02
11 0.236 0.277 0.067 0.158
11 0.441 0.46 0.04 0.044
11 0.871 0.463 0.021 0.056
2 0.128 0.565 0.04 0.034
2 0.307 0.56 0.018 0.037
2 0.281 0.566 0.024 0.03
2 0.465 0.569 0.018 0.031
2 0.481 0.587 0.033 0.048
2 0.561 0.583 0.037 0.048
2 0.488 0.552 0.006 0.014
2 0.498 0.552 0.011 0.017
2 0.509 0.55 0.01 0.017
2 0.521 0.553 0.012 0.017
0 0.944 0.541 0.013 0.05
0 0.925 0.552 0.017 0.052
2 0.847 0.577 0.107 0.067
2 0.833 0.637 0.111 0.152
2 0.942 0.628 0.114 0.133
2 0.431 0.594 0.054 0.072
2 0.513 0.605 0.062 0.084
2 0.674 0.669 0.262 0.314
2 0.328 0.558 0.019 0.028
11 0.396 0.535 0.009 0.026
