11 0.713 0.236 0.076 0.139
11 0.64 0.216 0.048 0.083
11 0.547 0.325 0.013 0.015
11 0.473 0.35 0.012 0.017
11 0.503 0.382 0.018 0.055
10 0.526 0.356 0.007 0.03
10 0.557 0.335 0.008 0.026
10 0.566 0.372 0.01 0.019
8 0.367 0.387 0.006 0.032
8 0.476 0.386 0.006 0.021
11 0.06 0.323 0.024 0.019
11 0.008 0.39 0.016 0.038
11 0.052 0.421 0.016 0.049
11 0.321 0.397 0.014 0.026
11 0.549 0.388 0.01 0.034
2 0.663 0.42 0.017 0.026
2 0.63 0.42 0.025 0.03
2 0.586 0.425 0.031 0.023
2 0.526 0.435 0.026 0.026
2 0.484 0.429 0.025 0.047
2 0.372 0.438 0.013 0.032
2 0.338 0.461 0.062 0.077
2 0.426 0.499 0.128 0.171
2 0.195 0.42 0.233 0.328
