2 0.52 0.476 0.013 0.026
2 0.293 0.48 0.023 0.021
2 0.227 0.493 0.036 0.035
2 0.27 0.516 0.075 0.075
2 0.417 0.493 0.027 0.054
2 0.296 0.435 0.011 0.017
2 0.284 0.439 0.017 0.017
2 0.254 0.437 0.028 0.021
4 0.261 0.424 0.023 0.029
4 0.219 0.427 0.043 0.052
4 0.173 0.423 0.057 0.038
2 0.181 0.441 0.039 0.024
2 0.139 0.443 0.048 0.033
4 0.05 0.426 0.078 0.054
4 0.357 0.455 0.117 0.21
2 0.532 0.494 0.022 0.038
2 0.473 0.534 0.119 0.187
2 0.592 0.504 0.076 0.099
2 0.108 0.602 0.216 0.34
11 0.967 0.297 0.024 0.021
11 0.974 0.324 0.048 0.055
11 0.658 0.361 0.028 0.045
11 0.279 0.464 0.017 0.026
