2 0.391 0.483 0.008 0.013
2 0.404 0.478 0.011 0.02
2 0.411 0.486 0.017 0.024
2 0.419 0.494 0.021 0.033
2 0.43 0.495 0.026 0.046
2 0.45 0.502 0.042 0.061
2 0.481 0.52 0.043 0.084
2 0.511 0.53 0.087 0.105
2 0.367 0.487 0.018 0.018
2 0.561 0.545 0.122 0.145
2 0.347 0.502 0.028 0.039
2 0.24 0.487 0.106 0.187
2 0.034 0.483 0.051 0.04
2 0.073 0.484 0.043 0.039
2 0.169 0.489 0.031 0.035
11 0.322 0.427 0.012 0.013
11 0.74 0.166 0.042 0.039
11 0.702 0.208 0.015 0.039
11 0.715 0.239 0.067 0.044
11 0.706 0.28 0.032 0.05
0 0.09 0.507 0.026 0.096
11 0.427 0.459 0.011 0.015
