7 0.373 0.283 0.009 0.023
7 0.449 0.279 0.007 0.021
7 0.55 0.071 0.016 0.073
7 0.702 0.25 0.012 0.033
7 0.501 0.314 0.008 0.017
10 0.532 0.073 0.018 0.069
10 0.564 0.072 0.012 0.075
11 0.696 0.169 0.022 0.016
11 0.556 0.296 0.013 0.028
11 0.49 0.316 0.009 0.019
10 0.437 0.322 0.011 0.014
10 0.46 0.321 0.007 0.016
2 0.449 0.342 0.012 0.016
2 0.459 0.338 0.01 0.017
2 0.467 0.341 0.01 0.021
2 0.505 0.349 0.032 0.029
2 0.513 0.354 0.03 0.035
2 0.538 0.36 0.052 0.05
2 0.544 0.364 0.038 0.049
2 0.592 0.356 0.111 0.092
2 0.614 0.36 0.109 0.088
2 0.613 0.377 0.098 0.085
2 0.673 0.375 0.15 0.078
2 0.422 0.331 0.018 0.01
2 0.432 0.34 0.011 0.021
2 0.417 0.341 0.02 0.023
2 0.399 0.346 0.012 0.019
2 0.39 0.346 0.013 0.019
2 0.377 0.348 0.018 0.024
2 0.364 0.356 0.026 0.026
2 0.346 0.354 0.014 0.033
2 0.33 0.359 0.022 0.035
2 0.313 0.361 0.017 0.033
2 0.298 0.368 0.02 0.043
2 0.28 0.367 0.029 0.052
2 0.258 0.373 0.025 0.05
2 0.238 0.375 0.035 0.061
2 0.199 0.379 0.043 0.068
2 0.133 0.392 0.086 0.097
2 0.014 0.47 0.027 0.163
2 0.942 0.378 0.111 0.104
