11 0.594 0.164 0.033 0.023
11 0.63 0.188 0.013 0.009
11 0.623 0.205 0.016 0.012
11 0.37 0.157 0.03 0.016
11 0.26 0.143 0.008 0.012
11 0.254 0.152 0.011 0.012
11 0.319 0.18 0.016 0.01
7 0.318 0.204 0.008 0.028
7 0.261 0.183 0.011 0.04
7 0.432 0.148 0.007 0.026
7 0.556 0.153 0.008 0.031
10 0.706 0.221 0.016 0.026
2 0.549 0.294 0.033 0.095
2 0.558 0.273 0.019 0.029
2 0.658 0.285 0.049 0.081
2 0.688 0.302 0.079 0.083
2 0.722 0.29 0.067 0.092
2 0.603 0.286 0.075 0.121
11 0.404 0.22 0.016 0.01
2 0.357 0.295 0.07 0.104
2 0.466 0.363 0.211 0.286
2 0.013 0.032 0.026 0.057
2 0.119 0.425 0.238 0.664
2 0.832 0.354 0.334 0.508
