7 0.41 0.332 0.009 0.027
7 0.477 0.334 0.008 0.023
2 0.429 0.408 0.032 0.046
2 0.406 0.401 0.012 0.027
2 0.393 0.4 0.024 0.034
2 0.353 0.402 0.026 0.053
2 0.331 0.406 0.036 0.064
2 0.294 0.41 0.056 0.091
2 0.237 0.429 0.092 0.103
2 0.101 0.439 0.188 0.201
2 0.454 0.4 0.013 0.023
2 0.47 0.397 0.017 0.025
2 0.492 0.409 0.015 0.037
2 0.506 0.409 0.019 0.043
2 0.517 0.413 0.024 0.053
2 0.539 0.421 0.034 0.08
2 0.574 0.42 0.06 0.117
2 0.664 0.445 0.151 0.228
2 0.832 0.504 0.334 0.43
11 0.587 0.298 0.021 0.055
