7 0.254 0.286 0.008 0.03
7 0.489 0.305 0.009 0.032
10 0.262 0.289 0.008 0.03
10 0.631 0.371 0.017 0.025
7 0.185 0.351 0.01 0.017
11 0.621 0.346 0.014 0.019
11 0.515 0.314 0.031 0.02
11 0.225 0.292 0.033 0.017
11 0.153 0.24 0.029 0.037
11 0.143 0.305 0.013 0.012
11 0.556 0.341 0.015 0.014
11 0.421 0.343 0.013 0.01
11 0.301 0.334 0.007 0.015
11 0.334 0.348 0.009 0.007
0 0.61 0.433 0.012 0.066
2 0.357 0.385 0.01 0.022
2 0.395 0.376 0.014 0.025
2 0.295 0.389 0.021 0.03
2 0.34 0.386 0.016 0.019
2 0.385 0.434 0.03 0.081
4 0.42 0.364 0.034 0.029
4 0.373 0.378 0.031 0.073
4 0.324 0.381 0.016 0.025
7 0.555 0.377 0.014 0.022
2 0.447 0.46 0.128 0.199
2 0.271 0.426 0.068 0.113
2 0.113 0.385 0.103 0.103
2 0.164 0.48 0.168 0.17
2 0.046 0.457 0.091 0.111
3 0.826 0.405 0.346 0.329
4 0.509 0.415 0.037 0.091
