7 0.527 0.201 0.017 0.091
7 0.682 0.174 0.029 0.098
11 0.496 0.453 0.016 0.042
11 0.698 0.486 0.024 0.033
11 0.924 0.494 0.017 0.035
11 0.948 0.445 0.032 0.054
11 0.651 0.49 0.009 0.023
2 0.425 0.517 0.02 0.026
2 0.406 0.516 0.029 0.023
2 0.386 0.524 0.028 0.03
2 0.366 0.523 0.036 0.033
2 0.343 0.536 0.026 0.03
2 0.248 0.543 0.037 0.04
2 0.201 0.544 0.046 0.028
2 0.164 0.532 0.038 0.042
2 0.116 0.551 0.046 0.033
4 0.642 0.508 0.016 0.035
4 0.666 0.52 0.024 0.045
11 0.24 0.46 0.037 0.094
2 0.292 0.554 0.079 0.07
2 0.047 0.57 0.094 0.094
2 0.938 0.7 0.123 0.518
11 0.639 0.166 0.025 0.04
