2 0.449 0.515 0.02 0.021
2 0.433 0.52 0.021 0.023
2 0.413 0.513 0.016 0.021
2 0.404 0.515 0.019 0.021
2 0.394 0.516 0.012 0.02
2 0.379 0.519 0.021 0.021
2 0.353 0.52 0.011 0.02
2 0.333 0.521 0.015 0.02
2 0.32 0.532 0.036 0.041
2 0.287 0.524 0.01 0.018
2 0.275 0.524 0.016 0.018
2 0.262 0.537 0.047 0.044
2 0.229 0.544 0.035 0.034
2 0.185 0.555 0.058 0.062
0 0.216 0.544 0.022 0.068
0 0.255 0.539 0.015 0.059
0 0.296 0.541 0.019 0.062
2 0.165 0.536 0.017 0.023
2 0.149 0.535 0.016 0.018
2 0.129 0.534 0.025 0.023
2 0.09 0.563 0.072 0.068
2 0.491 0.485 0.043 0.028
2 0.505 0.482 0.048 0.037
2 0.539 0.479 0.07 0.044
2 0.558 0.481 0.06 0.039
2 0.585 0.481 0.069 0.046
2 0.612 0.48 0.074 0.05
2 0.635 0.48 0.083 0.057
2 0.658 0.479 0.089 0.059
2 0.687 0.477 0.107 0.062
2 0.746 0.487 0.072 0.05
