2 0.509 0.364 0.007 0.011
2 0.514 0.365 0.008 0.013
2 0.522 0.365 0.01 0.027
2 0.532 0.366 0.016 0.026
2 0.546 0.364 0.014 0.039
2 0.557 0.369 0.013 0.045
2 0.568 0.37 0.015 0.053
2 0.466 0.361 0.008 0.018
2 0.46 0.366 0.015 0.038
2 0.444 0.371 0.028 0.047
2 0.418 0.382 0.052 0.062
2 0.607 0.383 0.056 0.077
2 0.582 0.372 0.03 0.058
2 0.228 0.382 0.114 0.072
2 0.05 0.365 0.099 0.144
2 0.496 0.36 0.007 0.011
2 0.484 0.36 0.008 0.013
2 0.49 0.36 0.005 0.012
7 0.198 0.182 0.014 0.048
7 0.461 0.196 0.01 0.029
10 0.502 0.307 0.005 0.016
7 0.702 0.264 0.014 0.035
7 0.33 0.334 0.011 0.021
10 0.154 0.218 0.015 0.035
