7 0.549 0.073 0.017 0.08
7 0.643 0.374 0.009 0.021
7 0.541 0.372 0.009 0.021
10 0.382 0.202 0.017 0.075
7 0.339 0.334 0.013 0.03
8 0.349 0.336 0.007 0.023
8 0.611 0.401 0.008 0.023
8 0.55 0.399 0.011 0.019
11 0.359 0.279 0.032 0.028
11 0.347 0.229 0.024 0.021
11 0.45 0.126 0.076 0.035
11 0.666 0.378 0.018 0.019
11 0.468 0.386 0.016 0.03
11 0.524 0.373 0.018 0.014
11 0.536 0.402 0.012 0.012
0 0.222 0.442 0.03 0.115
2 0.626 0.43 0.013 0.023
2 0.637 0.43 0.015 0.033
2 0.658 0.424 0.026 0.049
2 0.528 0.429 0.022 0.04
2 0.484 0.439 0.044 0.066
2 0.726 0.441 0.034 0.056
2 0.676 0.44 0.064 0.075
2 0.463 0.455 0.049 0.07
2 0.604 0.434 0.02 0.028
2 0.575 0.435 0.016 0.016
2 0.562 0.436 0.013 0.014
2 0.862 0.528 0.274 0.539
