2 0.422 0.391 0.011 0.026
2 0.415 0.392 0.015 0.033
2 0.407 0.397 0.017 0.03
2 0.394 0.404 0.022 0.041
2 0.38 0.401 0.02 0.059
2 0.359 0.397 0.042 0.079
2 0.458 0.394 0.008 0.018
2 0.463 0.397 0.01 0.027
2 0.493 0.411 0.022 0.052
2 0.516 0.417 0.048 0.072
2 0.47 0.395 0.015 0.037
2 0.543 0.441 0.054 0.095
2 0.3 0.397 0.094 0.136
2 0.348 0.408 0.021 0.087
2 0.556 0.446 0.046 0.109
2 0.207 0.424 0.124 0.189
2 0.616 0.466 0.126 0.184
2 0.112 0.458 0.223 0.234
2 0.76 0.542 0.284 0.289
2 0.436 0.401 0.024 0.037
11 0.495 0.367 0.008 0.019
11 0.476 0.37 0.009 0.014
