2 0.322 0.404 0.241 0.151
2 0.513 0.373 0.12 0.131
2 0.853 0.371 0.292 0.232
2 0.396 0.378 0.094 0.095
11 0.044 0.112 0.05 0.053
11 0.046 0.184 0.035 0.021
11 0.049 0.235 0.039 0.078
11 0.159 0.257 0.021 0.046
11 0.351 0.23 0.012 0.027
11 0.35 0.15 0.01 0.033
11 0.043 0.156 0.025 0.02
10 0.161 0.188 0.017 0.054
10 0.432 0.208 0.009 0.037
10 0.792 0.048 0.019 0.065
11 0.795 0.223 0.018 0.083
11 0.747 0.172 0.03 0.017
11 0.746 0.238 0.021 0.048
11 0.593 0.301 0.02 0.013
11 0.343 0.265 0.017 0.01
7 0.421 0.208 0.011 0.038
7 0.591 0.277 0.01 0.034
7 0.341 0.324 0.014 0.013
0 0.647 0.374 0.015 0.063
0 0.675 0.364 0.014 0.077
0 0.617 0.37 0.017 0.08
0 0.58 0.366 0.014 0.064
0 0.602 0.373 0.013 0.077
0 0.658 0.371 0.015 0.08
0 0.683 0.363 0.014 0.065
2 0.944 0.32 0.022 0.023
