4 0.273 0.436 0.017 0.017
2 0.267 0.446 0.013 0.017
2 0.285 0.448 0.016 0.015
2 0.319 0.436 0.011 0.013
2 0.245 0.454 0.014 0.023
2 0.236 0.455 0.012 0.021
2 0.228 0.457 0.014 0.021
2 0.215 0.459 0.025 0.034
2 0.172 0.471 0.033 0.04
2 0.115 0.513 0.121 0.125
4 0.352 0.433 0.017 0.057
4 0.363 0.436 0.016 0.068
4 0.387 0.433 0.051 0.091
4 0.406 0.443 0.056 0.096
2 0.439 0.475 0.044 0.062
2 0.539 0.486 0.176 0.125
2 0.919 0.61 0.16 0.351
2 0.331 0.44 0.011 0.021
5 0.345 0.457 0.012 0.036
11 0.194 0.358 0.011 0.023
