2 0.01 0.54 0.02 0.074
2 0.887 0.623 0.225 0.334
0 0.729 0.584 0.045 0.224
2 0.755 0.552 0.177 0.182
2 0.666 0.548 0.101 0.144
2 0.612 0.539 0.045 0.108
2 0.047 0.533 0.052 0.076
2 0.084 0.527 0.037 0.074
2 0.133 0.528 0.045 0.058
2 0.159 0.526 0.037 0.049
2 0.195 0.522 0.043 0.052
2 0.253 0.525 0.021 0.065
2 0.351 0.509 0.026 0.034
2 0.432 0.543 0.072 0.101
2 0.294 0.528 0.087 0.108
2 0.549 0.547 0.085 0.105
11 0.282 0.423 0.026 0.017
7 0.304 0.425 0.014 0.022
11 0.485 0.428 0.025 0.013
11 0.506 0.435 0.01 0.017
7 0.462 0.432 0.011 0.02
7 0.394 0.471 0.009 0.018
11 0.539 0.449 0.011 0.015
