11 0.417 0.615 0.012 0.023
11 0.543 0.625 0.016 0.021
10 0.516 0.631 0.006 0.016
10 0.495 0.617 0.009 0.012
10 0.479 0.615 0.004 0.014
2 0.464 0.659 0.014 0.025
2 0.448 0.649 0.009 0.012
2 0.433 0.655 0.007 0.016
2 0.423 0.679 0.029 0.064
2 0.444 0.663 0.01 0.018
2 0.516 0.661 0.019 0.028
2 0.533 0.669 0.023 0.041
2 0.562 0.679 0.042 0.066
2 0.612 0.7 0.089 0.103
2 0.488 0.674 0.045 0.073
2 0.371 0.692 0.094 0.133
2 0.326 0.671 0.015 0.028
2 0.301 0.672 0.035 0.034
2 0.278 0.666 0.016 0.018
2 0.26 0.666 0.02 0.025
2 0.111 0.698 0.09 0.096
2 0.198 0.683 0.109 0.119
0 0.835 0.679 0.023 0.08
2 0.668 0.662 0.016 0.03
2 0.694 0.664 0.031 0.028
2 0.735 0.666 0.037 0.043
2 0.772 0.653 0.034 0.02
2 0.816 0.675 0.078 0.046
2 0.83 0.645 0.069 0.05
2 0.902 0.685 0.087 0.076
2 0.989 0.676 0.02 0.076
