11 0.455 0.527 0.013 0.026
11 0.392 0.527 0.012 0.012
11 0.297 0.525 0.017 0.014
2 0.136 0.618 0.018 0.068
2 0.119 0.607 0.032 0.042
2 0.087 0.61 0.033 0.047
2 0.049 0.616 0.055 0.054
2 0.255 0.592 0.029 0.045
2 0.292 0.576 0.022 0.04
2 0.319 0.578 0.011 0.021
2 0.396 0.579 0.017 0.033
4 0.406 0.568 0.016 0.033
2 0.419 0.575 0.025 0.042
2 0.448 0.598 0.058 0.098
2 0.301 0.586 0.025 0.037
2 0.354 0.612 0.088 0.122
2 0.543 0.631 0.171 0.253
4 0.191 0.584 0.1 0.164
2 0.902 0.704 0.195 0.314
2 0.682 0.572 0.055 0.054
2 0.912 0.562 0.059 0.047
2 0.773 0.559 0.066 0.047
