7 0.489 0.256 0.012 0.058
7 0.573 0.462 0.005 0.017
10 0.507 0.262 0.018 0.056
8 0.322 0.42 0.023 0.03
11 0.324 0.381 0.022 0.019
11 0.345 0.275 0.016 0.058
11 0.996 0.423 0.005 0.032
0 0.967 0.572 0.022 0.086
0 0.959 0.561 0.015 0.075
0 0.931 0.56 0.017 0.084
0 0.276 0.532 0.027 0.112
0 0.171 0.498 0.024 0.111
0 0.29 0.502 0.015 0.069
0 0.305 0.505 0.015 0.077
0 0.365 0.502 0.013 0.047
0 0.42 0.519 0.011 0.041
0 0.413 0.506 0.007 0.037
0 0.397 0.502 0.007 0.026
0 0.432 0.514 0.012 0.045
11 0.435 0.431 0.011 0.03
2 0.5 0.516 0.007 0.019
2 0.509 0.51 0.009 0.026
2 0.518 0.511 0.011 0.028
2 0.532 0.521 0.023 0.037
2 0.551 0.526 0.033 0.054
2 0.586 0.503 0.021 0.013
2 0.573 0.541 0.047 0.069
2 0.865 0.576 0.113 0.135
2 0.456 0.513 0.038 0.066
0 0.469 0.502 0.009 0.017
4 0.734 0.415 0.284 0.463
8 0.997 0.474 0.004 0.022
0 0.48 0.514 0.007 0.03
0 0.072 0.472 0.023 0.075
