2 0.499 0.465 0.007 0.019
2 0.491 0.466 0.01 0.017
2 0.481 0.469 0.012 0.021
2 0.467 0.468 0.013 0.023
2 0.457 0.469 0.012 0.03
2 0.442 0.464 0.023 0.038
2 0.431 0.47 0.02 0.032
2 0.416 0.47 0.025 0.036
2 0.387 0.474 0.036 0.045
2 0.352 0.483 0.035 0.051
0 0.348 0.486 0.027 0.136
2 0.242 0.499 0.211 0.179
2 0.139 0.466 0.062 0.053
2 0.072 0.52 0.144 0.196
2 0.511 0.469 0.02 0.021
2 0.536 0.468 0.02 0.023
2 0.553 0.467 0.011 0.03
2 0.56 0.468 0.008 0.036
2 0.569 0.468 0.013 0.049
2 0.588 0.477 0.024 0.043
0 0.892 0.478 0.039 0.159
0 0.981 0.495 0.033 0.252
11 0.786 0.23 0.026 0.045
9 0.497 0.418 0.007 0.026
9 0.535 0.422 0.01 0.021
2 0.308 0.419 0.084 0.074
