11 0.935 0.176 0.063 0.122
2 0.031 0.335 0.062 0.06
2 0.096 0.336 0.052 0.045
4 0.152 0.324 0.031 0.049
2 0.186 0.331 0.013 0.024
4 0.336 0.328 0.053 0.097
2 0.385 0.336 0.008 0.015
2 0.397 0.341 0.024 0.041
2 0.416 0.338 0.013 0.028
2 0.441 0.378 0.067 0.095
2 0.462 0.338 0.029 0.058
2 0.481 0.349 0.019 0.049
2 0.502 0.342 0.042 0.08
3 0.559 0.336 0.1 0.153
0 0.579 0.366 0.027 0.08
0 0.592 0.387 0.02 0.095
2 0.643 0.392 0.095 0.108
0 0.715 0.362 0.019 0.101
0 0.732 0.356 0.013 0.079
0 0.75 0.362 0.02 0.071
7 0.329 0.266 0.009 0.011
11 0.079 0.23 0.036 0.013
11 0.453 0.31 0.016 0.017
10 0.417 0.258 0.009 0.024
10 0.014 0.236 0.011 0.02
