10 0.967 0.295 0.065 0.11
10 0.179 0.442 0.017 0.033
10 0.158 0.442 0.02 0.036
10 0.295 0.463 0.013 0.023
10 0.285 0.463 0.009 0.014
10 0.329 0.291 0.013 0.048
7 0.31 0.123 0.021 0.095
10 0.355 0.219 0.015 0.07
10 0.377 0.271 0.011 0.057
10 0.436 0.287 0.011 0.048
7 0.571 0.095 0.021 0.1
7 0.659 0.429 0.039 0.038
7 0.465 0.454 0.007 0.018
7 0.492 0.456 0.007 0.014
11 0.034 0.395 0.02 0.016
11 0.032 0.413 0.018 0.013
11 0.295 0.43 0.017 0.014
0 0.232 0.533 0.014 0.06
0 0.619 0.501 0.012 0.054
2 0.465 0.484 0.014 0.01
2 0.476 0.485 0.009 0.011
2 0.485 0.488 0.01 0.007
2 0.486 0.497 0.008 0.016
2 0.463 0.493 0.01 0.014
2 0.456 0.493 0.011 0.011
2 0.456 0.501 0.014 0.013
2 0.474 0.495 0.01 0.011
2 0.467 0.503 0.009 0.013
2 0.446 0.503 0.01 0.017
2 0.432 0.509 0.014 0.017
2 0.473 0.514 0.03 0.041
2 0.42 0.508 0.012 0.027
2 0.412 0.508 0.013 0.027
2 0.406 0.514 0.013 0.03
2 0.399 0.513 0.013 0.03
2 0.392 0.515 0.01 0.031
2 0.38 0.517 0.025 0.041
2 0.515 0.508 0.026 0.04
2 0.13 0.545 0.093 0.07
2 0.033 0.542 0.066 0.075
2 0.008 0.565 0.015 0.07
2 0.606 0.503 0.015 0.031
2 0.66 0.493 0.02 0.016
2 0.68 0.494 0.017 0.016
2 0.704 0.493 0.03 0.017
