8 0.244 0.342 0.011 0.036
8 0.675 0.322 0.014 0.069
8 0.695 0.428 0.014 0.036
10 0.667 0.432 0.013 0.039
7 0.661 0.372 0.016 0.032
7 0.602 0.487 0.006 0.015
11 0.248 0.442 0.016 0.043
11 0.252 0.542 0.012 0.019
11 0.251 0.562 0.011 0.017
11 0.38 0.493 0.009 0.007
11 0.491 0.487 0.018 0.009
10 0.51 0.486 0.004 0.019
11 0.381 0.506 0.006 0.015
2 0.091 0.577 0.058 0.05
2 0.145 0.567 0.072 0.054
2 0.264 0.567 0.048 0.037
2 0.627 0.537 0.021 0.034
2 0.582 0.536 0.026 0.028
2 0.325 0.561 0.053 0.037
2 0.558 0.535 0.02 0.022
4 0.527 0.527 0.042 0.05
