7 0.596 0.472 0.008 0.023
10 0.591 0.468 0.007 0.03
10 0.427 0.476 0.008 0.023
10 0.42 0.474 0.009 0.019
2 0.328 0.583 0.03 0.035
4 0.234 0.585 0.107 0.054
2 0.239 0.62 0.076 0.073
4 0.118 0.592 0.063 0.049
2 0.162 0.634 0.092 0.091
2 0.752 0.545 0.021 0.035
2 0.682 0.561 0.04 0.056
7 0.671 0.512 0.015 0.016
11 0.667 0.482 0.011 0.016
11 0.358 0.521 0.015 0.014
10 0.356 0.54 0.013 0.014
4 0.446 0.541 0.054 0.12
2 0.063 0.659 0.127 0.117
0 0.957 0.544 0.04 0.141
2 0.621 0.545 0.021 0.04
11 0.654 0.535 0.011 0.031
11 0.699 0.494 0.015 0.014
