11 0.76 0.044 0.064 0.055
11 0.643 0.122 0.017 0.011
11 0.633 0.135 0.021 0.015
11 0.635 0.158 0.016 0.029
11 0.207 0.208 0.025 0.018
11 0.2 0.126 0.03 0.043
7 0.264 0.109 0.013 0.055
7 0.193 0.272 0.015 0.023
7 0.639 0.044 0.011 0.053
7 0.511 0.012 0.016 0.022
10 0.492 0.009 0.017 0.018
10 0.491 0.251 0.005 0.012
10 0.254 0.113 0.017 0.052
10 0.273 0.115 0.008 0.046
10 0.135 0.239 0.009 0.027
10 0.145 0.24 0.006 0.029
10 0.807 0.144 0.06 0.106
0 0.126 0.335 0.019 0.041
0 0.112 0.367 0.02 0.092
0 0.235 0.357 0.016 0.073
0 0.202 0.352 0.02 0.074
0 0.29 0.34 0.02 0.078
2 0.395 0.32 0.028 0.063
2 0.383 0.332 0.026 0.046
3 0.497 0.286 0.046 0.044
0 0.9 0.243 0.014 0.062
0 0.982 0.252 0.031 0.095
0 0.678 0.287 0.02 0.09
0 0.635 0.307 0.013 0.063
5 0.92 0.259 0.03 0.043
1 0.149 0.358 0.03 0.13
5 0.149 0.401 0.044 0.095
2 0.351 0.333 0.052 0.07
2 0.455 0.337 0.113 0.21
2 0.407 0.326 0.017 0.053
0 0.008 0.378 0.016 0.089
11 0.629 0.03 0.016 0.056
10 0.497 0.249 0.005 0.013
7 0.637 0.087 0.011 0.041
