11 0.778 0.415 0.038 0.07
11 0.31 0.363 0.031 0.057
11 0.612 0.421 0.028 0.02
11 0.569 0.387 0.013 0.031
11 0.527 0.382 0.014 0.019
11 0.483 0.441 0.012 0.02
8 0.289 0.203 0.02 0.041
8 0.294 0.442 0.022 0.042
8 0.11 0.482 0.015 0.053
8 0.515 0.378 0.009 0.025
8 0.474 0.402 0.011 0.023
8 0.641 0.436 0.012 0.031
8 0.786 0.29 0.02 0.083
8 0.594 0.387 0.009 0.029
7 0.552 0.466 0.009 0.018
7 0.533 0.488 0.01 0.02
7 0.553 0.481 0.008 0.018
7 0.559 0.482 0.008 0.015
8 0.293 0.407 0.009 0.021
7 0.219 0.34 0.01 0.021
7 0.238 0.347 0.011 0.019
