2 0.522 0.578 0.024 0.023
2 0.5 0.578 0.028 0.036
2 0.485 0.584 0.025 0.044
2 0.461 0.584 0.037 0.07
2 0.423 0.588 0.078 0.103
2 0.312 0.611 0.163 0.192
2 0.6 0.578 0.017 0.032
2 0.609 0.582 0.014 0.044
2 0.613 0.586 0.017 0.046
2 0.619 0.589 0.015 0.049
2 0.628 0.588 0.02 0.055
2 0.644 0.593 0.031 0.065
2 0.679 0.594 0.069 0.101
2 0.742 0.614 0.123 0.151
2 0.839 0.672 0.188 0.201
2 0.933 0.724 0.131 0.334
0 0.541 0.579 0.012 0.057
11 0.975 0.508 0.024 0.083
10 0.552 0.56 0.009 0.017
11 0.978 0.43 0.024 0.066
