10 0.792 0.226 0.026 0.085
8 0.511 0.321 0.012 0.052
10 0.503 0.328 0.011 0.049
8 0.309 0.42 0.013 0.05
8 0.155 0.54 0.017 0.023
11 0.131 0.486 0.022 0.019
11 0.139 0.516 0.024 0.017
11 0.529 0.485 0.021 0.021
8 0.544 0.525 0.016 0.024
10 0.992 0.388 0.015 0.062
11 0.696 0.36 0.011 0.064
11 0.702 0.454 0.019 0.049
11 0.914 0.196 0.033 0.118
0 0.84 0.589 0.032 0.09
0 0.919 0.654 0.057 0.224
0 0.899 0.73 0.096 0.3
0 0.971 0.693 0.055 0.35
0 0.038 0.743 0.076 0.279
0 0.664 0.569 0.013 0.033
0 0.625 0.604 0.015 0.064
0 0.614 0.597 0.017 0.071
0 0.512 0.6 0.014 0.061
0 0.498 0.586 0.012 0.042
0 0.488 0.698 0.068 0.217
0 0.482 0.713 0.057 0.241
0 0.539 0.712 0.098 0.315
2 0.923 0.581 0.113 0.104
0 0.568 0.704 0.129 0.36
2 0.74 0.643 0.221 0.142
2 0.426 0.573 0.017 0.029
2 0.433 0.588 0.015 0.04
2 0.443 0.595 0.019 0.05
2 0.456 0.608 0.02 0.045
2 0.399 0.586 0.014 0.021
2 0.387 0.583 0.01 0.019
2 0.38 0.586 0.008 0.028
2 0.374 0.588 0.012 0.029
2 0.366 0.594 0.01 0.036
2 0.263 0.628 0.222 0.123
10 0.453 0.4 0.013 0.045
0 0.322 0.698 0.082 0.331
0 0.237 0.63 0.034 0.161
0 0.348 0.732 0.098 0.314
0 0.42 0.786 0.12 0.414
0 0.269 0.756 0.098 0.423
0 0.202 0.721 0.07 0.34
0 0.135 0.727 0.083 0.248
