11 0.833 0.081 0.027 0.04
11 0.834 0.122 0.032 0.031
11 0.829 0.162 0.026 0.037
11 0.827 0.197 0.024 0.035
11 0.908 0.165 0.015 0.024
11 0.7 0.229 0.016 0.017
11 0.697 0.247 0.014 0.017
7 0.552 0.278 0.005 0.026
7 0.604 0.214 0.006 0.031
3 0.588 0.282 0.017 0.014
2 0.546 0.298 0.01 0.014
2 0.602 0.296 0.008 0.014
2 0.843 0.333 0.124 0.152
2 0.931 0.332 0.134 0.266
0 0.799 0.323 0.038 0.165
2 0.564 0.301 0.02 0.029
2 0.588 0.305 0.025 0.035
2 0.613 0.297 0.014 0.018
2 0.702 0.372 0.168 0.205
1 0.089 0.328 0.017 0.06
1 0.188 0.312 0.015 0.043
1 0.218 0.302 0.015 0.034
5 0.085 0.365 0.034 0.047
5 0.189 0.344 0.022 0.034
6 0.228 0.341 0.03 0.044
5 0.282 0.327 0.022 0.035
1 0.444 0.292 0.009 0.018
6 0.448 0.311 0.012 0.023
