2 0.181 0.47 0.015 0.019
2 0.198 0.488 0.008 0.027
2 0.208 0.491 0.012 0.022
2 0.165 0.491 0.027 0.017
2 0.171 0.533 0.055 0.068
2 0.294 0.503 0.025 0.032
2 0.315 0.502 0.023 0.034
2 0.423 0.513 0.038 0.033
2 0.59 0.505 0.008 0.022
2 0.583 0.511 0.011 0.015
2 0.587 0.53 0.012 0.022
2 0.576 0.531 0.012 0.029
2 0.564 0.523 0.015 0.029
2 0.62 0.515 0.012 0.017
2 0.63 0.516 0.011 0.015
2 0.64 0.525 0.012 0.022
2 0.677 0.533 0.019 0.034
2 0.69 0.54 0.026 0.034
2 0.711 0.548 0.034 0.049
2 0.778 0.554 0.059 0.075
2 0.865 0.577 0.09 0.087
2 0.925 0.601 0.112 0.107
2 0.978 0.624 0.041 0.1
2 0.077 0.531 0.155 0.324
2 0.233 0.495 0.04 0.046
2 0.343 0.505 0.061 0.075
2 0.656 0.527 0.016 0.022
2 0.554 0.532 0.031 0.036
4 0.542 0.506 0.033 0.049
5 0.273 0.502 0.011 0.022
0 0.275 0.489 0.01 0.019
0 0.385 0.493 0.016 0.012
5 0.383 0.515 0.012 0.032
11 0.247 0.418 0.012 0.024
11 0.262 0.433 0.018 0.024
11 0.794 0.478 0.016 0.032
11 0.717 0.484 0.011 0.024
11 0.509 0.472 0.011 0.019
10 0.539 0.414 0.004 0.019
2 0.665 0.465 0.005 0.019
2 0.674 0.46 0.007 0.019
0 0.168 0.467 0.005 0.019
11 0.583 0.461 0.008 0.014
11 0.613 0.474 0.01 0.019
11 0.612 0.492 0.012 0.021
0 0.477 0.517 0.007 0.047
