2 0.395 0.341 0.02 0.04
2 0.37 0.34 0.04 0.055
2 0.341 0.342 0.027 0.042
2 0.321 0.339 0.023 0.036
2 0.303 0.345 0.021 0.032
2 0.501 0.342 0.033 0.053
2 0.506 0.352 0.023 0.055
2 0.515 0.358 0.026 0.063
2 0.554 0.366 0.071 0.099
3 0.439 0.307 0.065 0.154
4 0.385 0.311 0.024 0.04
3 0.401 0.313 0.011 0.025
2 0.052 0.348 0.039 0.04
0 0.007 0.34 0.013 0.051
0 0.139 0.339 0.018 0.063
0 0.107 0.345 0.014 0.068
0 0.226 0.339 0.009 0.038
0 0.231 0.339 0.008 0.038
0 0.748 0.367 0.017 0.087
0 0.612 0.355 0.015 0.076
0 0.274 0.34 0.006 0.025
0 0.269 0.34 0.006 0.03
0 0.261 0.339 0.007 0.04
0 0.242 0.333 0.011 0.049
11 0.32 0.241 0.023 0.017
11 0.092 0.244 0.015 0.049
11 0.665 0.232 0.024 0.074
7 0.275 0.301 0.007 0.019
7 0.34 0.23 0.008 0.025
7 0.497 0.289 0.005 0.03
