0 0.035 0.521 0.031 0.13
0 0.16 0.493 0.019 0.073
0 0.181 0.491 0.017 0.077
0 0.202 0.493 0.015 0.084
0 0.219 0.495 0.021 0.081
0 0.797 0.458 0.014 0.081
0 0.906 0.473 0.017 0.101
0 0.956 0.478 0.032 0.129
8 0.492 0.4 0.008 0.013
9 0.437 0.357 0.007 0.029
10 0.291 0.363 0.012 0.039
10 0.277 0.426 0.011 0.028
8 0.642 0.38 0.012 0.018
4 0.706 0.44 0.143 0.252
2 0.615 0.467 0.054 0.073
2 0.55 0.469 0.074 0.121
2 0.47 0.475 0.068 0.105
0 0.295 0.474 0.018 0.059
0 0.296 0.483 0.011 0.057
0 0.311 0.483 0.014 0.064
0 0.326 0.482 0.02 0.055
0 0.35 0.464 0.01 0.05
0 0.359 0.464 0.009 0.05
0 0.422 0.456 0.009 0.048
0 0.43 0.46 0.006 0.044
0 0.379 0.46 0.007 0.057
