11 0.399 0.502 0.034 0.031
11 0.427 0.541 0.019 0.023
11 0.372 0.532 0.012 0.02
11 0.741 0.309 0.04 0.069
11 0.899 0.372 0.029 0.031
11 0.914 0.409 0.033 0.028
11 0.88 0.46 0.023 0.068
7 0.463 0.555 0.011 0.02
2 0.493 0.593 0.019 0.02
2 0.517 0.6 0.032 0.033
2 0.545 0.596 0.027 0.051
2 0.48 0.591 0.011 0.02
2 0.721 0.619 0.077 0.122
2 0.256 0.597 0.02 0.033
2 0.23 0.599 0.032 0.036
2 0.412 0.6 0.072 0.099
2 0.466 0.596 0.021 0.031
2 0.621 0.637 0.163 0.194
7 0.629 0.093 0.046 0.083
8 0.899 0.447 0.017 0.041
