2 0.476 0.52 0.009 0.02
2 0.466 0.525 0.01 0.022
2 0.488 0.524 0.007 0.014
2 0.453 0.535 0.022 0.032
2 0.361 0.575 0.111 0.155
5 0.615 0.556 0.018 0.04
5 0.639 0.543 0.034 0.069
0 0.296 0.536 0.011 0.051
0 0.531 0.53 0.011 0.046
2 0.497 0.529 0.01 0.037
2 0.68 0.521 0.015 0.077
2 0.666 0.526 0.015 0.084
6 0.85 0.603 0.069 0.093
11 0.733 0.377 0.031 0.058
11 0.93 0.27 0.05 0.159
11 0.598 0.457 0.032 0.037
11 0.125 0.392 0.019 0.044
5 0.127 0.587 0.062 0.044
10 0.499 0.455 0.008 0.021
11 0.647 0.444 0.021 0.032
