11 0.16 0.414 0.027 0.059
11 0.454 0.497 0.016 0.028
11 0.755 0.247 0.014 0.023
11 0.867 0.482 0.039 0.062
10 0.77 0.313 0.012 0.078
8 0.757 0.451 0.02 0.035
8 0.541 0.508 0.013 0.024
10 0.784 0.452 0.019 0.031
0 0.057 0.586 0.035 0.139
0 0.086 0.586 0.037 0.125
0 0.13 0.586 0.024 0.111
0 0.178 0.59 0.017 0.092
0 0.514 0.575 0.018 0.073
0 0.696 0.584 0.021 0.08
2 0.015 0.581 0.03 0.055
2 0.427 0.614 0.133 0.151
2 0.957 0.59 0.079 0.099
4 0.728 0.553 0.088 0.118
4 0.798 0.565 0.069 0.087
2 0.859 0.562 0.04 0.036
2 0.887 0.555 0.02 0.026
2 0.909 0.548 0.018 0.029
2 0.207 0.581 0.036 0.045
2 0.205 0.55 0.024 0.016
2 0.206 0.531 0.019 0.016
2 0.241 0.524 0.014 0.012
2 0.223 0.518 0.016 0.017
2 0.344 0.571 0.033 0.033
2 0.322 0.564 0.016 0.029
2 0.319 0.554 0.023 0.033
2 0.301 0.553 0.014 0.017
2 0.292 0.545 0.014 0.016
2 0.283 0.536 0.014 0.016
2 0.274 0.534 0.015 0.017
2 0.264 0.526 0.012 0.016
