2 0.119 0.663 0.083 0.084
2 0.166 0.642 0.079 0.081
2 0.219 0.648 0.04 0.055
2 0.308 0.633 0.019 0.033
2 0.397 0.624 0.017 0.026
2 0.379 0.625 0.023 0.046
2 0.631 0.635 0.048 0.084
2 0.676 0.643 0.074 0.09
2 0.751 0.651 0.117 0.135
2 0.85 0.648 0.131 0.158
2 0.045 0.673 0.089 0.105
2 0.892 0.751 0.214 0.324
2 0.274 0.634 0.046 0.062
2 0.347 0.644 0.067 0.084
2 0.477 0.661 0.156 0.251
2 0.552 0.633 0.015 0.088
4 0.608 0.605 0.075 0.123
10 0.211 0.508 0.009 0.032
10 0.197 0.577 0.011 0.023
10 0.317 0.524 0.006 0.026
7 0.311 0.523 0.006 0.032
8 0.265 0.59 0.01 0.018
10 0.496 0.527 0.006 0.019
11 0.196 0.537 0.023 0.023
11 0.292 0.533 0.028 0.014
11 0.534 0.53 0.024 0.012
