2 0.546 0.58 0.007 0.01
2 0.535 0.58 0.006 0.014
2 0.507 0.584 0.014 0.021
2 0.482 0.587 0.038 0.049
2 0.463 0.582 0.01 0.017
2 0.446 0.597 0.034 0.059
2 0.387 0.582 0.014 0.021
2 0.415 0.605 0.046 0.08
2 0.306 0.595 0.037 0.057
2 0.57 0.58 0.006 0.011
2 0.575 0.579 0.004 0.017
2 0.579 0.582 0.007 0.021
2 0.61 0.589 0.02 0.049
2 0.626 0.595 0.029 0.066
2 0.65 0.598 0.04 0.077
2 0.699 0.58 0.084 0.141
2 0.34 0.622 0.104 0.115
2 0.591 0.582 0.016 0.025
2 0.747 0.613 0.109 0.13
2 0.126 0.626 0.251 0.361
2 0.921 0.681 0.159 0.326
1 0.558 0.588 0.022 0.075
6 0.558 0.623 0.016 0.04
11 0.531 0.527 0.013 0.036
