11 0.248 0.26 0.035 0.085
11 0.185 0.193 0.066 0.096
11 0.186 0.262 0.039 0.034
11 0.572 0.301 0.025 0.021
11 0.731 0.241 0.04 0.077
11 0.731 0.297 0.029 0.029
2 0.059 0.341 0.024 0.033
2 0.11 0.347 0.011 0.031
2 0.158 0.338 0.024 0.033
2 0.174 0.367 0.016 0.033
2 0.248 0.375 0.039 0.067
2 0.275 0.365 0.018 0.047
2 0.291 0.366 0.025 0.042
2 0.397 0.346 0.01 0.016
2 0.43 0.349 0.021 0.031
2 0.408 0.354 0.016 0.026
2 0.486 0.365 0.059 0.073
2 0.457 0.368 0.026 0.047
2 0.438 0.373 0.019 0.038
2 0.387 0.347 0.012 0.021
2 0.369 0.348 0.017 0.023
2 0.323 0.354 0.014 0.02
2 0.312 0.338 0.009 0.01
2 0.31 0.353 0.011 0.023
2 0.013 0.345 0.023 0.054
2 0.442 0.587 0.288 0.397
0 0.632 0.377 0.017 0.089
0 0.949 0.377 0.021 0.09
0 0.894 0.374 0.018 0.067
