2 0.011 0.41 0.023 0.178
2 0.448 0.259 0.011 0.023
2 0.44 0.266 0.011 0.023
2 0.434 0.27 0.017 0.025
2 0.428 0.28 0.021 0.025
2 0.483 0.257 0.02 0.025
2 0.494 0.266 0.02 0.028
2 0.501 0.287 0.026 0.033
2 0.506 0.304 0.024 0.038
2 0.382 0.318 0.026 0.056
2 0.361 0.325 0.033 0.053
2 0.322 0.33 0.052 0.074
2 0.28 0.348 0.056 0.079
2 0.585 0.335 0.042 0.094
2 0.615 0.345 0.076 0.13
2 0.686 0.357 0.13 0.168
2 0.213 0.348 0.105 0.125
2 0.532 0.323 0.046 0.056
2 0.414 0.301 0.03 0.041
2 0.834 0.418 0.285 0.26
2 0.103 0.318 0.075 0.112
