2 0.091 0.769 0.181 0.459
2 0.231 0.615 0.377 0.384
2 0.456 0.527 0.122 0.155
2 0.508 0.493 0.057 0.085
2 0.838 0.539 0.205 0.152
2 0.753 0.491 0.097 0.083
2 0.633 0.465 0.034 0.051
2 0.616 0.459 0.021 0.039
2 0.544 0.456 0.03 0.033
0 0.587 0.482 0.013 0.091
10 0.415 0.387 0.016 0.039
7 0.817 0.401 0.023 0.03
11 0.805 0.357 0.031 0.021
11 0.847 0.308 0.016 0.04
11 0.695 0.407 0.02 0.012
11 0.429 0.356 0.029 0.008
11 0.656 0.418 0.014 0.021
11 0.518 0.39 0.013 0.018
7 0.522 0.288 0.007 0.043
7 0.607 0.326 0.006 0.044
7 0.477 0.387 0.01 0.033
11 0.634 0.421 0.007 0.019
10 0.533 0.288 0.012 0.044
7 0.613 0.326 0.004 0.037
7 0.6 0.327 0.005 0.039
7 0.515 0.295 0.005 0.05
2 0.566 0.45 0.009 0.03
