11 0.418 0.354 0.012 0.009
11 0.405 0.384 0.044 0.056
11 0.255 0.371 0.015 0.012
11 0.302 0.387 0.032 0.031
11 0.268 0.386 0.034 0.029
11 0.31 0.408 0.012 0.032
2 0.297 0.465 0.013 0.019
2 0.285 0.465 0.018 0.022
2 0.264 0.465 0.02 0.026
2 0.173 0.468 0.059 0.051
2 0.376 0.464 0.011 0.012
2 0.397 0.457 0.03 0.019
2 0.423 0.459 0.013 0.01
2 0.435 0.468 0.011 0.017
2 0.45 0.482 0.025 0.048
2 0.471 0.486 0.032 0.053
2 0.491 0.5 0.047 0.075
2 0.368 0.466 0.009 0.024
2 0.357 0.475 0.02 0.044
2 0.342 0.479 0.028 0.049
2 0.404 0.529 0.092 0.133
2 0.324 0.492 0.049 0.065
2 0.567 0.513 0.113 0.158
2 0.225 0.539 0.135 0.141
