8 0.051 0.228 0.022 0.052
8 0.425 0.028 0.021 0.057
10 0.28 0.022 0.024 0.045
8 0.831 0.141 0.038 0.075
8 0.315 0.324 0.008 0.019
8 0.341 0.326 0.009 0.023
8 0.373 0.334 0.009 0.021
10 0.592 0.254 0.018 0.042
11 0.274 0.354 0.018 0.033
11 0.068 0.276 0.015 0.035
11 0.862 0.202 0.051 0.056
11 0.865 0.09 0.084 0.178
11 0.714 0.297 0.012 0.04
2 0.093 0.408 0.041 0.07
2 0.311 0.391 0.017 0.04
2 0.288 0.421 0.032 0.101
2 0.35 0.425 0.104 0.15
0 0.661 0.419 0.029 0.138
0 0.636 0.363 0.024 0.059
0 0.8 0.397 0.024 0.098
0 0.065 0.468 0.067 0.218
0 0.024 0.454 0.049 0.213
2 0.914 0.401 0.047 0.047
2 0.97 0.408 0.059 0.061
2 0.032 0.431 0.047 0.077
2 0.233 0.447 0.131 0.176
2 0.525 0.524 0.301 0.382
2 0.839 0.741 0.322 0.516
11 0.144 0.268 0.013 0.056
11 0.582 0.292 0.013 0.03
