7 0.115 0.248 0.015 0.038
7 0.166 0.385 0.01 0.023
7 0.571 0.412 0.016 0.026
8 0.409 0.409 0.009 0.017
11 0.173 0.234 0.046 0.021
11 0.679 0.429 0.026 0.016
8 0.19 0.373 0.009 0.029
11 0.36 0.41 0.008 0.026
11 0.484 0.399 0.006 0.026
11 0.507 0.413 0.009 0.019
2 0.464 0.432 0.02 0.026
2 0.489 0.435 0.018 0.017
2 0.486 0.45 0.015 0.019
2 0.494 0.46 0.023 0.04
2 0.424 0.43 0.019 0.021
2 0.408 0.433 0.017 0.028
2 0.404 0.442 0.016 0.031
2 0.392 0.451 0.019 0.035
2 0.372 0.46 0.031 0.04
2 0.371 0.47 0.026 0.031
2 0.362 0.478 0.026 0.049
2 0.3 0.442 0.106 0.135
2 0.46 0.465 0.027 0.047
2 0.515 0.469 0.025 0.036
2 0.042 0.49 0.082 0.175
11 0.691 0.301 0.05 0.029
