7 0.52 0.114 0.011 0.038
7 0.41 0.155 0.01 0.041
10 0.028 0.111 0.023 0.113
10 0.011 0.2 0.02 0.049
10 0.531 0.12 0.012 0.034
10 0.511 0.114 0.007 0.03
10 0.61 0.072 0.013 0.053
10 0.628 0.075 0.018 0.047
10 0.833 0.216 0.03 0.043
10 0.407 0.241 0.017 0.023
11 0.41 0.2 0.012 0.011
11 0.817 0.103 0.007 0.021
2 0.118 0.295 0.103 0.077
2 0.421 0.331 0.056 0.107
2 0.31 0.306 0.121 0.098
2 0.493 0.362 0.128 0.207
2 0.123 0.38 0.198 0.205
0 0.664 0.297 0.012 0.051
0 0.633 0.295 0.014 0.043
0 0.607 0.29 0.008 0.041
0 0.578 0.293 0.013 0.055
2 0.706 0.296 0.037 0.032
2 0.839 0.49 0.321 0.484
