2 0.414 0.589 0.011 0.018
2 0.417 0.613 0.015 0.025
2 0.405 0.616 0.019 0.04
2 0.359 0.62 0.019 0.036
2 0.347 0.622 0.015 0.038
2 0.53 0.608 0.05 0.065
2 0.593 0.62 0.093 0.117
2 0.476 0.629 0.091 0.144
2 0.385 0.62 0.037 0.054
3 0.298 0.596 0.091 0.126
2 0.099 0.659 0.146 0.139
2 0.038 0.639 0.049 0.061
2 0.01 0.698 0.019 0.105
4 0.833 0.449 0.33 0.89
11 0.055 0.502 0.024 0.018
10 0.338 0.479 0.018 0.049
7 0.521 0.472 0.023 0.036
7 0.435 0.534 0.014 0.029
10 0.701 0.532 0.024 0.043
10 0.225 0.439 0.013 0.046
10 0.054 0.569 0.02 0.031
11 0.612 0.514 0.016 0.02
11 0.143 0.563 0.025 0.022
10 0.238 0.443 0.014 0.053
