7 0.33 0.248 0.023 0.087
10 0.356 0.252 0.023 0.088
11 0.416 0.229 0.053 0.062
11 0.557 0.215 0.128 0.049
11 0.839 0.278 0.052 0.023
11 0.817 0.213 0.031 0.045
11 0.795 0.16 0.05 0.099
11 0.81 0.354 0.068 0.116
11 0.592 0.558 0.025 0.014
7 0.573 0.505 0.012 0.047
8 0.825 0.438 0.033 0.064
10 0.86 0.429 0.036 0.068
10 0.59 0.601 0.019 0.028
0 0.976 0.717 0.047 0.49
0 0.788 0.685 0.073 0.393
2 0.155 0.761 0.151 0.128
2 0.413 0.715 0.097 0.158
0 0.622 0.692 0.018 0.092
0 0.684 0.665 0.017 0.076
0 0.722 0.667 0.02 0.101
0 0.601 0.676 0.011 0.062
0 0.637 0.667 0.015 0.049
0 0.659 0.67 0.019 0.078
0 0.749 0.662 0.019 0.097
0 0.255 0.708 0.011 0.036
2 0.92 0.63 0.089 0.133
2 0.852 0.635 0.081 0.109
2 0.313 0.708 0.039 0.057
2 0.353 0.709 0.038 0.062
2 0.507 0.683 0.026 0.028
2 0.505 0.665 0.017 0.014
2 0.494 0.675 0.006 0.036
2 0.487 0.674 0.007 0.031
2 0.485 0.662 0.016 0.021
2 0.461 0.653 0.014 0.01
0 0.533 0.661 0.012 0.037
0 0.581 0.705 0.015 0.062
