8 0.049 0.371 0.019 0.028
11 0.458 0.468 0.016 0.047
11 0.806 0.432 0.051 0.068
11 0.852 0.432 0.038 0.051
2 0.412 0.51 0.019 0.019
2 0.399 0.506 0.013 0.013
2 0.386 0.509 0.012 0.015
2 0.374 0.511 0.013 0.011
2 0.358 0.512 0.022 0.021
2 0.473 0.512 0.013 0.017
2 0.529 0.519 0.018 0.021
2 0.503 0.518 0.014 0.015
2 0.622 0.523 0.025 0.021
2 0.599 0.52 0.026 0.023
2 0.577 0.52 0.028 0.028
2 0.732 0.52 0.018 0.015
2 0.758 0.545 0.059 0.036
2 0.696 0.546 0.069 0.055
2 0.675 0.531 0.025 0.026
2 0.888 0.558 0.061 0.045
2 0.95 0.557 0.017 0.017
2 0.92 0.575 0.061 0.036
2 0.965 0.58 0.066 0.038
2 0.645 0.526 0.02 0.019
2 0.551 0.525 0.022 0.021
2 0.832 0.53 0.029 0.023
11 0.754 0.489 0.01 0.021
11 0.881 0.474 0.013 0.034
11 0.658 0.504 0.014 0.013
11 0.411 0.487 0.013 0.017
2 0.336 0.512 0.03 0.034
2 0.445 0.533 0.062 0.074
11 0.696 0.086 0.105 0.164
