0 0.202 0.657 0.017 0.085
2 0.869 0.769 0.262 0.312
2 0.268 0.69 0.114 0.122
2 0.414 0.664 0.026 0.036
2 0.444 0.657 0.031 0.04
2 0.519 0.674 0.043 0.061
2 0.569 0.682 0.034 0.038
2 0.318 0.676 0.043 0.102
2 0.343 0.666 0.022 0.087
2 0.352 0.666 0.02 0.075
2 0.469 0.666 0.015 0.028
0 0.15 0.647 0.022 0.105
0 0.135 0.644 0.016 0.108
0 0.113 0.647 0.021 0.11
0 0.094 0.647 0.019 0.108
0 0.064 0.642 0.021 0.102
0 0.648 0.694 0.013 0.063
0 0.638 0.696 0.009 0.057
0 0.684 0.704 0.013 0.057
0 0.215 0.64 0.007 0.043
0 0.173 0.657 0.021 0.101
7 0.405 0.552 0.006 0.026
7 0.548 0.57 0.007 0.03
7 0.292 0.588 0.006 0.023
8 0.683 0.643 0.006 0.017
10 0.698 0.642 0.013 0.017
11 0.687 0.607 0.018 0.011
11 0.611 0.614 0.014 0.01
10 0.54 0.569 0.01 0.037
11 0.688 0.581 0.018 0.016
11 0.682 0.563 0.01 0.011
11 0.288 0.565 0.01 0.006
