2 0.054 0.671 0.107 0.433
2 0.158 0.52 0.262 0.256
2 0.305 0.485 0.055 0.083
2 0.388 0.485 0.055 0.104
2 0.413 0.49 0.022 0.05
2 0.737 0.452 0.071 0.09
2 0.849 0.458 0.109 0.083
2 0.974 0.436 0.049 0.102
2 0.348 0.494 0.102 0.149
2 0.471 0.493 0.105 0.182
7 0.359 0.224 0.017 0.055
7 0.319 0.396 0.011 0.024
8 0.427 0.371 0.012 0.024
8 0.673 0.234 0.021 0.068
10 0.552 0.375 0.015 0.026
11 0.534 0.242 0.03 0.043
11 0.522 0.376 0.018 0.033
11 0.549 0.411 0.022 0.019
11 0.534 0.161 0.032 0.055
11 0.52 0.313 0.019 0.033
11 0.546 0.306 0.018 0.012
11 0.547 0.423 0.013 0.028
11 0.7 0.103 0.042 0.13
11 0.668 0.083 0.024 0.085
11 0.522 0.41 0.015 0.033
11 0.536 0.347 0.019 0.037
