11 0.436 0.337 0.031 0.044
11 0.472 0.338 0.039 0.042
2 0.19 0.42 0.068 0.043
2 0.589 0.439 0.037 0.039
2 0.44 0.524 0.218 0.335
2 0.605 0.406 0.014 0.018
2 0.636 0.422 0.018 0.021
2 0.655 0.436 0.02 0.028
2 0.766 0.427 0.015 0.018
2 0.706 0.421 0.012 0.012
2 0.926 0.446 0.02 0.02
11 0.687 0.409 0.01 0.02
11 0.758 0.366 0.032 0.037
11 0.824 0.371 0.026 0.036
2 0.047 0.445 0.091 0.07
11 0.814 0.424 0.008 0.027
11 0.961 0.299 0.074 0.103
8 0.281 0.341 0.01 0.03
10 0.303 0.331 0.011 0.038
8 0.309 0.371 0.011 0.017
2 0.272 0.397 0.014 0.011
2 0.91 0.44 0.015 0.014
