11 0.481 0.249 0.015 0.022
8 0.496 0.201 0.007 0.017
8 0.42 0.192 0.005 0.022
8 0.337 0.216 0.006 0.013
10 0.202 0.17 0.006 0.027
10 0.193 0.167 0.009 0.028
10 0.163 0.192 0.01 0.025
10 0.427 0.192 0.004 0.022
10 0.063 0.25 0.012 0.03
2 0.404 0.256 0.017 0.013
2 0.41 0.271 0.015 0.023
2 0.435 0.272 0.02 0.025
2 0.405 0.243 0.013 0.013
2 0.396 0.269 0.013 0.028
2 0.387 0.244 0.024 0.015
2 0.38 0.251 0.015 0.017
2 0.362 0.25 0.012 0.013
2 0.374 0.267 0.016 0.018
2 0.36 0.264 0.012 0.015
2 0.389 0.278 0.023 0.027
3 0.339 0.259 0.032 0.035
2 0.457 0.292 0.026 0.048
2 0.302 0.29 0.037 0.053
2 0.355 0.323 0.062 0.093
2 0.425 0.333 0.052 0.083
3 0.253 0.277 0.072 0.082
4 0.537 0.324 0.154 0.235
11 0.544 0.194 0.02 0.008
2 0.822 0.44 0.352 0.355
2 0.971 0.603 0.055 0.306
