11 0.12 0.449 0.049 0.022
11 0.6 0.461 0.018 0.016
11 0.738 0.437 0.038 0.029
11 0.081 0.498 0.024 0.018
11 0.083 0.439 0.026 0.043
11 0.527 0.43 0.04 0.016
11 0.598 0.477 0.02 0.016
11 0.752 0.358 0.023 0.038
10 0.078 0.545 0.014 0.022
10 0.069 0.548 0.019 0.027
10 0.61 0.512 0.019 0.027
10 0.759 0.483 0.021 0.031
11 0.664 0.553 0.019 0.043
1 0.023 0.623 0.035 0.101
5 0.024 0.654 0.038 0.092
0 0.638 0.578 0.018 0.072
0 0.81 0.572 0.033 0.146
0 0.78 0.569 0.03 0.132
1 0.069 0.619 0.013 0.045
5 0.069 0.641 0.024 0.034
7 0.157 0.435 0.011 0.049
10 0.167 0.434 0.009 0.043
2 0.194 0.614 0.047 0.056
2 0.358 0.59 0.049 0.061
2 0.515 0.582 0.015 0.045
3 0.252 0.555 0.073 0.094
2 0.268 0.608 0.11 0.157
2 0.542 0.585 0.05 0.057
2 0.436 0.622 0.15 0.283
7 0.468 0.428 0.009 0.034
6 0.307 0.547 0.009 0.02
11 0.854 0.428 0.015 0.02
11 0.754 0.403 0.039 0.047
4 0.481 0.546 0.056 0.117
