10 0.049 0.011 0.057 0.022
10 0.042 0.274 0.047 0.083
7 0.1 0.281 0.021 0.072
11 0.072 0.09 0.046 0.077
11 0.341 0.317 0.028 0.019
11 0.459 0.392 0.012 0.016
11 0.465 0.416 0.009 0.014
7 0.327 0.351 0.024 0.033
7 0.526 0.25 0.011 0.046
0 0.096 0.483 0.018 0.097
0 0.181 0.508 0.014 0.06
0 0.218 0.487 0.024 0.101
0 0.245 0.493 0.022 0.095
2 0.528 0.465 0.009 0.016
4 0.481 0.461 0.035 0.079
2 0.512 0.482 0.041 0.06
2 0.535 0.472 0.007 0.031
2 0.541 0.477 0.016 0.044
2 0.566 0.479 0.039 0.072
2 0.581 0.489 0.034 0.075
2 0.625 0.488 0.08 0.114
2 0.735 0.424 0.063 0.02
2 0.908 0.489 0.068 0.118
2 0.831 0.491 0.125 0.166
2 0.738 0.516 0.176 0.173
2 0.95 0.456 0.098 0.072
2 0.964 0.509 0.071 0.11
2 0.984 0.564 0.031 0.125
2 0.43 0.502 0.052 0.075
3 0.622 0.424 0.073 0.065
