7 0.53 0.361 0.009 0.012
7 0.523 0.359 0.01 0.02
11 0.492 0.29 0.023 0.015
11 0.637 0.348 0.021 0.044
11 0.569 0.377 0.022 0.026
11 0.569 0.397 0.014 0.02
11 0.569 0.416 0.012 0.021
11 0.51 0.345 0.012 0.014
11 0.469 0.375 0.009 0.014
11 0.466 0.371 0.007 0.014
2 0.512 0.382 0.009 0.012
2 0.5 0.383 0.014 0.014
2 0.479 0.383 0.013 0.014
2 0.455 0.383 0.011 0.017
2 0.445 0.383 0.018 0.029
2 0.352 0.397 0.013 0.021
2 0.336 0.392 0.021 0.026
11 0.549 0.327 0.018 0.031
8 0.349 0.354 0.009 0.02
11 0.775 0.343 0.043 0.053
11 0.776 0.387 0.025 0.031
