7 0.268 0.255 0.008 0.026
10 0.262 0.254 0.007 0.028
10 0.415 0.268 0.008 0.019
11 0.237 0.261 0.021 0.014
11 0.444 0.279 0.025 0.014
11 0.482 0.279 0.012 0.014
11 0.522 0.295 0.016 0.016
0 0.229 0.346 0.009 0.035
0 0.222 0.336 0.008 0.042
0 0.708 0.377 0.013 0.03
0 0.698 0.401 0.017 0.089
0 0.591 0.368 0.011 0.047
0 0.578 0.36 0.011 0.021
2 0.21 0.356 0.029 0.059
2 0.274 0.341 0.015 0.021
2 0.266 0.347 0.012 0.028
2 0.247 0.337 0.022 0.021
2 0.183 0.361 0.041 0.061
2 0.161 0.359 0.042 0.08
2 0.125 0.368 0.07 0.089
2 0.102 0.375 0.065 0.084
2 0.323 0.359 0.015 0.023
2 0.326 0.344 0.012 0.021
2 0.357 0.367 0.05 0.101
2 0.39 0.337 0.017 0.03
2 0.502 0.414 0.082 0.12
2 0.563 0.394 0.053 0.066
3 0.427 0.339 0.053 0.035
2 0.247 0.361 0.033 0.037
2 0.413 0.45 0.141 0.192
2 0.626 0.409 0.086 0.087
4 0.796 0.426 0.189 0.171
4 0.299 0.333 0.044 0.094
4 0.044 0.371 0.089 0.159
2 0.949 0.46 0.1 0.192
