11 0.377 0.393 0.01 0.023
11 0.48 0.394 0.009 0.021
2 0.432 0.415 0.012 0.018
2 0.421 0.419 0.011 0.02
2 0.411 0.421 0.019 0.024
2 0.405 0.427 0.014 0.02
2 0.399 0.43 0.015 0.033
2 0.387 0.429 0.019 0.041
2 0.368 0.43 0.033 0.072
2 0.346 0.441 0.039 0.08
2 0.313 0.447 0.066 0.103
2 0.283 0.458 0.088 0.131
2 0.182 0.478 0.19 0.204
2 0.445 0.422 0.016 0.024
2 0.452 0.426 0.014 0.029
2 0.47 0.429 0.039 0.044
2 0.474 0.437 0.028 0.046
2 0.477 0.442 0.023 0.051
2 0.504 0.461 0.046 0.1
2 0.525 0.466 0.059 0.132
2 0.601 0.483 0.16 0.193
2 0.693 0.464 0.039 0.087
2 0.088 0.573 0.177 0.325
2 0.828 0.646 0.341 0.434
