2 0.045 0.475 0.063 0.05
2 0.024 0.46 0.042 0.037
2 0.092 0.458 0.037 0.042
2 0.237 0.467 0.054 0.092
2 0.27 0.457 0.014 0.027
2 0.286 0.458 0.02 0.029
2 0.303 0.457 0.016 0.027
2 0.317 0.455 0.014 0.023
2 0.416 0.456 0.014 0.037
2 0.462 0.456 0.012 0.021
2 0.545 0.452 0.014 0.029
2 0.552 0.454 0.012 0.033
2 0.558 0.456 0.014 0.037
2 0.566 0.456 0.019 0.037
2 0.576 0.458 0.026 0.05
2 0.599 0.46 0.049 0.067
2 0.627 0.472 0.044 0.069
2 0.668 0.473 0.069 0.096
2 0.716 0.485 0.094 0.108
2 0.847 0.48 0.223 0.206
2 0.449 0.458 0.023 0.025
2 0.385 0.454 0.05 0.067
2 0.148 0.505 0.186 0.168
2 0.009 0.476 0.018 0.056
2 0.973 0.558 0.051 0.179
