7 0.471 0.343 0.008 0.033
7 0.228 0.334 0.012 0.039
7 0.394 0.433 0.006 0.015
7 0.423 0.437 0.006 0.015
7 0.406 0.443 0.006 0.015
10 0.216 0.333 0.01 0.046
10 0.463 0.342 0.006 0.031
0 0.596 0.473 0.008 0.051
0 0.164 0.516 0.008 0.046
0 0.565 0.475 0.009 0.031
11 0.028 0.38 0.017 0.017
11 0.044 0.396 0.025 0.017
10 0.027 0.45 0.019 0.026
11 0.038 0.496 0.015 0.013
11 0.515 0.435 0.008 0.026
2 0.321 0.488 0.013 0.026
2 0.312 0.494 0.012 0.039
2 0.307 0.498 0.015 0.042
2 0.38 0.482 0.014 0.024
2 0.43 0.461 0.012 0.009
2 0.409 0.468 0.012 0.015
2 0.48 0.475 0.013 0.018
2 0.531 0.468 0.023 0.031
2 0.836 0.512 0.2 0.191
2 0.941 0.526 0.113 0.266
2 0.02 0.546 0.038 0.116
0 0.099 0.527 0.01 0.066
0 0.974 0.418 0.026 0.053
4 0.466 0.447 0.024 0.035
4 0.239 0.492 0.128 0.191
2 0.343 0.495 0.038 0.057
2 0.36 0.49 0.012 0.022
2 0.406 0.486 0.018 0.02
2 0.391 0.483 0.014 0.018
2 0.502 0.48 0.029 0.053
2 0.542 0.488 0.038 0.048
2 0.65 0.492 0.093 0.099
2 0.445 0.517 0.083 0.112
11 0.61 0.378 0.01 0.013
