11 0.796 0.263 0.024 0.052
11 0.787 0.318 0.015 0.049
11 0.811 0.324 0.021 0.066
0 0.307 0.521 0.013 0.061
0 0.344 0.504 0.011 0.033
2 0.293 0.528 0.032 0.052
2 0.18 0.547 0.062 0.098
2 0.504 0.496 0.011 0.021
2 0.51 0.499 0.012 0.026
2 0.518 0.499 0.013 0.03
2 0.526 0.503 0.013 0.03
2 0.536 0.506 0.017 0.035
2 0.553 0.51 0.03 0.045
2 0.584 0.51 0.055 0.073
2 0.599 0.522 0.034 0.077
2 0.626 0.517 0.066 0.105
2 0.777 0.497 0.044 0.042
2 0.822 0.489 0.113 0.063
2 0.933 0.493 0.086 0.056
2 0.417 0.494 0.015 0.016
2 0.251 0.529 0.067 0.082
2 0.702 0.525 0.133 0.145
2 0.468 0.496 0.017 0.026
3 0.4 0.489 0.025 0.045
2 0.08 0.555 0.16 0.152
