7 0.535 0.429 0.006 0.026
7 0.339 0.408 0.008 0.028
10 0.331 0.409 0.005 0.026
10 0.529 0.429 0.007 0.017
10 0.24 0.469 0.016 0.026
11 0.294 0.407 0.031 0.013
11 0.568 0.433 0.025 0.013
11 0.746 0.408 0.013 0.036
11 0.754 0.373 0.017 0.03
11 0.762 0.415 0.016 0.028
11 0.632 0.419 0.017 0.011
11 0.64 0.437 0.011 0.013
11 0.321 0.443 0.011 0.011
0 0.816 0.547 0.022 0.049
0 0.882 0.56 0.035 0.139
0 0.306 0.516 0.025 0.051
0 0.72 0.542 0.011 0.073
2 0.781 0.54 0.062 0.055
2 0.722 0.537 0.046 0.043
2 0.522 0.51 0.014 0.034
2 0.512 0.502 0.012 0.028
2 0.456 0.505 0.011 0.021
2 0.066 0.505 0.13 0.09
2 0.169 0.633 0.336 0.32
0 0.576 0.539 0.019 0.079
2 0.558 0.527 0.068 0.098
2 0.409 0.529 0.076 0.124
2 0.661 0.552 0.096 0.119
4 0.591 0.509 0.031 0.1
4 0.64 0.511 0.086 0.134
4 0.494 0.498 0.024 0.049
4 0.473 0.499 0.02 0.051
11 0.25 0.422 0.013 0.012
2 0.368 0.503 0.022 0.028
