2 0.053 0.65 0.105 0.387
2 0.113 0.669 0.019 0.029
2 0.132 0.672 0.017 0.023
2 0.151 0.674 0.039 0.055
2 0.175 0.68 0.02 0.017
2 0.194 0.683 0.021 0.017
2 0.219 0.683 0.028 0.034
2 0.235 0.686 0.02 0.034
2 0.251 0.678 0.019 0.069
2 0.284 0.688 0.081 0.101
7 0.247 0.402 0.012 0.061
10 0.264 0.403 0.015 0.061
11 0.375 0.524 0.022 0.018
11 0.365 0.543 0.018 0.02
11 0.36 0.569 0.025 0.02
10 0.377 0.595 0.014 0.021
8 0.666 0.498 0.017 0.049
11 0.635 0.448 0.05 0.041
1 0.456 0.703 0.092 0.274
5 0.458 0.748 0.087 0.173
2 0.753 0.723 0.477 0.295
