7 0.715 0.138 0.011 0.094
7 0.43 0.304 0.016 0.045
8 0.732 0.124 0.011 0.08
8 0.611 0.441 0.007 0.028
8 0.522 0.485 0.005 0.019
8 0.564 0.484 0.004 0.026
8 0.544 0.492 0.004 0.019
8 0.528 0.491 0.005 0.03
2 0.56 0.52 0.011 0.023
2 0.538 0.516 0.005 0.028
2 0.528 0.518 0.012 0.023
2 0.546 0.524 0.011 0.026
2 0.461 0.531 0.015 0.016
2 0.446 0.534 0.011 0.019
2 0.43 0.529 0.016 0.016
2 0.379 0.536 0.026 0.026
2 0.218 0.545 0.033 0.03
11 0.433 0.355 0.021 0.049
11 0.433 0.384 0.041 0.028
8 0.539 0.439 0.008 0.04
8 0.436 0.45 0.009 0.023
