2 0.905 0.617 0.187 0.252
2 0.104 0.549 0.117 0.108
2 0.634 0.569 0.154 0.185
2 0.475 0.516 0.028 0.045
2 0.526 0.51 0.042 0.054
2 0.385 0.51 0.027 0.037
2 0.334 0.518 0.037 0.037
2 0.416 0.515 0.019 0.035
2 0.179 0.527 0.054 0.089
2 0.224 0.529 0.042 0.06
2 0.248 0.524 0.029 0.058
2 0.271 0.526 0.026 0.046
2 0.292 0.522 0.03 0.037
2 0.36 0.512 0.028 0.042
2 0.452 0.51 0.021 0.029
2 0.435 0.511 0.014 0.035
2 0.57 0.521 0.039 0.073
7 0.368 0.438 0.007 0.04
7 0.49 0.43 0.008 0.035
10 0.484 0.433 0.009 0.033
8 0.401 0.464 0.007 0.025
8 0.445 0.462 0.006 0.017
11 0.654 0.43 0.015 0.019
11 0.65 0.452 0.011 0.031
2 0.488 0.502 0.015 0.023
