8 0.383 0.487 0.007 0.016
11 0.473 0.465 0.03 0.018
10 0.499 0.473 0.005 0.021
10 0.506 0.478 0.006 0.02
10 0.52 0.479 0.005 0.018
11 0.557 0.546 0.016 0.03
2 0.37 0.586 0.034 0.068
2 0.36 0.594 0.029 0.071
2 0.336 0.584 0.055 0.121
2 0.268 0.574 0.122 0.173
2 0.165 0.6 0.199 0.203
2 0.054 0.61 0.109 0.276
2 0.476 0.579 0.019 0.03
2 0.438 0.61 0.081 0.135
2 0.521 0.662 0.152 0.277
0 0.601 0.61 0.015 0.03
0 0.609 0.619 0.013 0.028
0 0.621 0.615 0.009 0.034
0 0.633 0.628 0.01 0.053
0 0.644 0.625 0.009 0.039
0 0.655 0.633 0.011 0.037
0 0.668 0.626 0.009 0.043
0 0.681 0.632 0.012 0.053
0 0.698 0.634 0.015 0.064
0 0.731 0.642 0.02 0.092
0 0.775 0.652 0.014 0.087
0 0.795 0.658 0.018 0.082
0 0.837 0.666 0.024 0.1
0 0.87 0.704 0.034 0.176
