2 0.318 0.39 0.013 0.012
2 0.329 0.394 0.014 0.014
2 0.342 0.395 0.008 0.016
2 0.376 0.406 0.012 0.023
2 0.384 0.409 0.016 0.028
2 0.438 0.417 0.021 0.069
2 0.631 0.441 0.221 0.263
2 0.297 0.398 0.007 0.014
2 0.302 0.401 0.009 0.018
2 0.29 0.411 0.014 0.023
2 0.274 0.412 0.02 0.032
2 0.256 0.418 0.022 0.034
2 0.24 0.425 0.022 0.046
2 0.205 0.424 0.052 0.069
2 0.143 0.431 0.077 0.098
2 0.311 0.405 0.012 0.021
2 0.351 0.409 0.02 0.03
2 0.404 0.413 0.032 0.037
2 0.472 0.42 0.073 0.105
2 0.056 0.449 0.113 0.147
2 0.845 0.539 0.31 0.428
