11 0.09 0.517 0.034 0.049
11 0.079 0.473 0.021 0.021
11 0.861 0.47 0.04 0.101
11 0.869 0.557 0.024 0.021
11 0.877 0.384 0.029 0.026
11 0.876 0.357 0.026 0.033
11 0.856 0.402 0.036 0.035
2 0.309 0.624 0.02 0.019
2 0.335 0.62 0.021 0.03
2 0.256 0.632 0.021 0.045
2 0.595 0.656 0.03 0.045
0 0.616 0.656 0.008 0.045
0 0.625 0.668 0.016 0.07
2 0.639 0.644 0.025 0.03
2 0.647 0.666 0.038 0.052
2 0.732 0.657 0.119 0.084
2 0.876 0.646 0.059 0.026
2 0.894 0.68 0.032 0.037
2 0.833 0.728 0.192 0.152
2 0.96 0.686 0.079 0.087
2 0.947 0.774 0.105 0.169
2 0.225 0.636 0.049 0.056
2 0.161 0.643 0.069 0.075
2 0.399 0.664 0.117 0.183
2 0.754 0.695 0.059 0.062
11 0.467 0.587 0.014 0.013
