7 0.426 0.256 0.011 0.063
8 0.064 0.284 0.011 0.05
11 0.449 0.398 0.011 0.027
11 0.488 0.431 0.012 0.021
11 0.497 0.453 0.027 0.021
11 0.535 0.457 0.037 0.019
11 0.632 0.432 0.015 0.031
11 0.598 0.424 0.011 0.012
11 0.6 0.444 0.012 0.015
10 0.977 0.132 0.035 0.094
2 0.606 0.511 0.03 0.044
2 0.527 0.508 0.019 0.025
2 0.442 0.507 0.029 0.04
2 0.561 0.515 0.06 0.089
2 0.488 0.515 0.069 0.11
2 0.809 0.605 0.326 0.412
11 0.084 0.037 0.031 0.064
11 0.188 0.363 0.036 0.027
10 0.212 0.418 0.012 0.039
7 0.569 0.444 0.008 0.025
