7 0.324 0.434 0.011 0.033
7 0.183 0.39 0.008 0.037
10 0.549 0.535 0.016 0.028
10 0.192 0.394 0.009 0.028
11 0.535 0.529 0.011 0.021
11 0.539 0.501 0.025 0.021
11 0.549 0.475 0.018 0.021
11 0.398 0.518 0.011 0.023
0 0.63 0.631 0.016 0.08
0 0.603 0.619 0.012 0.07
0 0.598 0.598 0.012 0.047
0 0.582 0.618 0.024 0.068
0 0.47 0.582 0.015 0.037
2 0.567 0.598 0.024 0.023
2 0.342 0.563 0.017 0.033
2 0.356 0.575 0.032 0.052
2 0.178 0.532 0.015 0.023
2 0.16 0.524 0.018 0.03
2 0.152 0.537 0.021 0.052
2 0.2 0.558 0.057 0.098
2 0.132 0.544 0.034 0.047
2 0.396 0.577 0.074 0.075
2 0.265 0.586 0.161 0.258
2 0.514 0.631 0.136 0.127
4 0.057 0.474 0.115 0.947
2 0.805 0.794 0.389 0.41
0 0.771 0.61 0.015 0.028
