2 0.428 0.485 0.012 0.011
2 0.445 0.484 0.009 0.009
2 0.438 0.483 0.007 0.015
2 0.4 0.486 0.019 0.024
2 0.544 0.493 0.017 0.032
2 0.484 0.485 0.02 0.019
2 0.47 0.483 0.012 0.015
2 0.567 0.494 0.045 0.055
2 0.634 0.505 0.066 0.075
2 0.517 0.497 0.041 0.05
4 0.369 0.485 0.047 0.075
2 0.342 0.502 0.052 0.077
2 0.314 0.517 0.076 0.08
2 0.119 0.571 0.238 0.348
11 0.369 0.41 0.023 0.013
11 0.565 0.414 0.016 0.017
11 0.63 0.391 0.013 0.03
8 0.306 0.417 0.012 0.015
8 0.328 0.451 0.008 0.015
8 0.405 0.404 0.008 0.019
8 0.411 0.436 0.012 0.011
8 0.553 0.403 0.012 0.021
