2 0.304 0.427 0.021 0.029
2 0.294 0.431 0.029 0.029
2 0.331 0.417 0.016 0.02
2 0.328 0.449 0.03 0.059
2 0.245 0.438 0.01 0.022
2 0.233 0.443 0.015 0.016
2 0.217 0.443 0.016 0.02
2 0.275 0.442 0.02 0.031
2 0.376 0.448 0.083 0.167
4 0.43 0.421 0.071 0.151
0 0.475 0.432 0.011 0.071
0 0.532 0.428 0.009 0.067
0 0.556 0.442 0.016 0.116
0 0.572 0.446 0.025 0.126
0 0.622 0.406 0.037 0.059
0 0.77 0.433 0.052 0.171
0 0.522 0.499 0.069 0.224
6 0.324 0.561 0.163 0.19
6 0.383 0.558 0.133 0.2
0 0.164 0.446 0.01 0.041
0 0.156 0.447 0.011 0.039
0 0.139 0.447 0.02 0.059
11 0.553 0.241 0.025 0.084
11 0.229 0.339 0.034 0.02
11 0.46 0.322 0.014 0.018
11 0.464 0.365 0.009 0.035
