8 0.512 0.282 0.007 0.031
8 0.637 0.297 0.01 0.041
10 0.495 0.274 0.012 0.046
7 0.625 0.306 0.012 0.043
10 0.65 0.298 0.009 0.043
11 0.351 0.298 0.021 0.026
11 0.863 0.35 0.023 0.064
11 0.841 0.368 0.021 0.016
11 0.726 0.378 0.019 0.016
8 0.721 0.425 0.015 0.025
2 0.479 0.448 0.012 0.016
2 0.489 0.45 0.013 0.025
2 0.497 0.456 0.013 0.029
2 0.506 0.463 0.01 0.033
2 0.518 0.465 0.019 0.037
2 0.456 0.486 0.021 0.058
2 0.207 0.457 0.105 0.086
2 0.903 0.52 0.113 0.095
2 0.631 0.513 0.116 0.159
2 0.359 0.517 0.201 0.32
2 0.535 0.471 0.026 0.033
2 0.551 0.46 0.015 0.013
2 0.56 0.466 0.021 0.022
2 0.456 0.447 0.015 0.022
11 0.326 0.271 0.025 0.017
11 0.332 0.302 0.015 0.013
11 0.013 0.295 0.02 0.024
7 0.859 0.407 0.019 0.028
