11 0.227 0.32 0.025 0.08
11 0.478 0.372 0.012 0.042
11 0.854 0.354 0.011 0.014
11 0.854 0.378 0.012 0.01
7 0.805 0.355 0.005 0.016
10 0.801 0.354 0.006 0.017
10 0.868 0.322 0.009 0.024
2 0.787 0.425 0.004 0.012
2 0.782 0.42 0.007 0.006
2 0.794 0.423 0.004 0.016
2 0.798 0.425 0.01 0.024
2 0.801 0.427 0.014 0.016
2 0.959 0.439 0.038 0.043
2 0.892 0.507 0.19 0.191
2 0.987 0.482 0.024 0.166
2 0.424 0.454 0.052 0.046
2 0.45 0.49 0.053 0.137
2 0.362 0.474 0.136 0.138
2 0.06 0.54 0.117 0.246
2 0.63 0.536 0.361 0.519
11 0.879 0.395 0.01 0.013
11 0.886 0.387 0.022 0.02
11 0.948 0.349 0.01 0.061
2 0.237 0.535 0.325 0.257
