11 0.75 0.304 0.041 0.046
11 0.722 0.297 0.016 0.046
11 0.398 0.411 0.009 0.018
8 0.657 0.398 0.014 0.021
8 0.462 0.285 0.01 0.012
2 0.459 0.466 0.019 0.021
2 0.48 0.458 0.013 0.022
2 0.398 0.473 0.023 0.032
2 0.375 0.472 0.029 0.058
2 0.355 0.47 0.023 0.057
2 0.336 0.473 0.027 0.06
2 0.311 0.473 0.033 0.065
2 0.273 0.482 0.066 0.094
2 0.211 0.491 0.091 0.115
2 0.117 0.514 0.148 0.176
2 0.029 0.516 0.058 0.195
3 0.515 0.441 0.06 0.096
6 0.725 0.509 0.083 0.128
6 0.75 0.502 0.084 0.143
6 0.827 0.563 0.15 0.175
6 0.921 0.646 0.124 0.193
