2 0.656 0.501 0.01 0.017
2 0.667 0.505 0.013 0.019
2 0.679 0.509 0.01 0.016
2 0.735 0.511 0.036 0.045
2 0.76 0.52 0.044 0.035
2 0.818 0.516 0.075 0.068
2 0.878 0.53 0.07 0.042
11 0.587 0.456 0.02 0.048
2 0.56 0.515 0.015 0.021
2 0.548 0.513 0.009 0.017
2 0.539 0.522 0.019 0.031
2 0.524 0.514 0.017 0.023
2 0.513 0.509 0.009 0.012
2 0.501 0.522 0.022 0.029
2 0.481 0.51 0.014 0.019
2 0.461 0.507 0.02 0.026
2 0.432 0.515 0.028 0.031
2 0.348 0.503 0.011 0.014
2 0.337 0.502 0.009 0.012
2 0.323 0.503 0.014 0.016
2 0.31 0.506 0.013 0.017
2 0.297 0.509 0.012 0.016
2 0.285 0.506 0.014 0.014
2 0.267 0.507 0.013 0.016
2 0.242 0.51 0.012 0.012
2 0.232 0.509 0.015 0.017
2 0.208 0.503 0.018 0.028
2 0.182 0.506 0.033 0.042
2 0.084 0.504 0.024 0.017
2 0.106 0.516 0.036 0.043
2 0.139 0.519 0.057 0.05
2 0.067 0.513 0.049 0.028
