7 0.493 0.52 0.009 0.035
7 0.545 0.527 0.011 0.03
7 0.591 0.582 0.009 0.019
7 0.441 0.577 0.011 0.019
11 0.433 0.555 0.016 0.016
11 0.427 0.538 0.013 0.016
11 0.41 0.575 0.012 0.014
11 0.556 0.571 0.009 0.03
11 0.584 0.565 0.009 0.019
11 0.589 0.542 0.011 0.014
11 0.605 0.549 0.009 0.019
11 0.706 0.499 0.021 0.054
2 0.441 0.62 0.021 0.063
2 0.424 0.618 0.025 0.063
2 0.406 0.631 0.037 0.075
2 0.355 0.637 0.078 0.138
2 0.296 0.654 0.094 0.192
2 0.549 0.609 0.026 0.045
2 0.582 0.615 0.022 0.042
2 0.601 0.616 0.032 0.059
2 0.625 0.625 0.042 0.073
2 0.673 0.636 0.062 0.08
2 0.743 0.658 0.102 0.12
2 0.852 0.681 0.179 0.195
2 0.493 0.644 0.104 0.171
2 0.165 0.691 0.279 0.298
2 0.942 0.713 0.115 0.291
