7 0.439 0.582 0.006 0.015
7 0.426 0.566 0.005 0.017
7 0.528 0.579 0.008 0.017
7 0.523 0.593 0.007 0.015
11 0.631 0.483 0.029 0.036
11 0.63 0.518 0.021 0.043
2 0.39 0.617 0.015 0.028
2 0.385 0.617 0.017 0.028
2 0.378 0.618 0.014 0.034
2 0.369 0.62 0.02 0.037
2 0.355 0.62 0.024 0.036
2 0.345 0.625 0.027 0.037
2 0.331 0.623 0.018 0.049
2 0.318 0.629 0.028 0.052
2 0.291 0.622 0.05 0.073
2 0.258 0.638 0.053 0.064
2 0.213 0.648 0.062 0.067
2 0.15 0.662 0.075 0.092
2 0.529 0.61 0.013 0.032
2 0.54 0.609 0.02 0.041
2 0.54 0.61 0.015 0.043
2 0.545 0.609 0.015 0.041
2 0.557 0.609 0.028 0.049
2 0.561 0.614 0.027 0.05
2 0.579 0.616 0.034 0.056
2 0.6 0.621 0.054 0.065
2 0.648 0.63 0.082 0.101
2 0.762 0.63 0.184 0.2
2 0.414 0.625 0.057 0.073
2 0.061 0.691 0.122 0.216
2 0.89 0.689 0.217 0.298
