11 0.094 0.08 0.017 0.08
11 0.095 0.231 0.016 0.027
11 0.153 0.277 0.019 0.034
11 0.799 0.201 0.021 0.067
11 0.793 0.288 0.022 0.022
11 0.9 0.158 0.054 0.052
11 0.467 0.365 0.011 0.014
11 0.352 0.359 0.017 0.012
8 0.283 0.047 0.018 0.094
7 0.303 0.037 0.019 0.072
11 0.2 0.057 0.09 0.052
1 0.247 0.411 0.02 0.085
5 0.245 0.442 0.012 0.036
0 0.6 0.455 0.011 0.052
0 0.626 0.461 0.011 0.06
11 0.668 0.458 0.014 0.054
11 0.598 0.362 0.009 0.016
11 0.603 0.373 0.012 0.018
0 0.811 0.476 0.017 0.08
11 0.435 0.384 0.019 0.018
8 0.448 0.363 0.006 0.024
8 0.324 0.374 0.006 0.015
8 0.317 0.389 0.006 0.02
8 0.313 0.363 0.008 0.02
11 0.387 0.348 0.017 0.02
7 0.076 0.209 0.016 0.085
7 0.066 0.282 0.035 0.038
10 0.388 0.364 0.009 0.008
10 0.37 0.385 0.003 0.015
0 0.644 0.469 0.04 0.149
0 0.499 0.442 0.007 0.033
0 0.506 0.438 0.008 0.039
0 0.523 0.44 0.01 0.039
0 0.559 0.442 0.009 0.039
0 0.675 0.469 0.017 0.023
0 0.531 0.437 0.009 0.049
2 0.407 0.42 0.014 0.033
2 0.433 0.429 0.011 0.021
2 0.362 0.419 0.016 0.021
2 0.387 0.412 0.029 0.059
2 0.413 0.423 0.011 0.023
2 0.453 0.421 0.026 0.051
11 0.486 0.391 0.008 0.007
2 0.475 0.424 0.02 0.034
7 0.96 0.12 0.028 0.09
8 0.932 0.115 0.025 0.093
