2 0.456 0.435 0.011 0.021
2 0.428 0.443 0.022 0.033
2 0.406 0.452 0.026 0.045
2 0.487 0.435 0.011 0.016
2 0.498 0.435 0.019 0.021
2 0.509 0.435 0.011 0.026
2 0.518 0.434 0.011 0.033
2 0.527 0.434 0.015 0.037
2 0.539 0.435 0.024 0.045
2 0.549 0.442 0.017 0.045
2 0.558 0.444 0.018 0.043
2 0.572 0.442 0.028 0.073
2 0.584 0.446 0.03 0.075
2 0.615 0.45 0.074 0.103
2 0.638 0.463 0.071 0.105
2 0.662 0.477 0.053 0.105
2 0.306 0.465 0.029 0.056
2 0.285 0.463 0.026 0.063
2 0.255 0.469 0.047 0.084
2 0.211 0.481 0.069 0.084
2 0.132 0.502 0.105 0.103
4 0.797 0.47 0.26 0.251
4 0.366 0.443 0.062 0.112
2 0.469 0.438 0.012 0.022
2 0.445 0.44 0.017 0.03
2 0.044 0.507 0.089 0.15
6 0.906 0.532 0.187 0.23
