8 0.094 0.4 0.033 0.036
8 0.473 0.126 0.022 0.085
8 0.63 0.38 0.018 0.039
7 0.447 0.135 0.026 0.087
11 0.436 0.454 0.012 0.022
11 0.426 0.453 0.011 0.019
11 0.31 0.462 0.014 0.019
11 0.319 0.465 0.011 0.019
11 0.253 0.409 0.023 0.024
11 0.395 0.456 0.01 0.022
11 0.139 0.374 0.016 0.022
11 0.101 0.319 0.042 0.034
11 0.132 0.3 0.019 0.029
2 0.22 0.528 0.102 0.131
2 0.508 0.494 0.094 0.126
2 0.274 0.517 0.025 0.051
2 0.273 0.5 0.055 0.095
2 0.304 0.49 0.027 0.075
2 0.312 0.493 0.022 0.056
2 0.326 0.494 0.019 0.049
2 0.455 0.498 0.026 0.056
2 0.436 0.498 0.023 0.046
2 0.426 0.49 0.025 0.041
2 0.411 0.487 0.02 0.034
2 0.381 0.489 0.026 0.034
2 0.342 0.493 0.014 0.032
2 0.357 0.492 0.016 0.015
7 0.353 0.455 0.008 0.019
5 0.799 0.493 0.059 0.08
5 0.791 0.492 0.061 0.068
5 0.785 0.49 0.063 0.066
5 0.772 0.49 0.064 0.066
5 0.76 0.495 0.074 0.075
5 0.74 0.504 0.052 0.078
5 0.726 0.505 0.044 0.066
5 0.723 0.498 0.053 0.066
5 0.719 0.496 0.063 0.073
5 0.709 0.495 0.061 0.075
5 0.699 0.501 0.06 0.058
5 0.686 0.495 0.057 0.056
5 0.675 0.495 0.059 0.056
5 0.668 0.492 0.072 0.058
5 0.664 0.495 0.051 0.051
5 0.646 0.487 0.045 0.063
5 0.643 0.489 0.057 0.068
2 0.569 0.483 0.023 0.025
