7 0.19 0.422 0.021 0.028
7 0.398 0.34 0.019 0.038
7 0.665 0.347 0.012 0.044
7 0.382 0.462 0.009 0.009
7 0.406 0.484 0.006 0.01
7 0.453 0.472 0.008 0.013
8 0.181 0.448 0.017 0.022
8 0.03 0.448 0.012 0.029
8 0.303 0.412 0.013 0.044
8 0.652 0.346 0.01 0.033
8 0.763 0.478 0.015 0.022
8 0.407 0.499 0.008 0.014
10 0.07 0.238 0.019 0.051
10 0.042 0.232 0.022 0.064
10 0.046 0.438 0.017 0.035
10 0.224 0.328 0.016 0.051
10 0.672 0.349 0.009 0.041
11 0.577 0.438 0.014 0.036
11 0.779 0.301 0.012 0.036
11 0.791 0.4 0.019 0.014
11 0.331 0.451 0.01 0.028
2 0.399 0.508 0.019 0.023
2 0.388 0.519 0.026 0.042
2 0.337 0.542 0.102 0.138
2 0.508 0.508 0.024 0.04
2 0.534 0.489 0.045 0.035
2 0.559 0.556 0.086 0.108
2 0.455 0.571 0.13 0.184
2 0.256 0.521 0.022 0.033
2 0.14 0.589 0.28 0.277
2 0.8 0.645 0.378 0.327
2 0.987 0.619 0.025 0.077
