2 0.398 0.423 0.015 0.021
2 0.387 0.421 0.026 0.025
2 0.388 0.434 0.032 0.04
2 0.362 0.433 0.048 0.058
2 0.346 0.445 0.047 0.06
2 0.323 0.454 0.037 0.075
2 0.295 0.46 0.06 0.096
2 0.225 0.462 0.129 0.158
2 0.108 0.513 0.205 0.208
2 0.455 0.424 0.011 0.019
2 0.465 0.427 0.019 0.021
2 0.477 0.42 0.016 0.031
2 0.488 0.423 0.021 0.042
2 0.496 0.427 0.019 0.042
2 0.507 0.427 0.02 0.058
2 0.527 0.429 0.041 0.071
2 0.558 0.436 0.063 0.094
2 0.593 0.451 0.091 0.094
2 0.692 0.481 0.164 0.171
2 0.052 0.554 0.105 0.233
2 0.86 0.528 0.278 0.31
2 0.416 0.427 0.028 0.037
