4 0.841 0.732 0.312 0.53
11 0.555 0.564 0.022 0.032
11 0.55 0.665 0.011 0.054
7 0.211 0.589 0.011 0.04
7 0.45 0.557 0.008 0.037
8 0.569 0.68 0.01 0.021
0 0.613 0.713 0.017 0.054
0 0.924 0.756 0.054 0.214
11 0.256 0.733 0.007 0.009
2 0.311 0.752 0.015 0.017
2 0.296 0.757 0.016 0.02
2 0.259 0.754 0.021 0.026
2 0.351 0.754 0.012 0.032
4 0.392 0.718 0.061 0.136
2 0.279 0.758 0.02 0.029
2 0.332 0.757 0.026 0.04
2 0.611 0.857 0.3 0.277
2 0.406 0.761 0.027 0.072
2 0.458 0.753 0.086 0.176
4 0.503 0.726 0.072 0.167
