2 0.227 0.332 0.191 0.203
2 0.462 0.275 0.093 0.174
2 0.525 0.259 0.042 0.094
2 0.356 0.268 0.078 0.124
2 0.308 0.272 0.035 0.049
2 0.779 0.281 0.084 0.071
2 0.707 0.272 0.057 0.062
2 0.658 0.274 0.023 0.036
2 0.837 0.281 0.05 0.056
11 0.911 0.119 0.035 0.039
11 0.907 0.169 0.036 0.052
11 0.299 0.189 0.019 0.049
7 0.312 0.149 0.025 0.036
8 0.892 0.06 0.021 0.049
7 0.565 0.168 0.02 0.039
2 0.017 0.239 0.033 0.07
11 0.103 0.143 0.026 0.039
11 0.1 0.192 0.016 0.029
11 0.114 0.192 0.014 0.029
2 0.11 0.234 0.049 0.049
