2 0.431 0.44 0.01 0.023
2 0.419 0.44 0.017 0.023
2 0.409 0.44 0.01 0.019
2 0.451 0.439 0.015 0.021
2 0.32 0.448 0.045 0.056
2 0.267 0.446 0.053 0.076
2 0.212 0.454 0.087 0.095
2 0.514 0.432 0.048 0.031
2 0.547 0.438 0.02 0.035
2 0.56 0.441 0.019 0.037
2 0.585 0.439 0.039 0.058
2 0.608 0.447 0.042 0.066
2 0.657 0.464 0.05 0.074
2 0.714 0.46 0.11 0.109
5 0.022 0.484 0.044 0.076
11 0.019 0.322 0.038 0.078
7 0.39 0.38 0.008 0.023
7 0.408 0.372 0.007 0.023
7 0.442 0.416 0.008 0.016
7 0.534 0.375 0.009 0.016
10 0.559 0.372 0.009 0.023
11 0.641 0.363 0.012 0.016
11 0.844 0.231 0.058 0.14
11 0.848 0.313 0.049 0.025
11 0.847 0.082 0.038 0.082
