11 0.255 0.243 0.044 0.02
11 0.631 0.279 0.03 0.011
11 0.658 0.279 0.008 0.018
11 0.418 0.344 0.012 0.031
11 0.507 0.296 0.006 0.019
11 0.709 0.317 0.013 0.026
10 0.323 0.245 0.01 0.049
10 0.313 0.246 0.013 0.05
10 0.806 0.281 0.009 0.048
7 0.416 0.29 0.011 0.038
7 0.498 0.285 0.008 0.03
7 0.599 0.266 0.008 0.027
2 0.086 0.402 0.035 0.041
2 0.128 0.396 0.044 0.037
2 0.166 0.392 0.057 0.048
2 0.207 0.381 0.068 0.039
2 0.58 0.361 0.021 0.029
2 0.563 0.373 0.03 0.039
2 0.462 0.387 0.043 0.067
2 0.363 0.377 0.023 0.026
2 0.403 0.413 0.085 0.118
2 0.509 0.404 0.091 0.139
2 0.679 0.415 0.12 0.136
2 0.784 0.366 0.057 0.042
2 0.835 0.364 0.07 0.046
2 0.891 0.384 0.087 0.068
2 0.944 0.383 0.109 0.082
