8 0.19 0.49 0.01 0.024
7 0.608 0.411 0.013 0.045
7 0.68 0.537 0.008 0.021
7 0.658 0.535 0.006 0.016
2 0.229 0.555 0.202 0.178
2 0.341 0.568 0.028 0.045
2 0.586 0.597 0.049 0.068
2 0.676 0.579 0.017 0.024
2 0.507 0.586 0.099 0.125
2 0.654 0.567 0.01 0.017
2 0.698 0.582 0.015 0.017
2 0.725 0.594 0.012 0.029
2 0.74 0.596 0.012 0.031
2 0.759 0.592 0.026 0.034
2 0.923 0.58 0.044 0.029
11 0.609 0.502 0.023 0.046
11 0.608 0.458 0.018 0.035
11 0.43 0.518 0.013 0.045
11 0.173 0.434 0.018 0.016
11 0.189 0.426 0.016 0.014
11 0.862 0.529 0.019 0.012
8 0.409 0.142 0.024 0.084
