11 0.629 0.35 0.032 0.046
11 0.585 0.355 0.05 0.038
11 0.762 0.361 0.032 0.102
2 0.608 0.421 0.014 0.023
2 0.621 0.422 0.014 0.018
2 0.6 0.437 0.026 0.04
2 0.636 0.428 0.013 0.026
2 0.647 0.436 0.016 0.041
2 0.727 0.409 0.041 0.021
2 0.757 0.458 0.06 0.088
2 0.583 0.459 0.026 0.084
2 0.535 0.479 0.106 0.189
2 0.69 0.47 0.107 0.129
2 0.494 0.422 0.012 0.026
3 0.459 0.428 0.027 0.04
2 0.436 0.442 0.024 0.024
2 0.396 0.451 0.033 0.034
3 0.424 0.435 0.051 0.047
2 0.362 0.457 0.023 0.043
4 0.334 0.453 0.047 0.058
2 0.3 0.464 0.023 0.04
2 0.266 0.465 0.051 0.046
2 0.227 0.467 0.029 0.04
2 0.188 0.478 0.08 0.065
2 0.128 0.479 0.066 0.073
3 0.092 0.45 0.179 0.156
2 0.013 0.514 0.026 0.058
