2 0.22 0.315 0.037 0.064
2 0.33 0.314 0.013 0.043
2 0.265 0.341 0.084 0.12
2 0.244 0.302 0.016 0.022
2 0.3 0.337 0.014 0.101
2 0.351 0.321 0.044 0.064
2 0.414 0.304 0.022 0.037
2 0.406 0.312 0.025 0.039
2 0.57 0.31 0.08 0.118
2 0.491 0.33 0.096 0.154
2 0.85 0.321 0.296 0.506
11 0.505 0.199 0.054 0.06
11 0.434 0.201 0.064 0.056
11 0.472 0.213 0.014 0.036
11 0.454 0.273 0.007 0.017
11 0.42 0.272 0.007 0.015
11 0.7 0.242 0.018 0.037
11 0.274 0.185 0.058 0.039
11 0.273 0.156 0.03 0.022
2 0.113 0.342 0.099 0.096
11 0.398 0.285 0.013 0.037
