2 0.462 0.373 0.028 0.038
2 0.435 0.381 0.013 0.03
2 0.421 0.378 0.014 0.036
2 0.407 0.369 0.022 0.062
2 0.371 0.364 0.056 0.094
2 0.314 0.4 0.106 0.123
2 0.5 0.384 0.011 0.019
2 0.517 0.382 0.023 0.028
2 0.697 0.406 0.161 0.164
2 0.89 0.367 0.215 0.455
0 0.092 0.379 0.019 0.094
0 0.108 0.39 0.029 0.123
0 0.242 0.378 0.016 0.083
0 0.534 0.382 0.008 0.032
0 0.606 0.36 0.017 0.068
0 0.625 0.354 0.012 0.047
0 0.555 0.369 0.013 0.058
11 0.218 0.2 0.026 0.051
11 0.218 0.249 0.025 0.047
11 0.541 0.17 0.013 0.013
11 0.668 0.068 0.018 0.132
0 0.268 0.361 0.025 0.075
