10 0.09 0.199 0.053 0.142
10 0.019 0.199 0.036 0.121
10 0.309 0.36 0.015 0.058
11 0.056 0.508 0.062 0.104
11 0.06 0.422 0.062 0.092
11 0.074 0.02 0.029 0.041
11 0.356 0.261 0.025 0.046
11 0.704 0.337 0.097 0.135
10 0.274 0.436 0.005 0.02
11 0.341 0.44 0.008 0.009
2 0.428 0.489 0.032 0.066
2 0.448 0.501 0.035 0.061
2 0.245 0.52 0.012 0.044
2 0.222 0.519 0.045 0.083
2 0.173 0.523 0.084 0.112
2 0.075 0.541 0.151 0.188
2 0.007 0.598 0.015 0.139
2 0.381 0.522 0.079 0.124
2 0.574 0.52 0.133 0.173
2 0.463 0.508 0.045 0.066
