4 0.558 0.51 0.065 0.077
2 0.408 0.526 0.011 0.015
2 0.427 0.528 0.013 0.017
2 0.44 0.528 0.015 0.026
2 0.447 0.53 0.012 0.028
2 0.514 0.544 0.031 0.064
2 0.544 0.538 0.035 0.049
2 0.276 0.52 0.007 0.011
2 0.264 0.53 0.007 0.009
2 0.294 0.523 0.007 0.008
2 0.298 0.535 0.012 0.017
2 0.289 0.535 0.011 0.018
2 0.281 0.535 0.015 0.02
2 0.272 0.535 0.015 0.021
2 0.102 0.553 0.059 0.028
2 0.05 0.547 0.069 0.054
2 0.311 0.53 0.01 0.012
2 0.816 0.549 0.103 0.113
2 0.732 0.589 0.184 0.193
2 0.477 0.56 0.067 0.113
