11 0.2 0.474 0.02 0.039
11 0.202 0.522 0.024 0.049
11 0.2 0.568 0.021 0.037
11 0.578 0.479 0.02 0.037
11 0.579 0.52 0.023 0.037
10 0.417 0.512 0.005 0.017
10 0.471 0.521 0.005 0.024
10 0.506 0.515 0.005 0.022
2 0.479 0.573 0.012 0.012
2 0.487 0.573 0.009 0.012
2 0.496 0.573 0.01 0.012
2 0.508 0.572 0.013 0.01
2 0.509 0.584 0.011 0.022
2 0.497 0.586 0.014 0.026
2 0.546 0.583 0.013 0.026
2 0.482 0.59 0.019 0.037
2 0.606 0.586 0.024 0.032
2 0.648 0.618 0.082 0.102
2 0.758 0.635 0.137 0.156
2 0.245 0.593 0.053 0.056
2 0.43 0.61 0.093 0.141
2 0.523 0.592 0.022 0.034
11 0.337 0.448 0.076 0.066
11 0.396 0.446 0.038 0.063
2 0.92 0.684 0.158 0.325
0 0.832 0.609 0.017 0.095
