7 0.474 0.061 0.022 0.09
7 0.235 0.276 0.013 0.052
7 0.886 0.267 0.015 0.077
10 0.886 0.335 0.022 0.035
10 0.215 0.272 0.011 0.043
11 0.231 0.329 0.019 0.034
11 0.226 0.273 0.007 0.041
11 0.206 0.351 0.012 0.031
11 0.345 0.344 0.022 0.035
11 0.345 0.37 0.01 0.014
11 0.376 0.27 0.048 0.047
11 0.856 0.317 0.018 0.043
11 0.892 0.148 0.034 0.017
11 0.87 0.181 0.05 0.034
11 0.849 0.041 0.042 0.081
11 0.896 0.045 0.04 0.073
0 0.037 0.456 0.048 0.167
0 0.071 0.463 0.036 0.168
0 0.756 0.452 0.018 0.096
0 0.973 0.468 0.023 0.145
0 0.908 0.455 0.03 0.129
0 0.891 0.452 0.028 0.122
0 0.084 0.453 0.021 0.152
0 0.115 0.452 0.047 0.196
0 0.175 0.408 0.039 0.101
0 0.989 0.466 0.019 0.126
0 0.571 0.411 0.004 0.021
0 0.563 0.411 0.007 0.021
2 0.435 0.428 0.015 0.026
2 0.42 0.428 0.015 0.017
2 0.545 0.421 0.039 0.043
2 0.569 0.446 0.03 0.051
2 0.587 0.45 0.036 0.061
3 0.484 0.416 0.062 0.102
2 0.648 0.487 0.135 0.159
2 0.298 0.533 0.359 0.326
11 0.24 0.195 0.028 0.061
2 0.52 0.454 0.069 0.075
