0 0.823 0.445 0.039 0.177
0 0.784 0.365 0.026 0.071
10 0.358 0.334 0.007 0.017
10 0.426 0.344 0.006 0.019
2 0.078 0.548 0.157 0.312
2 0.15 0.469 0.185 0.227
2 0.251 0.454 0.085 0.121
2 0.294 0.445 0.034 0.078
2 0.312 0.437 0.035 0.076
2 0.331 0.432 0.023 0.047
2 0.338 0.424 0.034 0.05
2 0.357 0.42 0.013 0.04
2 0.906 0.64 0.186 0.47
2 0.686 0.492 0.261 0.319
4 0.835 0.384 0.158 0.081
2 0.546 0.441 0.096 0.182
4 0.463 0.382 0.068 0.147
2 0.386 0.425 0.034 0.038
2 0.395 0.412 0.028 0.043
2 0.412 0.42 0.01 0.026
2 0.422 0.412 0.014 0.023
