7 0.378 0.297 0.004 0.021
7 0.474 0.297 0.002 0.017
10 0.383 0.3 0.006 0.021
10 0.373 0.3 0.006 0.017
10 0.469 0.298 0.006 0.019
10 0.477 0.298 0.005 0.019
10 0.316 0.349 0.011 0.012
10 0.521 0.342 0.009 0.015
2 0.393 0.368 0.009 0.021
2 0.481 0.366 0.007 0.025
2 0.489 0.37 0.015 0.029
2 0.505 0.373 0.023 0.048
2 0.514 0.382 0.019 0.048
2 0.531 0.378 0.027 0.064
2 0.557 0.385 0.055 0.071
2 0.585 0.398 0.05 0.077
2 0.654 0.398 0.115 0.139
2 0.71 0.434 0.137 0.148
4 0.465 0.358 0.027 0.046
4 0.441 0.356 0.013 0.021
2 0.35 0.386 0.013 0.04
2 0.338 0.385 0.023 0.046
2 0.324 0.388 0.021 0.048
2 0.307 0.391 0.032 0.054
2 0.247 0.39 0.095 0.119
2 0.381 0.369 0.019 0.027
2 0.427 0.389 0.046 0.058
2 0.87 0.441 0.257 0.324
11 0.493 0.316 0.005 0.017
11 0.326 0.345 0.007 0.021
11 0.521 0.317 0.009 0.01
10 0.355 0.352 0.013 0.017
