11 0.907 0.401 0.043 0.084
11 0.243 0.493 0.015 0.018
11 0.255 0.478 0.006 0.018
7 0.464 0.564 0.005 0.014
2 0.489 0.595 0.01 0.012
2 0.478 0.596 0.01 0.015
2 0.468 0.599 0.011 0.029
2 0.463 0.601 0.011 0.027
2 0.457 0.603 0.012 0.024
2 0.453 0.601 0.013 0.027
2 0.445 0.603 0.017 0.035
2 0.441 0.606 0.016 0.034
2 0.427 0.606 0.02 0.047
2 0.412 0.608 0.036 0.056
2 0.408 0.615 0.025 0.052
2 0.383 0.617 0.06 0.072
2 0.335 0.621 0.067 0.085
2 0.261 0.59 0.054 0.029
2 0.283 0.639 0.1 0.104
2 0.155 0.657 0.197 0.185
2 0.72 0.673 0.133 0.224
2 0.033 0.586 0.066 0.101
2 0.026 0.596 0.052 0.081
2 0.038 0.688 0.075 0.226
2 0.846 0.757 0.307 0.377
2 0.572 0.685 0.189 0.314
11 0.251 0.433 0.023 0.063
