7 0.441 0.12 0.02 0.084
8 0.421 0.122 0.018 0.069
8 0.588 0.378 0.012 0.028
11 0.471 0.393 0.02 0.04
11 0.579 0.282 0.04 0.028
11 0.404 0.425 0.009 0.019
10 0.32 0.38 0.008 0.021
10 0.368 0.389 0.007 0.028
10 0.341 0.41 0.008 0.019
10 0.384 0.418 0.008 0.021
2 0.338 0.443 0.017 0.021
2 0.317 0.438 0.028 0.03
2 0.283 0.448 0.04 0.045
2 0.25 0.457 0.041 0.049
2 0.383 0.448 0.012 0.016
2 0.391 0.45 0.012 0.016
2 0.401 0.456 0.011 0.019
2 0.413 0.455 0.02 0.04
2 0.426 0.457 0.033 0.045
2 0.429 0.468 0.022 0.052
2 0.452 0.472 0.045 0.061
2 0.211 0.467 0.063 0.077
11 0.129 0.405 0.011 0.035
11 0.019 0.182 0.032 0.016
7 0.607 0.38 0.014 0.031
