2 0.036 0.541 0.052 0.052
2 0.089 0.555 0.098 0.054
2 0.793 0.502 0.013 0.012
2 0.772 0.502 0.015 0.014
2 0.757 0.505 0.014 0.017
2 0.733 0.505 0.012 0.018
2 0.849 0.521 0.043 0.077
2 0.703 0.547 0.057 0.051
2 0.778 0.566 0.101 0.115
7 0.007 0.458 0.012 0.024
7 0.777 0.467 0.007 0.012
7 0.828 0.47 0.008 0.014
8 0.272 0.437 0.03 0.041
11 0.046 0.46 0.023 0.047
11 0.244 0.324 0.015 0.026
11 0.272 0.341 0.028 0.026
11 0.251 0.364 0.033 0.018
11 0.258 0.39 0.031 0.02
11 0.875 0.355 0.017 0.035
11 0.911 0.211 0.043 0.064
8 0.617 0.168 0.009 0.035
0 0.851 0.465 0.015 0.034
0 0.954 0.506 0.019 0.038
