2 0.453 0.543 0.004 0.011
2 0.463 0.541 0.017 0.027
2 0.477 0.544 0.022 0.051
2 0.497 0.548 0.033 0.063
2 0.533 0.553 0.069 0.1
2 0.591 0.593 0.088 0.134
2 0.671 0.614 0.141 0.227
2 0.831 0.636 0.335 0.518
2 0.025 0.562 0.048 0.073
2 0.06 0.562 0.027 0.06
2 0.131 0.552 0.062 0.056
2 0.201 0.554 0.025 0.028
2 0.222 0.551 0.019 0.029
2 0.281 0.543 0.014 0.022
2 0.297 0.543 0.017 0.024
2 0.313 0.543 0.015 0.023
2 0.325 0.542 0.012 0.024
2 0.339 0.532 0.014 0.036
2 0.351 0.541 0.009 0.018
2 0.428 0.542 0.008 0.009
2 0.442 0.541 0.01 0.013
2 0.175 0.529 0.022 0.019
2 0.139 0.517 0.033 0.029
11 0.501 0.47 0.009 0.018
11 0.587 0.486 0.008 0.017
11 0.28 0.504 0.012 0.027
11 0.539 0.491 0.008 0.022
