2 0.272 0.422 0.13 0.125
2 0.334 0.406 0.078 0.113
2 0.385 0.397 0.047 0.07
2 0.415 0.404 0.028 0.056
2 0.442 0.394 0.028 0.043
2 0.461 0.391 0.019 0.037
2 0.482 0.384 0.018 0.017
2 0.524 0.371 0.014 0.014
2 0.551 0.362 0.014 0.021
2 0.532 0.348 0.009 0.014
2 0.51 0.344 0.009 0.012
2 0.474 0.371 0.011 0.014
11 0.087 0.247 0.017 0.038
11 0.623 0.365 0.008 0.012
8 0.45 0.348 0.007 0.014
8 0.551 0.338 0.009 0.015
2 0.494 0.368 0.014 0.02
2 0.5 0.352 0.016 0.023
8 0.486 0.339 0.005 0.012
8 0.503 0.337 0.007 0.011
8 0.494 0.342 0.005 0.012
8 0.569 0.345 0.007 0.014
2 0.802 0.422 0.085 0.085
2 0.971 0.432 0.057 0.171
2 0.567 0.378 0.016 0.023
2 0.521 0.339 0.009 0.014
2 0.511 0.342 0.007 0.011
10 0.597 0.323 0.032 0.02
0 0.616 0.38 0.006 0.033
