8 0.267 0.041 0.014 0.067
8 0.093 0.227 0.018 0.028
10 0.248 0.038 0.011 0.059
10 0.368 0.059 0.013 0.053
10 0.354 0.06 0.012 0.059
11 0.107 0.055 0.037 0.061
11 0.228 0.244 0.012 0.022
0 0.316 0.312 0.018 0.066
11 0.989 0.169 0.012 0.037
0 0.738 0.336 0.081 0.352
0 0.183 0.323 0.013 0.059
0 0.175 0.323 0.013 0.059
0 0.154 0.324 0.011 0.072
0 0.142 0.313 0.012 0.05
0 0.109 0.326 0.016 0.059
0 0.087 0.332 0.025 0.103
0 0.071 0.329 0.015 0.106
0 0.06 0.333 0.013 0.098
0 0.03 0.342 0.026 0.086
0 0.012 0.336 0.023 0.098
0 0.962 0.223 0.025 0.034
0 0.236 0.298 0.015 0.019
3 0.378 0.257 0.058 0.062
3 0.691 0.182 0.522 0.344
2 0.457 0.323 0.255 0.136
0 0.21 0.305 0.017 0.033
10 0.103 0.178 0.016 0.039
