4 0.414 0.538 0.015 0.019
3 0.431 0.547 0.017 0.045
3 0.449 0.552 0.026 0.053
2 0.455 0.566 0.015 0.032
3 0.486 0.545 0.053 0.148
3 0.692 0.518 0.376 0.505
2 0.416 0.566 0.026 0.045
2 0.346 0.562 0.04 0.03
2 0.394 0.557 0.011 0.026
2 0.377 0.563 0.028 0.047
0 0.233 0.577 0.015 0.082
0 0.194 0.587 0.026 0.103
0 0.198 0.574 0.015 0.105
0 0.209 0.557 0.015 0.066
0 0.255 0.563 0.015 0.054
0 0.278 0.559 0.008 0.056
0 0.287 0.56 0.008 0.04
0 0.296 0.573 0.009 0.075
0 0.308 0.569 0.012 0.07
0 0.152 0.587 0.034 0.145
0 0.113 0.589 0.034 0.148
0 0.095 0.572 0.021 0.096
0 0.071 0.596 0.021 0.149
0 0.049 0.579 0.022 0.101
0 0.031 0.596 0.025 0.162
0 0.01 0.563 0.02 0.091
0 0.914 0.624 0.029 0.173
0 0.991 0.635 0.017 0.178
0 0.892 0.604 0.025 0.141
0 0.966 0.636 0.037 0.157
5 0.27 0.591 0.025 0.049
5 0.265 0.597 0.036 0.047
10 0.422 0.479 0.008 0.026
7 0.448 0.493 0.007 0.026
7 0.414 0.479 0.005 0.026
11 0.064 0.39 0.036 0.077
