11 0.042 0.339 0.025 0.045
11 0.117 0.356 0.016 0.033
11 0.161 0.369 0.015 0.049
11 0.255 0.387 0.017 0.023
2 0.472 0.446 0.016 0.012
2 0.452 0.435 0.024 0.016
2 0.434 0.438 0.015 0.019
2 0.452 0.452 0.032 0.033
2 0.416 0.451 0.041 0.045
4 0.356 0.435 0.079 0.129
2 0.252 0.478 0.146 0.141
2 0.824 0.465 0.021 0.021
2 0.771 0.455 0.038 0.047
2 0.643 0.457 0.015 0.014
11 0.618 0.4 0.012 0.021
11 0.661 0.381 0.009 0.021
11 0.717 0.374 0.011 0.021
11 0.755 0.341 0.02 0.035
11 0.925 0.284 0.025 0.108
11 0.754 0.369 0.012 0.016
3 0.539 0.396 0.132 0.262
