2 0.228 0.659 0.094 0.104
2 0.463 0.608 0.037 0.055
2 0.508 0.611 0.024 0.033
2 0.587 0.615 0.074 0.107
2 0.274 0.633 0.037 0.085
2 0.304 0.632 0.036 0.085
2 0.327 0.623 0.033 0.071
2 0.548 0.607 0.022 0.083
2 0.535 0.607 0.016 0.054
2 0.364 0.624 0.041 0.062
2 0.388 0.618 0.024 0.05
2 0.418 0.613 0.019 0.026
4 0.416 0.596 0.016 0.021
7 0.559 0.277 0.013 0.066
7 0.416 0.544 0.005 0.024
7 0.481 0.545 0.006 0.016
8 0.539 0.283 0.018 0.078
11 0.553 0.542 0.015 0.029
11 0.503 0.574 0.009 0.016
11 0.684 0.42 0.031 0.026
7 0.71 0.486 0.011 0.036
7 0.098 0.537 0.018 0.042
8 0.123 0.543 0.015 0.029
11 0.112 0.462 0.03 0.029
