8 0.479 0.46 0.008 0.023
8 0.439 0.454 0.008 0.021
8 0.389 0.465 0.008 0.023
8 0.36 0.499 0.011 0.021
11 0.606 0.36 0.015 0.026
11 0.492 0.466 0.011 0.016
11 0.454 0.458 0.015 0.009
2 0.481 0.514 0.017 0.033
2 0.495 0.523 0.026 0.084
2 0.532 0.536 0.075 0.101
2 0.396 0.521 0.02 0.042
2 0.346 0.522 0.017 0.026
2 0.331 0.525 0.024 0.028
2 0.312 0.53 0.022 0.037
2 0.298 0.528 0.013 0.033
2 0.286 0.53 0.02 0.042
2 0.269 0.531 0.037 0.054
2 0.236 0.542 0.046 0.07
2 0.199 0.55 0.045 0.068
2 0.162 0.557 0.061 0.082
2 0.1 0.572 0.079 0.094
2 0.375 0.518 0.015 0.023
2 0.44 0.545 0.094 0.162
2 0.805 0.627 0.389 0.424
2 0.038 0.598 0.075 0.117
11 0.374 0.493 0.009 0.019
