0 0.231 0.544 0.037 0.148
0 0.268 0.554 0.04 0.153
0 0.302 0.532 0.023 0.104
0 0.5 0.545 0.015 0.078
0 0.486 0.545 0.015 0.083
0 0.454 0.548 0.014 0.073
0 0.419 0.538 0.012 0.053
0 0.43 0.538 0.012 0.073
0 0.441 0.543 0.01 0.073
0 0.769 0.559 0.02 0.061
0 0.753 0.556 0.015 0.046
0 0.736 0.545 0.015 0.034
0 0.607 0.549 0.012 0.046
0 0.629 0.55 0.011 0.049
0 0.62 0.551 0.005 0.051
0 0.641 0.554 0.011 0.061
0 0.653 0.554 0.01 0.061
0 0.665 0.559 0.005 0.066
0 0.671 0.56 0.008 0.063
0 0.697 0.559 0.016 0.08
0 0.716 0.567 0.01 0.063
0 0.985 0.591 0.02 0.16
0 0.913 0.599 0.018 0.151
0 0.832 0.578 0.023 0.114
0 0.888 0.594 0.02 0.126
0 0.99 0.593 0.012 0.153
2 0.552 0.559 0.056 0.078
2 0.522 0.556 0.026 0.061
7 0.53 0.419 0.007 0.024
7 0.473 0.48 0.005 0.019
10 0.541 0.483 0.005 0.029
10 0.641 0.453 0.008 0.036
10 0.618 0.486 0.008 0.034
10 0.661 0.477 0.01 0.022
2 0.473 0.534 0.014 0.025
2 0.326 0.533 0.024 0.047
5 0.358 0.581 0.025 0.094
