8 0.409 0.223 0.018 0.057
7 0.713 0.32 0.018 0.054
7 0.391 0.22 0.017 0.066
8 0.287 0.27 0.018 0.062
8 0.048 0.086 0.034 0.095
11 0.337 0.243 0.058 0.029
11 0.278 0.203 0.021 0.052
11 0.029 0.248 0.03 0.038
11 0.025 0.21 0.048 0.031
11 0.248 0.315 0.036 0.026
11 0.799 0.333 0.027 0.035
11 0.755 0.319 0.05 0.021
8 0.262 0.39 0.01 0.028
2 0.413 0.467 0.018 0.033
2 0.43 0.47 0.018 0.052
2 0.402 0.468 0.016 0.038
2 0.388 0.471 0.027 0.04
2 0.381 0.482 0.018 0.052
2 0.352 0.47 0.053 0.087
2 0.547 0.481 0.033 0.061
2 0.582 0.472 0.026 0.057
3 0.612 0.458 0.051 0.081
2 0.648 0.489 0.073 0.097
2 0.482 0.502 0.117 0.185
2 0.073 0.535 0.146 0.23
2 0.832 0.591 0.332 0.406
10 0.248 0.39 0.012 0.024
11 0.885 0.353 0.026 0.04
