2 0.283 0.46 0.023 0.031
2 0.267 0.464 0.021 0.031
2 0.256 0.464 0.026 0.039
2 0.24 0.473 0.028 0.041
2 0.225 0.48 0.03 0.043
2 0.198 0.481 0.03 0.049
2 0.131 0.506 0.108 0.073
2 0.071 0.517 0.095 0.112
2 0.035 0.556 0.068 0.112
2 0.385 0.452 0.014 0.018
2 0.37 0.445 0.016 0.02
2 0.408 0.45 0.015 0.022
2 0.432 0.451 0.032 0.041
2 0.457 0.461 0.016 0.031
2 0.48 0.466 0.031 0.037
2 0.524 0.466 0.052 0.053
2 0.686 0.471 0.125 0.128
2 0.604 0.464 0.1 0.11
7 0.314 0.404 0.016 0.029
7 0.394 0.398 0.014 0.024
