2 0.393 0.541 0.012 0.027
2 0.406 0.549 0.021 0.037
2 0.366 0.54 0.011 0.015
2 0.354 0.543 0.022 0.043
2 0.333 0.545 0.019 0.039
2 0.242 0.561 0.05 0.075
2 0.312 0.56 0.055 0.063
2 0.202 0.564 0.068 0.09
2 0.124 0.576 0.122 0.117
2 0.023 0.619 0.045 0.112
2 0.491 0.542 0.007 0.02
2 0.495 0.545 0.009 0.019
2 0.504 0.545 0.017 0.029
2 0.549 0.557 0.029 0.043
2 0.519 0.558 0.041 0.054
2 0.691 0.59 0.096 0.105
2 0.808 0.597 0.181 0.173
4 0.451 0.521 0.078 0.163
11 0.321 0.471 0.017 0.022
11 0.378 0.498 0.009 0.022
11 0.269 0.504 0.018 0.012
11 0.356 0.504 0.01 0.012
11 0.382 0.471 0.01 0.026
11 0.374 0.473 0.009 0.039
11 0.712 0.475 0.015 0.032
11 0.545 0.506 0.01 0.017
7 0.415 0.477 0.008 0.024
7 0.5 0.511 0.007 0.02
11 0.496 0.478 0.01 0.019
