11 0.74 0.306 0.033 0.047
11 0.743 0.357 0.024 0.015
11 0.083 0.143 0.042 0.013
11 0.088 0.112 0.037 0.04
11 0.042 0.165 0.047 0.03
7 0.694 0.274 0.017 0.045
7 0.371 0.181 0.019 0.068
10 0.712 0.286 0.011 0.06
10 0.391 0.18 0.015 0.06
8 0.048 0.344 0.014 0.042
0 0.807 0.491 0.028 0.103
0 0.418 0.489 0.012 0.065
0 0.41 0.488 0.015 0.067
0 0.398 0.486 0.014 0.07
0 0.711 0.488 0.012 0.063
0 0.699 0.488 0.01 0.063
2 0.499 0.488 0.017 0.037
2 0.476 0.491 0.048 0.053
2 0.555 0.529 0.106 0.158
2 0.287 0.506 0.196 0.246
2 0.084 0.61 0.169 0.315
2 0.89 0.631 0.218 0.449
0 0.625 0.499 0.011 0.045
11 0.984 0.203 0.031 0.027
11 0.977 0.243 0.045 0.027
