7 0.564 0.11 0.013 0.062
7 0.486 0.382 0.011 0.019
7 0.522 0.392 0.006 0.019
11 0.644 0.346 0.021 0.023
11 0.644 0.373 0.012 0.027
11 0.231 0.068 0.051 0.094
11 0.346 0.27 0.028 0.017
11 0.163 0.282 0.03 0.019
11 0.512 0.414 0.013 0.012
7 0.927 0.12 0.021 0.077
10 0.947 0.118 0.014 0.073
2 0.273 0.425 0.025 0.04
2 0.255 0.427 0.015 0.027
2 0.206 0.432 0.037 0.04
2 0.201 0.449 0.033 0.033
2 0.17 0.437 0.023 0.037
2 0.145 0.441 0.022 0.037
2 0.129 0.439 0.035 0.029
2 0.075 0.421 0.015 0.027
2 0.098 0.43 0.028 0.019
2 0.042 0.423 0.044 0.027
2 0.309 0.412 0.077 0.075
2 0.506 0.457 0.016 0.052
2 0.581 0.452 0.022 0.044
2 0.591 0.471 0.032 0.06
2 0.618 0.474 0.053 0.075
2 0.65 0.451 0.014 0.037
2 0.775 0.424 0.098 0.046
2 0.841 0.453 0.018 0.054
2 0.406 0.489 0.201 0.22
2 0.544 0.465 0.062 0.094
2 0.755 0.545 0.263 0.25
0 0.829 0.445 0.008 0.05
0 0.866 0.461 0.015 0.052
0 0.878 0.473 0.008 0.044
0 0.973 0.474 0.028 0.092
2 0.193 0.453 0.049 0.033
7 0.038 0.051 0.034 0.024
