2 0.517 0.585 0.007 0.011
2 0.513 0.59 0.007 0.014
2 0.51 0.592 0.009 0.012
2 0.507 0.598 0.008 0.012
2 0.504 0.603 0.009 0.014
2 0.496 0.605 0.009 0.014
2 0.49 0.611 0.008 0.014
2 0.489 0.616 0.01 0.018
2 0.484 0.622 0.01 0.024
2 0.539 0.587 0.007 0.012
2 0.542 0.591 0.007 0.011
2 0.545 0.596 0.008 0.009
2 0.549 0.607 0.013 0.018
2 0.532 0.591 0.01 0.017
2 0.617 0.632 0.042 0.066
2 0.57 0.632 0.082 0.061
2 0.411 0.626 0.14 0.096
2 0.046 0.641 0.092 0.174
2 0.854 0.674 0.235 0.243
2 0.937 0.719 0.122 0.302
11 0.668 0.577 0.009 0.031
11 0.677 0.574 0.01 0.029
