7 0.665 0.093 0.018 0.091
10 0.65 0.104 0.014 0.088
10 0.686 0.097 0.019 0.082
11 0.807 0.158 0.041 0.044
11 0.031 0.354 0.04 0.021
11 0.813 0.241 0.032 0.069
11 0.814 0.289 0.033 0.028
7 0.818 0.312 0.042 0.031
7 0.844 0.353 0.024 0.039
11 0.668 0.418 0.017 0.028
11 0.24 0.41 0.01 0.034
11 0.2 0.442 0.019 0.067
7 0.021 0.484 0.015 0.033
8 0.046 0.483 0.013 0.031
0 0.988 0.49 0.022 0.174
7 0.574 0.427 0.009 0.018
7 0.565 0.428 0.007 0.016
10 0.469 0.441 0.011 0.023
11 0.61 0.426 0.009 0.015
0 0.748 0.465 0.012 0.039
2 0.557 0.455 0.012 0.018
2 0.555 0.464 0.017 0.016
2 0.562 0.478 0.016 0.021
2 0.552 0.495 0.025 0.044
2 0.544 0.511 0.028 0.051
2 0.529 0.46 0.018 0.021
2 0.578 0.448 0.012 0.02
2 0.583 0.465 0.017 0.028
4 0.591 0.476 0.021 0.046
2 0.609 0.48 0.031 0.052
2 0.627 0.495 0.028 0.049
2 0.651 0.495 0.032 0.075
2 0.663 0.497 0.039 0.096
2 0.71 0.503 0.093 0.116
4 0.429 0.48 0.05 0.054
2 0.423 0.534 0.043 0.062
2 0.49 0.54 0.127 0.242
