7 0.674 0.242 0.018 0.067
7 0.502 0.226 0.017 0.067
7 0.373 0.211 0.018 0.067
7 0.254 0.203 0.019 0.067
7 0.136 0.191 0.019 0.069
10 0.008 0.208 0.016 0.06
7 0.804 0.047 0.045 0.088
7 0.898 0.261 0.018 0.067
10 0.684 0.047 0.022 0.092
10 0.719 0.019 0.02 0.03
11 0.095 0.335 0.038 0.073
11 0.655 0.411 0.027 0.045
11 0.838 0.447 0.019 0.045
11 0.91 0.392 0.025 0.049
11 0.99 0.404 0.018 0.077
11 0.79 0.223 0.069 0.241
2 0.86 0.436 0.017 0.026
2 0.876 0.441 0.04 0.022
2 0.918 0.445 0.055 0.037
2 0.016 0.591 0.031 0.183
2 0.43 0.57 0.219 0.333
11 0.22 0.359 0.019 0.046
