8 0.339 0.155 0.011 0.038
8 0.461 0.161 0.011 0.034
8 0.145 0.172 0.012 0.042
11 0.284 0.173 0.033 0.016
11 0.223 0.237 0.018 0.02
8 0.223 0.207 0.018 0.024
11 0.494 0.185 0.031 0.018
11 0.528 0.207 0.012 0.011
11 0.52 0.227 0.015 0.015
11 0.477 0.256 0.011 0.022
11 0.432 0.259 0.016 0.011
8 0.528 0.249 0.009 0.026
8 0.413 0.25 0.008 0.018
11 0.341 0.256 0.015 0.01
11 0.303 0.264 0.009 0.012
2 0.892 0.411 0.214 0.329
2 0.464 0.297 0.013 0.019
2 0.448 0.297 0.015 0.016
2 0.398 0.289 0.014 0.011
2 0.382 0.288 0.01 0.014
2 0.118 0.314 0.141 0.15
2 0.369 0.293 0.01 0.016
2 0.343 0.287 0.038 0.046
2 0.426 0.3 0.02 0.026
2 0.405 0.306 0.017 0.02
2 0.483 0.298 0.027 0.027
8 0.582 0.229 0.008 0.018
