11 0.309 0.232 0.041 0.023
11 0.307 0.27 0.064 0.033
11 0.681 0.318 0.018 0.037
11 0.507 0.384 0.009 0.01
11 0.249 0.403 0.009 0.023
2 0.525 0.404 0.009 0.017
2 0.516 0.408 0.012 0.017
2 0.507 0.404 0.008 0.017
2 0.5 0.405 0.007 0.019
2 0.492 0.407 0.012 0.015
2 0.485 0.405 0.009 0.015
2 0.477 0.404 0.009 0.017
2 0.45 0.408 0.013 0.021
2 0.439 0.407 0.013 0.023
2 0.552 0.406 0.007 0.021
2 0.561 0.405 0.014 0.035
2 0.624 0.413 0.019 0.048
2 0.799 0.41 0.112 0.171
2 0.433 0.407 0.015 0.04
2 0.465 0.412 0.02 0.029
2 0.292 0.416 0.047 0.071
2 0.33 0.417 0.081 0.081
2 0.075 0.411 0.151 0.239
2 0.414 0.408 0.029 0.046
2 0.576 0.409 0.039 0.056
2 0.537 0.414 0.026 0.042
2 0.655 0.43 0.074 0.089
2 0.899 0.418 0.199 0.458
2 0.23 0.4 0.016 0.015
