11 0.319 0.417 0.021 0.031
11 0.318 0.448 0.017 0.026
11 0.236 0.424 0.031 0.034
11 0.671 0.435 0.027 0.026
11 0.651 0.449 0.018 0.036
11 0.343 0.448 0.013 0.046
11 0.392 0.442 0.011 0.028
11 0.406 0.464 0.01 0.02
11 0.383 0.464 0.01 0.02
11 0.417 0.461 0.012 0.023
11 0.566 0.47 0.009 0.02
11 0.537 0.474 0.012 0.013
0 0.384 0.495 0.013 0.02
0 0.354 0.503 0.011 0.023
0 0.341 0.501 0.012 0.02
0 0.1 0.526 0.026 0.085
0 0.069 0.546 0.022 0.118
0 0.055 0.556 0.027 0.131
0 0.01 0.54 0.021 0.139
11 0.039 0.16 0.012 0.059
11 0.062 0.175 0.015 0.024
10 0.045 0.282 0.055 0.186
8 0.489 0.39 0.007 0.031
0 0.68 0.545 0.027 0.131
0 0.628 0.51 0.014 0.046
0 0.613 0.51 0.014 0.044
0 0.574 0.525 0.008 0.029
2 0.401 0.514 0.032 0.036
2 0.397 0.525 0.035 0.042
2 0.388 0.529 0.029 0.051
2 0.368 0.539 0.042 0.064
2 0.333 0.549 0.06 0.083
2 0.457 0.508 0.01 0.028
2 0.427 0.514 0.008 0.018
2 0.444 0.505 0.03 0.036
4 0.482 0.499 0.028 0.033
2 0.503 0.505 0.013 0.034
2 0.514 0.501 0.023 0.038
2 0.52 0.518 0.031 0.047
2 0.528 0.521 0.033 0.047
2 0.537 0.528 0.044 0.059
2 0.552 0.539 0.044 0.07
6 0.611 0.569 0.078 0.087
2 0.478 0.535 0.039 0.057
1 0.444 0.53 0.023 0.047
6 0.445 0.549 0.025 0.059
6 0.942 0.637 0.114 0.289
11 0.986 0.286 0.027 0.168
11 0.978 0.245 0.039 0.217
11 0.97 0.397 0.017 0.106
