2 0.415 0.482 0.005 0.011
2 0.378 0.483 0.021 0.025
2 0.421 0.493 0.016 0.033
2 0.462 0.455 0.037 0.011
2 0.293 0.486 0.023 0.035
2 0.267 0.487 0.027 0.036
2 0.164 0.488 0.083 0.112
4 0.21 0.43 0.088 0.075
4 0.056 0.563 0.111 0.195
2 0.215 0.515 0.101 0.096
2 0.339 0.5 0.065 0.073
2 0.4 0.487 0.026 0.037
11 0.447 0.539 0.166 0.158
11 0.363 0.235 0.18 0.106
11 0.187 0.24 0.154 0.129
11 0.631 0.47 0.019 0.019
11 0.609 0.47 0.02 0.021
11 0.404 0.302 0.09 0.026
11 0.413 0.163 0.069 0.032
11 0.306 0.165 0.051 0.026
