7 0.065 0.265 0.027 0.035
7 0.413 0.37 0.009 0.054
10 0.401 0.368 0.009 0.032
7 0.281 0.456 0.009 0.017
7 0.322 0.493 0.006 0.015
8 0.31 0.476 0.009 0.019
8 0.365 0.483 0.009 0.014
8 0.516 0.494 0.013 0.022
8 0.011 0.413 0.019 0.019
11 0.028 0.387 0.027 0.014
11 0.509 0.46 0.02 0.014
8 0.621 0.474 0.016 0.035
10 0.637 0.483 0.012 0.027
2 0.413 0.535 0.025 0.039
2 0.4 0.534 0.009 0.034
2 0.375 0.521 0.005 0.017
2 0.378 0.526 0.006 0.02
2 0.383 0.527 0.009 0.017
2 0.389 0.53 0.01 0.015
2 0.598 0.569 0.151 0.179
2 0.911 0.675 0.175 0.311
2 0.352 0.514 0.009 0.014
2 0.339 0.514 0.012 0.014
2 0.32 0.511 0.01 0.017
2 0.33 0.515 0.009 0.015
2 0.27 0.508 0.025 0.027
2 0.297 0.506 0.035 0.027
