2 0.454 0.458 0.024 0.032
2 0.491 0.451 0.024 0.041
2 0.364 0.438 0.02 0.023
2 0.302 0.432 0.041 0.034
3 0.623 0.446 0.054 0.055
11 0.453 0.348 0.017 0.011
11 0.489 0.354 0.015 0.011
11 0.482 0.371 0.03 0.024
11 0.44 0.371 0.053 0.038
11 0.455 0.399 0.018 0.015
11 0.471 0.393 0.014 0.015
11 0.517 0.39 0.011 0.027
11 0.464 0.417 0.009 0.021
2 0.506 0.443 0.015 0.024
2 0.483 0.431 0.017 0.018
2 0.38 0.428 0.016 0.015
2 0.402 0.432 0.016 0.015
2 0.419 0.43 0.014 0.014
2 0.43 0.429 0.012 0.012
2 0.943 0.465 0.032 0.027
2 0.988 0.479 0.021 0.031
11 0.184 0.376 0.017 0.035
