2 0.204 0.4 0.018 0.03
2 0.166 0.402 0.056 0.028
2 0.338 0.392 0.009 0.009
2 0.33 0.393 0.008 0.01
2 0.416 0.392 0.011 0.031
2 0.409 0.376 0.011 0.006
2 0.405 0.399 0.028 0.045
2 0.489 0.38 0.008 0.02
2 0.494 0.373 0.005 0.037
2 0.473 0.395 0.027 0.077
2 0.098 0.55 0.196 0.406
2 0.793 0.397 0.137 0.122
2 0.696 0.382 0.029 0.036
2 0.569 0.392 0.065 0.092
2 0.446 0.415 0.067 0.109
2 0.369 0.406 0.057 0.08
2 0.253 0.416 0.086 0.101
4 0.515 0.372 0.032 0.06
4 0.298 0.379 0.034 0.048
2 0.304 0.393 0.022 0.014
11 0.604 0.344 0.015 0.029
11 0.431 0.342 0.027 0.019
2 0.32 0.392 0.013 0.023
