11 0.075 0.313 0.035 0.022
11 0.063 0.355 0.02 0.017
10 0.059 0.436 0.02 0.03
8 0.088 0.437 0.013 0.027
0 0.073 0.56 0.033 0.139
7 0.44 0.443 0.006 0.02
7 0.534 0.451 0.008 0.02
11 0.542 0.456 0.006 0.025
7 0.568 0.466 0.007 0.02
7 0.667 0.197 0.018 0.07
7 0.836 0.428 0.02 0.025
10 0.648 0.198 0.022 0.067
10 0.812 0.428 0.013 0.03
11 0.814 0.319 0.035 0.02
3 0.52 0.498 0.015 0.03
4 0.504 0.493 0.018 0.02
2 0.491 0.504 0.013 0.012
2 0.485 0.509 0.014 0.017
2 0.468 0.507 0.014 0.017
2 0.452 0.509 0.018 0.022
2 0.423 0.507 0.034 0.034
2 0.411 0.521 0.018 0.03
2 0.401 0.517 0.011 0.027
2 0.39 0.519 0.021 0.042
2 0.349 0.508 0.011 0.01
2 0.477 0.513 0.018 0.025
2 0.364 0.523 0.036 0.045
2 0.297 0.534 0.062 0.072
2 0.217 0.553 0.092 0.085
4 0.543 0.499 0.027 0.043
2 0.549 0.521 0.021 0.035
2 0.598 0.511 0.028 0.05
2 0.62 0.524 0.032 0.062
2 0.625 0.531 0.017 0.055
2 0.664 0.519 0.067 0.097
2 0.696 0.536 0.087 0.1
2 0.57 0.523 0.038 0.065
2 0.506 0.529 0.039 0.057
10 0.42 0.452 0.006 0.024
