11 0.785 0.31 0.019 0.068
11 0.646 0.34 0.018 0.021
11 0.648 0.376 0.011 0.045
7 0.431 0.396 0.008 0.033
11 0.288 0.358 0.019 0.016
11 0.296 0.378 0.02 0.014
2 0.47 0.444 0.016 0.017
2 0.516 0.442 0.016 0.031
2 0.536 0.44 0.03 0.071
2 0.45 0.446 0.017 0.028
2 0.429 0.442 0.023 0.038
2 0.408 0.446 0.025 0.049
2 0.383 0.449 0.036 0.059
2 0.352 0.453 0.046 0.094
2 0.307 0.467 0.075 0.128
2 0.206 0.484 0.166 0.184
2 0.749 0.506 0.21 0.208
2 0.586 0.471 0.103 0.144
2 0.065 0.541 0.13 0.256
2 0.889 0.619 0.22 0.447
11 0.805 0.352 0.019 0.038
