0 0.031 0.555 0.059 0.184
0 0.445 0.505 0.027 0.066
2 0.593 0.513 0.011 0.009
2 0.582 0.509 0.007 0.024
2 0.577 0.506 0.011 0.026
2 0.565 0.502 0.017 0.031
2 0.564 0.507 0.018 0.031
2 0.543 0.503 0.036 0.054
2 0.384 0.555 0.09 0.12
2 0.49 0.551 0.117 0.142
2 0.295 0.586 0.143 0.173
2 0.133 0.614 0.234 0.255
2 0.644 0.506 0.009 0.017
2 0.651 0.499 0.014 0.031
2 0.654 0.505 0.015 0.04
2 0.669 0.509 0.023 0.047
2 0.691 0.516 0.034 0.071
2 0.73 0.523 0.078 0.125
2 0.746 0.542 0.081 0.137
2 0.851 0.579 0.221 0.236
2 0.929 0.697 0.14 0.432
2 0.078 0.627 0.155 0.742
2 0.967 0.479 0.036 0.042
