2 0.391 0.511 0.025 0.026
2 0.387 0.537 0.029 0.034
2 0.273 0.553 0.061 0.096
2 0.482 0.503 0.02 0.024
2 0.495 0.532 0.028 0.031
2 0.545 0.519 0.04 0.054
2 0.565 0.526 0.044 0.042
2 0.582 0.546 0.051 0.059
2 0.445 0.52 0.089 0.06
2 0.319 0.576 0.099 0.126
2 0.686 0.505 0.067 0.072
3 0.346 0.497 0.071 0.104
11 0.299 0.466 0.026 0.018
11 0.487 0.43 0.015 0.028
11 0.506 0.437 0.015 0.02
10 0.526 0.434 0.007 0.026
10 0.468 0.425 0.007 0.024
8 0.476 0.424 0.007 0.026
11 0.635 0.429 0.024 0.023
11 0.63 0.402 0.011 0.016
11 0.442 0.482 0.01 0.013
11 0.47 0.483 0.013 0.008
10 0.556 0.429 0.011 0.018
10 0.571 0.482 0.013 0.023
10 0.538 0.488 0.01 0.015
11 0.533 0.465 0.011 0.008
0 0.498 0.512 0.007 0.023
0 0.506 0.518 0.01 0.02
0 0.514 0.523 0.008 0.029
0 0.525 0.521 0.01 0.031
0 0.616 0.522 0.01 0.051
0 0.623 0.527 0.011 0.057
0 0.628 0.514 0.01 0.047
1 0.642 0.528 0.013 0.052
5 0.642 0.538 0.015 0.042
0 0.654 0.525 0.009 0.06
0 0.664 0.524 0.012 0.059
0 0.686 0.509 0.017 0.059
0 0.698 0.516 0.017 0.052
0 0.823 0.514 0.018 0.093
0 0.846 0.53 0.02 0.131
0 0.864 0.533 0.021 0.114
0 0.873 0.482 0.017 0.051
0 0.963 0.532 0.032 0.141
0 0.883 0.553 0.045 0.167
0 0.744 0.522 0.025 0.1
3 0.212 0.502 0.139 0.139
2 0.123 0.64 0.244 0.289
2 0.974 0.66 0.05 0.165
2 0.496 0.726 0.416 0.369
