2 0.033 0.541 0.065 0.087
3 0.061 0.49 0.12 0.109
2 0.234 0.49 0.094 0.095
2 0.32 0.466 0.034 0.042
2 0.367 0.455 0.032 0.034
2 0.421 0.449 0.015 0.019
2 0.442 0.442 0.021 0.019
2 0.461 0.442 0.011 0.019
2 0.169 0.502 0.038 0.039
2 0.49 0.454 0.05 0.066
2 0.583 0.43 0.029 0.044
2 0.513 0.435 0.023 0.033
2 0.533 0.431 0.013 0.017
2 0.548 0.432 0.02 0.022
2 0.605 0.419 0.019 0.027
2 0.637 0.417 0.026 0.024
2 0.655 0.42 0.014 0.023
2 0.684 0.416 0.01 0.017
2 0.694 0.419 0.013 0.017
2 0.705 0.422 0.013 0.022
2 0.72 0.42 0.017 0.023
2 0.735 0.414 0.023 0.027
2 0.754 0.418 0.019 0.033
2 0.774 0.421 0.022 0.034
2 0.796 0.415 0.026 0.033
2 0.846 0.41 0.069 0.071
11 0.764 0.305 0.045 0.085
11 0.638 0.367 0.013 0.027
10 0.501 0.408 0.009 0.022
10 0.52 0.392 0.006 0.01
10 0.574 0.394 0.006 0.014
10 0.579 0.387 0.006 0.014
10 0.599 0.388 0.004 0.019
11 0.529 0.407 0.04 0.024
