2 0.285 0.302 0.049 0.083
2 0.068 0.373 0.136 0.373
2 0.349 0.335 0.078 0.109
2 0.415 0.305 0.013 0.017
2 0.428 0.308 0.014 0.028
2 0.443 0.308 0.016 0.031
2 0.465 0.313 0.038 0.057
0 0.498 0.311 0.012 0.05
0 0.504 0.312 0.01 0.049
0 0.514 0.315 0.008 0.042
0 0.524 0.315 0.008 0.04
0 0.531 0.316 0.01 0.04
0 0.537 0.314 0.007 0.038
0 0.545 0.324 0.01 0.066
0 0.555 0.321 0.006 0.061
0 0.562 0.312 0.007 0.038
0 0.638 0.328 0.016 0.071
0 0.684 0.303 0.015 0.042
0 0.697 0.333 0.017 0.09
0 0.715 0.335 0.017 0.099
0 0.777 0.312 0.014 0.069
0 0.805 0.366 0.039 0.177
0 0.854 0.324 0.019 0.083
0 0.881 0.319 0.019 0.049
0 0.955 0.372 0.027 0.165
0 0.977 0.356 0.032 0.151
2 0.153 0.286 0.036 0.034
2 0.104 0.279 0.03 0.049
2 0.191 0.287 0.024 0.028
2 0.224 0.288 0.021 0.035
7 0.274 0.182 0.01 0.028
7 0.425 0.172 0.005 0.023
7 0.333 0.255 0.007 0.014
7 0.394 0.272 0.004 0.021
7 0.41 0.249 0.005 0.019
10 0.432 0.174 0.006 0.023
11 0.275 0.204 0.019 0.012
11 0.503 0.2 0.012 0.019
11 0.518 0.236 0.019 0.014
11 0.561 0.213 0.018 0.017
11 0.594 0.224 0.014 0.033
11 0.12 0.197 0.017 0.012
