2 0.84 0.639 0.319 0.302
2 0.465 0.575 0.194 0.31
2 0.352 0.58 0.085 0.122
2 0.644 0.58 0.126 0.122
11 0.167 0.351 0.036 0.092
11 0.293 0.45 0.017 0.036
11 0.285 0.418 0.019 0.011
11 0.377 0.408 0.035 0.021
11 0.292 0.483 0.018 0.013
11 0.292 0.502 0.013 0.011
11 0.914 0.326 0.026 0.054
11 0.915 0.368 0.016 0.026
11 0.927 0.391 0.028 0.028
11 0.761 0.276 0.02 0.04
7 0.74 0.294 0.014 0.061
7 0.43 0.415 0.011 0.037
11 0.413 0.399 0.015 0.021
11 0.406 0.435 0.033 0.046
7 0.874 0.43 0.007 0.036
8 0.177 0.43 0.013 0.024
8 0.918 0.464 0.015 0.034
11 0.471 0.432 0.043 0.051
