2 0.32 0.62 0.031 0.038
2 0.356 0.634 0.037 0.053
2 0.22 0.6 0.011 0.02
2 0.098 0.667 0.193 0.268
5 0.538 0.796 0.066 0.166
11 0.278 0.461 0.046 0.033
11 0.081 0.433 0.016 0.033
11 0.445 0.507 0.024 0.024
11 0.457 0.463 0.021 0.026
7 0.191 0.428 0.01 0.037
10 0.487 0.528 0.032 0.061
7 0.094 0.433 0.008 0.034
10 0.105 0.436 0.012 0.035
11 0.265 0.574 0.008 0.018
11 0.33 0.557 0.012 0.033
11 0.339 0.525 0.02 0.012
11 0.345 0.496 0.014 0.018
11 0.342 0.57 0.023 0.027
0 0.557 0.672 0.015 0.086
0 0.545 0.671 0.011 0.095
0 0.514 0.672 0.024 0.106
0 0.48 0.671 0.025 0.107
0 0.461 0.665 0.012 0.111
0 0.442 0.672 0.028 0.125
0 0.423 0.663 0.02 0.107
0 0.408 0.658 0.018 0.097
0 0.378 0.663 0.023 0.11
11 0.545 0.343 0.054 0.12
11 0.828 0.195 0.075 0.101
10 0.295 0.57 0.006 0.026
10 0.208 0.549 0.007 0.015
2 0.061 0.568 0.027 0.02
0 0.27 0.612 0.01 0.034
