2 0.063 0.63 0.124 0.112
8 0.166 0.481 0.019 0.036
8 0.3 0.228 0.019 0.075
8 0.861 0.411 0.015 0.029
7 0.839 0.414 0.015 0.029
2 0.386 0.576 0.046 0.058
2 0.413 0.575 0.02 0.066
2 0.424 0.572 0.025 0.053
2 0.442 0.568 0.016 0.041
2 0.455 0.575 0.018 0.046
2 0.469 0.572 0.015 0.034
2 0.553 0.573 0.036 0.046
2 0.537 0.572 0.02 0.034
2 0.526 0.567 0.015 0.029
2 0.519 0.568 0.015 0.032
10 0.282 0.233 0.019 0.066
10 0.32 0.23 0.012 0.075
11 0.226 0.267 0.079 0.046
11 0.119 0.24 0.026 0.027
11 0.145 0.466 0.018 0.051
11 0.144 0.392 0.016 0.039
