10 0.287 0.527 0.008 0.035
10 0.297 0.526 0.008 0.033
10 0.618 0.49 0.008 0.035
10 0.607 0.491 0.009 0.033
10 0.618 0.613 0.017 0.019
10 0.732 0.539 0.013 0.049
10 0.765 0.655 0.008 0.023
8 0.972 0.535 0.032 0.06
7 0.626 0.267 0.02 0.101
10 0.597 0.266 0.025 0.098
11 0.197 0.549 0.02 0.023
11 0.664 0.482 0.07 0.026
11 0.843 0.337 0.065 0.091
11 0.942 0.46 0.028 0.066
5 0.115 0.711 0.024 0.052
2 0.052 0.742 0.104 0.195
2 0.219 0.696 0.045 0.056
2 0.537 0.667 0.015 0.033
2 0.546 0.67 0.008 0.037
2 0.564 0.671 0.033 0.049
11 0.169 0.591 0.021 0.04
2 0.49 0.687 0.099 0.171
2 0.274 0.703 0.092 0.112
2 0.169 0.701 0.078 0.077
2 0.425 0.665 0.015 0.023
2 0.415 0.665 0.007 0.019
2 0.407 0.667 0.011 0.014
2 0.397 0.67 0.009 0.019
2 0.388 0.67 0.009 0.019
2 0.377 0.672 0.016 0.023
2 0.346 0.685 0.054 0.063
2 0.442 0.657 0.016 0.04
2 0.022 0.854 0.045 0.288
0 0.587 0.674 0.011 0.049
0 0.659 0.673 0.011 0.061
0 0.744 0.649 0.011 0.03
0 0.646 0.678 0.008 0.037
2 0.872 0.673 0.024 0.042
2 0.801 0.664 0.12 0.084
2 0.322 0.672 0.024 0.031
