7 0.469 0.44 0.009 0.03
7 0.565 0.507 0.007 0.023
8 0.566 0.531 0.009 0.021
8 0.388 0.49 0.008 0.023
8 0.102 0.484 0.018 0.073
7 0.375 0.456 0.011 0.021
10 0.097 0.35 0.033 0.098
10 0.108 0.266 0.026 0.073
11 0.508 0.453 0.024 0.014
11 0.564 0.48 0.011 0.026
11 0.382 0.536 0.012 0.021
2 0.082 0.565 0.021 0.033
2 0.094 0.57 0.029 0.033
2 0.316 0.55 0.012 0.021
2 0.396 0.561 0.011 0.033
0 0.012 0.559 0.008 0.035
2 0.044 0.571 0.045 0.035
2 0.303 0.552 0.017 0.021
2 0.416 0.566 0.038 0.063
2 0.45 0.558 0.016 0.028
2 0.534 0.579 0.037 0.052
2 0.481 0.591 0.057 0.089
2 0.208 0.637 0.221 0.255
2 0.352 0.592 0.086 0.12
4 0.783 0.476 0.41 0.577
2 0.992 0.625 0.016 0.059
