7 0.319 0.207 0.016 0.062
7 0.581 0.136 0.019 0.073
8 0.562 0.131 0.017 0.06
8 0.652 0.32 0.014 0.047
8 0.824 0.039 0.022 0.079
8 0.584 0.411 0.008 0.015
11 0.13 0.275 0.032 0.028
11 0.117 0.216 0.019 0.022
2 0.393 0.437 0.007 0.015
2 0.383 0.432 0.015 0.024
2 0.371 0.438 0.018 0.032
2 0.361 0.443 0.012 0.032
2 0.404 0.438 0.014 0.022
2 0.331 0.442 0.042 0.051
2 0.522 0.569 0.332 0.542
2 0.973 0.475 0.052 0.069
0 0.757 0.478 0.016 0.099
2 0.418 0.444 0.015 0.034
9 0.105 0.297 0.011 0.047
7 0.147 0.355 0.01 0.026
0 0.273 0.445 0.016 0.061
