2 0.505 0.771 0.015 0.02
2 0.502 0.79 0.014 0.027
2 0.523 0.783 0.012 0.018
2 0.51 0.797 0.026 0.035
2 0.55 0.8 0.05 0.078
2 0.471 0.793 0.052 0.11
2 0.439 0.793 0.015 0.049
4 0.408 0.784 0.055 0.121
2 0.38 0.821 0.077 0.138
2 0.162 0.865 0.083 0.059
2 0.094 0.87 0.095 0.07
4 0.605 0.765 0.06 0.095
2 0.774 0.768 0.109 0.105
2 0.711 0.823 0.254 0.346
2 0.922 0.786 0.154 0.235
0 0.324 0.824 0.016 0.055
0 0.301 0.829 0.013 0.046
0 0.261 0.844 0.015 0.064
0 0.144 0.872 0.016 0.108
0 0.094 0.875 0.018 0.09
0 0.337 0.823 0.009 0.056
11 0.152 0.741 0.027 0.023
11 0.029 0.722 0.017 0.027
11 0.273 0.713 0.013 0.015
11 0.752 0.608 0.018 0.02
7 0.271 0.756 0.008 0.032
7 0.405 0.676 0.007 0.034
7 0.574 0.646 0.009 0.034
10 0.169 0.792 0.016 0.031
10 0.155 0.793 0.012 0.034
10 0.563 0.649 0.009 0.037
10 0.735 0.594 0.012 0.041
10 0.765 0.698 0.015 0.029
5 0.15 0.888 0.046 0.052
5 0.02 0.934 0.036 0.073
0 0.01 0.88 0.017 0.082
