8 0.243 0.116 0.013 0.054
8 0.087 0.136 0.015 0.05
7 0.087 0.2 0.015 0.045
8 0.082 0.261 0.014 0.027
8 0.783 0.355 0.015 0.029
8 0.764 0.355 0.007 0.029
8 0.782 0.075 0.024 0.1
8 0.822 0.07 0.033 0.125
10 0.77 0.087 0.02 0.081
9 0.383 0.304 0.01 0.029
9 0.216 0.342 0.012 0.018
2 0.259 0.387 0.127 0.165
2 0.397 0.474 0.239 0.335
2 0.141 0.331 0.063 0.047
0 0.677 0.432 0.019 0.088
11 0.182 0.124 0.068 0.03
7 0.224 0.123 0.017 0.063
11 0.779 0.221 0.026 0.034
11 0.896 0.38 0.016 0.034
11 0.959 0.077 0.081 0.054
