11 0.731 0.313 0.033 0.04
11 0.72 0.23 0.06 0.047
11 0.513 0.369 0.023 0.017
11 0.524 0.35 0.021 0.014
8 0.187 0.142 0.019 0.083
8 0.412 0.264 0.011 0.054
8 0.531 0.413 0.018 0.023
8 0.377 0.438 0.007 0.016
8 0.329 0.438 0.008 0.024
8 0.104 0.43 0.015 0.021
7 0.705 0.326 0.018 0.045
10 0.748 0.326 0.034 0.062
10 0.428 0.269 0.01 0.052
7 0.209 0.152 0.015 0.071
2 0.285 0.513 0.02 0.066
2 0.264 0.508 0.027 0.076
4 0.294 0.479 0.036 0.071
2 0.224 0.511 0.073 0.094
2 0.392 0.62 0.252 0.354
2 0.798 0.616 0.399 0.341
2 0.941 0.519 0.116 0.109
0 0.509 0.533 0.049 0.227
0 0.642 0.487 0.025 0.083
0 0.628 0.501 0.016 0.073
0 0.173 0.52 0.014 0.076
0 0.162 0.523 0.016 0.083
0 0.142 0.522 0.016 0.081
0 0.132 0.533 0.018 0.092
0 0.117 0.535 0.023 0.092
0 0.072 0.527 0.019 0.101
0 0.044 0.537 0.016 0.125
0 0.028 0.545 0.023 0.113
0 0.213 0.522 0.025 0.099
0 0.008 0.542 0.016 0.107
0 0.541 0.483 0.011 0.033
