2 0.96 0.474 0.076 0.123
2 0.78 0.497 0.119 0.122
2 0.695 0.472 0.048 0.104
2 0.347 0.476 0.098 0.114
2 0.472 0.478 0.093 0.122
2 0.653 0.465 0.034 0.047
2 0.535 0.463 0.052 0.058
2 0.297 0.453 0.043 0.09
2 0.102 0.528 0.205 0.416
11 0.561 0.354 0.047 0.032
11 0.097 0.229 0.091 0.066
11 0.025 0.192 0.028 0.071
11 0.226 0.411 0.04 0.036
7 0.281 0.271 0.022 0.041
11 0.651 0.272 0.033 0.039
7 0.556 0.268 0.02 0.039
11 0.636 0.393 0.019 0.019
11 0.637 0.408 0.017 0.011
11 0.398 0.41 0.02 0.011
11 0.822 0.357 0.011 0.019
11 0.752 0.367 0.011 0.019
11 0.725 0.372 0.009 0.024
11 0.653 0.393 0.009 0.026
11 0.585 0.41 0.011 0.015
11 0.548 0.417 0.008 0.024
10 0.618 0.419 0.012 0.022
7 0.511 0.398 0.008 0.017
8 0.574 0.422 0.013 0.024
2 0.393 0.457 0.026 0.049
2 0.863 0.467 0.045 0.093
8 0.975 0.284 0.015 0.036
2 0.911 0.472 0.06 0.095
2 0.725 0.485 0.051 0.091
11 0.56 0.433 0.009 0.014
