7 0.398 0.483 0.009 0.011
7 0.384 0.483 0.008 0.016
11 0.371 0.494 0.008 0.014
7 0.334 0.488 0.007 0.014
2 0.292 0.528 0.021 0.022
2 0.269 0.535 0.019 0.019
2 0.249 0.541 0.021 0.026
2 0.229 0.542 0.018 0.023
2 0.21 0.546 0.018 0.024
2 0.191 0.546 0.025 0.038
0 0.109 0.545 0.008 0.039
2 0.029 0.581 0.059 0.067
2 0.385 0.517 0.011 0.02
2 0.432 0.517 0.018 0.041
2 0.452 0.514 0.022 0.052
2 0.483 0.515 0.044 0.068
2 0.514 0.515 0.049 0.072
2 0.545 0.525 0.039 0.074
2 0.581 0.53 0.047 0.084
2 0.621 0.534 0.054 0.095
2 0.712 0.557 0.138 0.147
2 0.848 0.578 0.128 0.189
2 0.331 0.521 0.016 0.015
2 0.14 0.56 0.059 0.063
2 0.351 0.527 0.031 0.034
2 0.402 0.52 0.029 0.035
