8 0.1 0.145 0.015 0.063
8 0.515 0.188 0.009 0.047
8 0.715 0.334 0.012 0.021
8 0.086 0.35 0.013 0.019
8 0.472 0.349 0.008 0.021
10 0.114 0.145 0.013 0.063
11 0.705 0.307 0.025 0.016
11 0.695 0.287 0.015 0.014
11 0.728 0.261 0.04 0.019
11 0.693 0.252 0.011 0.019
11 0.705 0.336 0.016 0.023
0 0.066 0.424 0.021 0.077
0 0.052 0.411 0.029 0.052
0 0.965 0.402 0.022 0.101
0 0.945 0.388 0.013 0.021
0 0.924 0.394 0.024 0.066
0 0.901 0.413 0.032 0.07
0 0.883 0.415 0.021 0.098
0 0.861 0.4 0.017 0.042
0 0.783 0.409 0.015 0.052
0 0.79 0.425 0.012 0.094
0 0.803 0.428 0.022 0.112
0 0.844 0.424 0.021 0.096
0 0.823 0.434 0.02 0.12
0 0.759 0.476 0.037 0.241
0 0.686 0.457 0.059 0.237
2 0.577 0.436 0.189 0.173
2 0.707 0.425 0.134 0.141
2 0.057 0.532 0.113 0.333
2 0.313 0.475 0.414 0.659
2 0.887 0.596 0.224 0.487
