2 0.246 0.456 0.033 0.073
2 0.582 0.417 0.025 0.042
2 0.568 0.429 0.019 0.043
2 0.596 0.437 0.025 0.061
2 0.623 0.448 0.041 0.07
2 0.626 0.405 0.034 0.014
2 0.193 0.47 0.098 0.084
2 0.453 0.476 0.14 0.22
2 0.544 0.439 0.045 0.069
2 0.667 0.455 0.084 0.092
2 0.893 0.505 0.212 0.371
0 0.136 0.46 0.015 0.085
0 0.097 0.455 0.009 0.062
0 0.081 0.46 0.017 0.07
0 0.056 0.47 0.006 0.065
0 0.015 0.463 0.012 0.086
0 0.168 0.434 0.012 0.028
0 0.184 0.423 0.006 0.015
0 0.191 0.425 0.007 0.015
0 0.005 0.458 0.011 0.087
0 0.027 0.465 0.015 0.091
0 0.045 0.468 0.019 0.092
0 0.752 0.468 0.031 0.154
11 0.876 0.221 0.034 0.08
11 0.875 0.101 0.044 0.061
10 0.912 0.241 0.018 0.058
0 0.811 0.423 0.029 0.068
4 0.312 0.411 0.11 0.176
0 0.379 0.435 0.006 0.035
