11 0.433 0.38 0.013 0.008
11 0.438 0.391 0.016 0.01
11 0.608 0.389 0.014 0.013
11 0.567 0.438 0.008 0.008
7 0.486 0.339 0.009 0.031
7 0.546 0.353 0.006 0.028
7 0.514 0.41 0.006 0.02
7 0.542 0.418 0.006 0.02
8 0.554 0.442 0.004 0.015
8 0.517 0.442 0.005 0.013
2 0.535 0.464 0.014 0.017
2 0.552 0.465 0.008 0.016
2 0.561 0.469 0.009 0.024
2 0.575 0.472 0.026 0.036
2 0.495 0.464 0.007 0.016
2 0.501 0.469 0.009 0.016
2 0.489 0.464 0.007 0.028
2 0.483 0.464 0.011 0.034
2 0.466 0.468 0.03 0.038
2 0.439 0.474 0.016 0.051
2 0.425 0.479 0.028 0.064
2 0.405 0.482 0.035 0.075
2 0.363 0.482 0.073 0.114
2 0.29 0.494 0.119 0.149
2 0.157 0.523 0.227 0.204
2 0.03 0.554 0.06 0.309
10 0.478 0.339 0.007 0.035
10 0.539 0.352 0.005 0.028
10 0.551 0.356 0.004 0.03
