8 0.429 0.522 0.011 0.026
8 0.307 0.518 0.011 0.022
11 0.292 0.525 0.023 0.011
11 0.659 0.485 0.032 0.069
11 0.441 0.527 0.016 0.013
11 0.54 0.498 0.013 0.026
11 0.57 0.497 0.02 0.024
11 0.466 0.527 0.007 0.024
0 0.299 0.609 0.012 0.037
0 0.231 0.611 0.013 0.037
0 0.212 0.614 0.011 0.03
0 0.263 0.61 0.006 0.026
2 0.322 0.606 0.012 0.022
2 0.343 0.607 0.022 0.024
2 0.367 0.606 0.022 0.043
2 0.387 0.59 0.012 0.035
11 0.423 0.55 0.023 0.017
2 0.425 0.636 0.095 0.145
2 0.523 0.601 0.05 0.076
2 0.619 0.626 0.096 0.1
