2 0.211 0.684 0.166 0.159
2 0.382 0.665 0.116 0.145
2 0.511 0.675 0.126 0.171
2 0.754 0.674 0.222 0.288
2 0.637 0.658 0.045 0.128
2 0.618 0.647 0.035 0.09
2 0.596 0.639 0.033 0.078
2 0.575 0.628 0.028 0.056
2 0.575 0.602 0.04 0.027
2 0.31 0.654 0.062 0.105
2 0.433 0.622 0.021 0.044
2 0.448 0.627 0.013 0.038
2 0.453 0.615 0.022 0.035
0 0.989 0.632 0.021 0.153
0 0.912 0.636 0.049 0.16
0 0.948 0.637 0.034 0.128
0 0.858 0.613 0.031 0.102
11 0.644 0.532 0.02 0.041
11 0.446 0.533 0.022 0.012
11 0.564 0.563 0.012 0.011
4 0.511 0.566 0.061 0.053
11 0.611 0.561 0.008 0.024
7 0.467 0.531 0.003 0.02
10 0.47 0.534 0.005 0.02
10 0.527 0.532 0.004 0.014
10 0.531 0.532 0.004 0.012
0 0.348 0.613 0.011 0.032
