11 0.193 0.144 0.075 0.028
11 0.961 0.087 0.062 0.031
7 0.276 0.136 0.021 0.106
11 0.157 0.396 0.048 0.05
11 0.228 0.392 0.075 0.069
10 0.928 0.043 0.027 0.087
2 0.979 0.543 0.041 0.068
4 0.619 0.428 0.274 0.347
2 0.474 0.503 0.033 0.038
2 0.278 0.518 0.061 0.073
2 0.382 0.504 0.045 0.073
2 0.322 0.503 0.033 0.054
2 0.352 0.497 0.015 0.024
2 0.412 0.499 0.018 0.021
2 0.433 0.497 0.019 0.021
2 0.036 0.497 0.072 0.062
2 0.078 0.497 0.03 0.042
2 0.129 0.501 0.032 0.024
2 0.17 0.498 0.033 0.026
2 0.204 0.491 0.032 0.033
2 0.229 0.492 0.018 0.021
2 0.247 0.495 0.017 0.016
2 0.169 0.477 0.021 0.017
