2 0.043 0.661 0.086 0.066
2 0.027 0.616 0.055 0.037
2 0.112 0.647 0.087 0.045
0 0.234 0.62 0.014 0.058
0 0.304 0.602 0.013 0.054
11 0.23 0.409 0.058 0.027
0 0.134 0.442 0.031 0.014
8 0.316 0.396 0.01 0.043
10 0.328 0.4 0.012 0.045
10 0.107 0.542 0.022 0.037
2 0.365 0.616 0.045 0.049
2 0.39 0.61 0.02 0.037
2 0.41 0.601 0.022 0.037
2 0.436 0.597 0.027 0.045
2 0.465 0.597 0.027 0.037
2 0.486 0.595 0.014 0.033
4 0.485 0.571 0.029 0.056
2 0.513 0.585 0.017 0.029
2 0.504 0.578 0.01 0.035
8 0.612 0.415 0.016 0.033
8 0.618 0.418 0.009 0.029
2 0.556 0.58 0.024 0.037
2 0.534 0.576 0.01 0.012
2 0.762 0.647 0.174 0.181
2 0.657 0.585 0.044 0.058
2 0.633 0.582 0.019 0.039
11 0.659 0.434 0.042 0.019
11 0.817 0.385 0.024 0.016
11 0.804 0.407 0.038 0.014
2 0.927 0.644 0.145 0.294
2 0.838 0.599 0.164 0.216
2 0.612 0.579 0.022 0.045
2 0.595 0.574 0.012 0.031
2 0.581 0.579 0.017 0.021
11 0.702 0.461 0.018 0.013
11 0.703 0.486 0.015 0.036
