2 0.461 0.477 0.011 0.016
2 0.472 0.481 0.009 0.024
2 0.481 0.483 0.016 0.03
2 0.495 0.485 0.027 0.037
2 0.428 0.475 0.009 0.013
2 0.419 0.476 0.013 0.015
2 0.413 0.482 0.008 0.023
2 0.403 0.481 0.014 0.032
2 0.389 0.483 0.03 0.042
2 0.356 0.463 0.036 0.019
2 0.06 0.463 0.042 0.031
2 0.234 0.529 0.11 0.136
2 0.12 0.553 0.226 0.195
2 0.028 0.634 0.055 0.212
2 0.021 0.484 0.04 0.092
2 0.663 0.584 0.193 0.225
2 0.525 0.497 0.042 0.063
2 0.356 0.491 0.048 0.063
2 0.442 0.484 0.016 0.024
2 0.5 0.497 0.016 0.032
7 0.342 0.25 0.014 0.053
7 0.482 0.329 0.013 0.041
10 0.47 0.329 0.011 0.045
10 0.329 0.248 0.014 0.056
10 0.302 0.42 0.013 0.023
11 0.176 0.324 0.016 0.023
11 0.183 0.356 0.04 0.025
10 0.156 0.37 0.029 0.042
11 0.34 0.408 0.019 0.033
11 0.338 0.436 0.016 0.014
11 0.503 0.446 0.012 0.024
11 0.574 0.337 0.024 0.013
10 0.572 0.434 0.016 0.027
11 0.022 0.345 0.017 0.023
11 0.706 0.328 0.022 0.031
11 0.685 0.323 0.017 0.02
11 0.667 0.372 0.014 0.028
11 0.569 0.46 0.013 0.011
10 0.681 0.397 0.022 0.034
11 0.314 0.403 0.021 0.018
11 0.172 0.299 0.01 0.02
