7 0.305 0.295 0.012 0.045
7 0.532 0.316 0.009 0.04
7 0.406 0.371 0.007 0.028
7 0.439 0.38 0.007 0.019
7 0.361 0.392 0.009 0.033
8 0.527 0.317 0.007 0.042
8 0.62 0.292 0.011 0.04
11 0.195 0.276 0.021 0.03
11 0.682 0.338 0.024 0.019
11 0.559 0.333 0.02 0.023
11 0.272 0.345 0.009 0.019
11 0.29 0.356 0.016 0.012
11 0.314 0.368 0.021 0.019
2 0.352 0.441 0.032 0.047
2 0.31 0.447 0.063 0.115
2 0.376 0.443 0.029 0.08
2 0.403 0.448 0.059 0.145
2 0.531 0.456 0.087 0.148
2 0.617 0.472 0.09 0.112
2 0.681 0.504 0.157 0.197
2 0.452 0.489 0.132 0.195
2 0.256 0.499 0.145 0.204
4 0.151 0.384 0.189 0.293
2 0.797 0.638 0.405 0.722
