2 0.414 0.481 0.026 0.035
2 0.432 0.483 0.023 0.04
2 0.603 0.481 0.027 0.053
2 0.564 0.497 0.063 0.131
2 0.501 0.555 0.161 0.224
2 0.36 0.538 0.136 0.156
2 0.144 0.618 0.288 0.479
2 0.704 0.504 0.138 0.168
2 0.782 0.481 0.035 0.069
2 0.99 0.613 0.017 0.144
11 0.26 0.284 0.058 0.037
11 0.795 0.294 0.031 0.037
11 0.628 0.373 0.042 0.029
11 0.663 0.368 0.011 0.021
11 0.664 0.395 0.015 0.034
11 0.851 0.348 0.027 0.021
11 0.182 0.317 0.015 0.021
11 0.178 0.346 0.027 0.023
11 0.183 0.208 0.009 0.032
11 0.181 0.238 0.016 0.027
11 0.863 0.322 0.017 0.034
11 0.512 0.41 0.014 0.011
11 0.499 0.432 0.009 0.017
11 0.51 0.434 0.011 0.008
11 0.601 0.415 0.01 0.012
8 0.497 0.415 0.008 0.014
8 0.477 0.409 0.007 0.009
8 0.35 0.259 0.012 0.05
8 0.849 0.386 0.009 0.018
8 0.031 0.203 0.021 0.078
7 0.333 0.261 0.011 0.049
7 0.532 0.403 0.006 0.012
7 0.563 0.412 0.007 0.009
7 0.577 0.422 0.008 0.014
7 0.545 0.426 0.008 0.009
7 0.674 0.285 0.009 0.038
7 0.871 0.387 0.009 0.017
7 0.175 0.398 0.011 0.02
0 0.812 0.464 0.01 0.075
0 0.823 0.472 0.015 0.088
0 0.831 0.44 0.008 0.034
0 0.842 0.477 0.015 0.073
0 0.842 0.449 0.012 0.049
0 0.881 0.461 0.022 0.082
0 0.434 0.458 0.006 0.017
0 0.437 0.457 0.006 0.012
8 0.186 0.437 0.009 0.017
