2 0.6 0.385 0.008 0.019
2 0.61 0.385 0.016 0.024
2 0.612 0.387 0.012 0.024
2 0.619 0.391 0.02 0.032
2 0.622 0.393 0.016 0.041
2 0.63 0.394 0.016 0.063
2 0.662 0.385 0.052 0.092
2 0.664 0.413 0.037 0.07
2 0.694 0.42 0.061 0.1
2 0.742 0.436 0.102 0.126
2 0.575 0.387 0.012 0.019
2 0.568 0.382 0.005 0.024
2 0.562 0.387 0.008 0.029
2 0.555 0.386 0.012 0.046
2 0.544 0.388 0.025 0.056
2 0.536 0.397 0.031 0.058
2 0.514 0.402 0.036 0.058
2 0.501 0.414 0.027 0.068
2 0.49 0.417 0.041 0.07
2 0.48 0.432 0.026 0.085
2 0.28 0.495 0.209 0.187
2 0.405 0.404 0.134 0.214
2 0.139 0.547 0.278 0.476
2 0.878 0.488 0.243 0.24
2 0.587 0.386 0.012 0.017
11 0.522 0.351 0.015 0.024
