11 0.399 0.376 0.01 0.022
11 0.538 0.402 0.007 0.019
11 0.631 0.415 0.01 0.022
11 0.654 0.414 0.008 0.019
2 0.574 0.443 0.01 0.019
2 0.564 0.442 0.015 0.027
2 0.544 0.442 0.016 0.017
2 0.525 0.438 0.019 0.015
2 0.511 0.432 0.015 0.012
2 0.511 0.439 0.015 0.012
2 0.493 0.437 0.022 0.027
2 0.477 0.442 0.012 0.017
2 0.449 0.438 0.022 0.024
2 0.398 0.438 0.022 0.034
2 0.391 0.448 0.04 0.024
2 0.372 0.444 0.014 0.022
2 0.355 0.443 0.04 0.034
2 0.108 0.451 0.135 0.085
2 0.241 0.433 0.071 0.073
2 0.962 0.472 0.034 0.015
2 0.559 0.449 0.022 0.032
2 0.604 0.444 0.029 0.046
2 0.422 0.441 0.033 0.034
2 0.775 0.473 0.145 0.143
