2 0.126 0.509 0.252 0.501
2 0.876 0.614 0.246 0.437
2 0.507 0.495 0.239 0.366
2 0.798 0.437 0.091 0.05
2 0.836 0.42 0.039 0.029
2 0.738 0.421 0.091 0.077
2 0.78 0.405 0.021 0.01
2 0.419 0.362 0.019 0.033
2 0.428 0.351 0.009 0.019
2 0.319 0.337 0.021 0.025
2 0.342 0.343 0.02 0.021
2 0.363 0.332 0.013 0.027
2 0.335 0.33 0.016 0.015
2 0.376 0.341 0.018 0.025
2 0.372 0.324 0.014 0.017
2 0.389 0.335 0.016 0.021
2 0.398 0.328 0.013 0.015
2 0.407 0.322 0.009 0.012
4 0.21 0.322 0.042 0.029
2 0.179 0.318 0.012 0.021
7 0.268 0.115 0.012 0.094
7 0.439 0.064 0.011 0.062
7 0.598 0.126 0.011 0.052
10 0.423 0.069 0.014 0.075
10 0.414 0.067 0.009 0.058
10 0.682 0.333 0.021 0.033
11 0.681 0.28 0.022 0.019
11 0.278 0.214 0.018 0.029
10 0.269 0.242 0.009 0.023
10 0.373 0.262 0.005 0.017
10 0.367 0.26 0.005 0.021
11 0.671 0.293 0.013 0.012
