11 0.519 0.09 0.024 0.048
11 0.548 0.135 0.046 0.032
11 0.647 0.328 0.013 0.026
11 0.57 0.352 0.018 0.032
11 0.532 0.375 0.013 0.019
11 0.571 0.376 0.015 0.011
11 0.379 0.326 0.007 0.021
11 0.391 0.339 0.021 0.016
11 0.721 0.213 0.019 0.024
11 0.722 0.27 0.036 0.021
8 0.337 0.397 0.009 0.021
8 0.633 0.385 0.013 0.019
7 0.406 0.335 0.009 0.024
7 0.475 0.365 0.007 0.026
7 0.494 0.136 0.013 0.04
2 0.326 0.458 0.077 0.101
2 0.511 0.428 0.021 0.029
2 0.533 0.426 0.024 0.037
2 0.55 0.429 0.022 0.048
2 0.189 0.496 0.214 0.22
2 0.39 0.429 0.045 0.053
2 0.461 0.418 0.013 0.016
2 0.476 0.418 0.015 0.016
2 0.491 0.424 0.013 0.021
2 0.596 0.426 0.058 0.079
