11 0.889 0.295 0.041 0.019
11 0.844 0.326 0.022 0.021
11 0.642 0.425 0.015 0.021
10 0.886 0.425 0.023 0.042
10 0.849 0.426 0.016 0.042
10 0.012 0.086 0.024 0.113
2 0.223 0.599 0.131 0.137
2 0.155 0.588 0.089 0.12
2 0.3 0.57 0.052 0.087
2 0.337 0.565 0.033 0.055
2 0.527 0.564 0.072 0.099
2 0.487 0.563 0.029 0.066
2 0.468 0.56 0.019 0.049
2 0.456 0.558 0.014 0.028
2 0.402 0.543 0.016 0.026
2 0.359 0.548 0.016 0.019
2 0.371 0.543 0.012 0.012
2 0.425 0.54 0.013 0.026
4 0.375 0.531 0.01 0.016
2 0.389 0.538 0.006 0.023
2 0.052 0.581 0.103 0.073
