8 0.276 0.394 0.016 0.026
8 0.407 0.485 0.006 0.017
8 0.467 0.489 0.005 0.014
8 0.652 0.191 0.016 0.035
8 0.711 0.505 0.012 0.022
11 0.701 0.439 0.017 0.011
11 0.711 0.45 0.019 0.008
11 0.216 0.498 0.016 0.012
8 0.196 0.498 0.014 0.019
8 0.213 0.431 0.008 0.028
10 0.654 0.252 0.014 0.079
7 0.628 0.26 0.017 0.065
7 0.502 0.518 0.006 0.011
7 0.527 0.515 0.006 0.012
7 0.541 0.516 0.005 0.011
0 0.186 0.548 0.01 0.051
2 0.34 0.543 0.047 0.061
2 0.388 0.546 0.037 0.05
2 0.497 0.552 0.026 0.039
2 0.47 0.543 0.02 0.028
2 0.82 0.591 0.097 0.073
2 0.889 0.608 0.161 0.097
8 0.813 0.362 0.016 0.036
10 0.813 0.426 0.019 0.053
11 0.828 0.478 0.041 0.042
11 0.882 0.417 0.034 0.019
11 0.856 0.358 0.028 0.017
11 0.721 0.293 0.047 0.079
11 0.827 0.315 0.039 0.014
11 0.835 0.13 0.012 0.055
11 0.882 0.451 0.011 0.046
2 0.981 0.607 0.034 0.069
7 0.314 0.054 0.027 0.108
