7 0.369 0.38 0.014 0.019
7 0.282 0.334 0.01 0.017
7 0.427 0.404 0.009 0.014
2 0.438 0.436 0.021 0.023
2 0.456 0.437 0.021 0.035
2 0.47 0.44 0.031 0.042
2 0.488 0.438 0.035 0.049
2 0.507 0.453 0.035 0.068
2 0.516 0.463 0.032 0.066
2 0.552 0.459 0.062 0.094
2 0.563 0.483 0.047 0.106
2 0.6 0.48 0.06 0.159
2 0.65 0.484 0.11 0.196
2 0.823 0.504 0.348 0.378
2 0.413 0.438 0.019 0.023
2 0.394 0.432 0.02 0.04
2 0.389 0.436 0.024 0.047
2 0.379 0.441 0.024 0.064
2 0.353 0.447 0.038 0.083
2 0.307 0.461 0.09 0.107
2 0.125 0.497 0.248 0.4
0 0.229 0.437 0.013 0.042
0 0.253 0.448 0.009 0.04
