8 0.102 0.352 0.008 0.025
8 0.074 0.377 0.01 0.021
8 0.034 0.377 0.007 0.021
8 0.02 0.348 0.009 0.021
8 0.707 0.143 0.014 0.031
11 0.707 0.063 0.026 0.031
0 0.79 0.443 0.072 0.338
0 0.915 0.428 0.097 0.307
0 0.953 0.37 0.024 0.221
0 0.52 0.435 0.058 0.247
0 0.356 0.437 0.038 0.256
0 0.188 0.467 0.072 0.282
0 0.034 0.43 0.041 0.118
0 0.117 0.421 0.044 0.134
0 0.352 0.435 0.07 0.243
0 0.981 0.367 0.035 0.223
1 0.302 0.4 0.02 0.082
6 0.301 0.432 0.051 0.08
1 0.286 0.388 0.022 0.06
2 0.138 0.423 0.024 0.027
2 0.071 0.431 0.06 0.066
11 0.435 0.267 0.017 0.031
3 0.719 0.325 0.559 0.355
5 0.528 0.445 0.101 0.109
1 0.537 0.406 0.042 0.177
