11 0.068 0.224 0.136 0.128
11 0.142 0.467 0.037 0.078
11 0.724 0.492 0.033 0.062
11 0.57 0.529 0.014 0.028
2 0.012 0.561 0.022 0.024
2 0.116 0.556 0.053 0.031
2 0.188 0.575 0.081 0.097
2 0.354 0.569 0.011 0.036
2 0.48 0.561 0.013 0.021
2 0.431 0.566 0.008 0.016
2 0.426 0.569 0.011 0.019
2 0.419 0.568 0.009 0.016
2 0.408 0.565 0.016 0.028
2 0.466 0.563 0.019 0.031
2 0.441 0.566 0.012 0.023
2 0.449 0.561 0.01 0.021
2 0.503 0.564 0.012 0.016
2 0.541 0.559 0.014 0.016
2 0.272 0.575 0.11 0.149
2 0.378 0.564 0.04 0.054
