8 0.557 0.413 0.011 0.03
8 0.393 0.39 0.007 0.029
7 0.469 0.487 0.007 0.014
7 0.521 0.487 0.006 0.018
2 0.511 0.525 0.012 0.016
2 0.493 0.517 0.01 0.018
2 0.444 0.562 0.105 0.201
2 0.111 0.534 0.035 0.05
2 0.07 0.539 0.054 0.068
8 0.107 0.493 0.016 0.02
10 0.246 0.398 0.01 0.03
11 0.295 0.462 0.015 0.029
11 0.317 0.448 0.01 0.029
11 0.258 0.451 0.019 0.021
11 0.367 0.483 0.009 0.029
11 0.367 0.506 0.008 0.013
11 0.386 0.485 0.007 0.018
2 0.546 0.539 0.045 0.068
2 0.669 0.583 0.183 0.231
10 0.251 0.398 0.009 0.03
