11 0.462 0.344 0.009 0.019
10 0.397 0.3 0.008 0.024
2 0.439 0.375 0.008 0.021
2 0.444 0.382 0.009 0.021
2 0.449 0.385 0.009 0.028
2 0.463 0.383 0.024 0.05
2 0.489 0.389 0.046 0.073
2 0.49 0.4 0.022 0.068
2 0.511 0.408 0.034 0.09
2 0.531 0.416 0.054 0.104
2 0.646 0.371 0.205 0.361
2 0.815 0.5 0.368 0.389
2 0.415 0.383 0.021 0.033
0 0.369 0.387 0.015 0.062
2 0.393 0.393 0.037 0.054
2 0.351 0.391 0.025 0.078
2 0.337 0.393 0.03 0.095
2 0.305 0.392 0.073 0.125
4 0.225 0.41 0.148 0.203
2 0.1 0.451 0.2 0.34
10 0.445 0.313 0.005 0.028
