7 0.482 0.284 0.014 0.022
0 0.852 0.392 0.043 0.176
0 0.632 0.378 0.036 0.128
0 0.412 0.354 0.008 0.045
0 0.404 0.349 0.008 0.057
0 0.098 0.292 0.033 0.038
2 0.469 0.351 0.016 0.014
2 0.489 0.351 0.017 0.014
2 0.462 0.368 0.024 0.023
2 0.48 0.366 0.012 0.022
2 0.503 0.368 0.021 0.023
2 0.441 0.349 0.031 0.042
2 0.545 0.376 0.022 0.027
2 0.527 0.367 0.011 0.024
2 0.573 0.369 0.028 0.069
2 0.33 0.375 0.097 0.129
2 0.248 0.408 0.158 0.177
2 0.116 0.462 0.231 0.305
4 0.623 0.301 0.124 0.207
11 0.762 0.127 0.025 0.03
