7 0.45 0.368 0.01 0.022
7 0.659 0.4 0.01 0.024
8 0.4 0.364 0.008 0.029
10 0.375 0.31 0.01 0.039
7 0.54 0.428 0.009 0.026
11 0.336 0.422 0.014 0.029
11 0.696 0.329 0.014 0.02
2 0.821 0.465 0.033 0.028
2 0.752 0.471 0.075 0.042
2 0.478 0.464 0.029 0.046
2 0.653 0.493 0.077 0.097
2 0.389 0.478 0.033 0.072
2 0.357 0.483 0.054 0.099
2 0.334 0.494 0.051 0.114
2 0.236 0.489 0.19 0.233
11 0.162 0.313 0.039 0.028
11 0.524 0.373 0.02 0.015
2 0.091 0.629 0.182 0.604
2 0.459 0.462 0.012 0.015
2 0.439 0.474 0.042 0.07
2 0.506 0.473 0.041 0.066
2 0.577 0.495 0.091 0.132
