7 0.568 0.21 0.007 0.021
7 0.557 0.247 0.009 0.023
7 0.481 0.221 0.007 0.023
7 0.427 0.22 0.007 0.026
7 0.383 0.235 0.008 0.033
7 0.73 0.228 0.009 0.023
8 0.737 0.271 0.011 0.021
8 0.527 0.262 0.009 0.021
7 0.632 0.254 0.008 0.028
10 0.318 0.261 0.008 0.023
10 0.31 0.262 0.008 0.026
11 0.269 0.259 0.016 0.021
11 0.266 0.227 0.018 0.026
11 0.265 0.195 0.025 0.023
11 0.33 0.211 0.02 0.019
11 0.312 0.177 0.017 0.026
11 0.651 0.252 0.022 0.016
11 0.769 0.135 0.022 0.04
2 0.709 0.326 0.041 0.042
2 0.643 0.304 0.022 0.03
2 0.584 0.309 0.012 0.012
2 0.564 0.323 0.026 0.035
2 0.23 0.332 0.021 0.04
2 0.256 0.332 0.053 0.059
2 0.39 0.31 0.02 0.028
2 0.329 0.354 0.12 0.145
2 0.092 0.341 0.034 0.026
2 0.133 0.341 0.016 0.03
4 0.669 0.29 0.04 0.068
3 0.801 0.288 0.136 0.152
2 0.967 0.344 0.065 0.185
2 0.036 0.345 0.069 0.07
2 0.463 0.357 0.156 0.234
