4 0.555 0.397 0.05 0.072
2 0.516 0.38 0.015 0.025
2 0.488 0.378 0.012 0.021
2 0.361 0.386 0.028 0.029
2 0.446 0.377 0.014 0.019
4 0.296 0.373 0.064 0.056
11 0.307 0.34 0.015 0.033
11 0.383 0.304 0.011 0.029
11 0.456 0.344 0.012 0.025
11 0.472 0.346 0.016 0.025
11 0.233 0.358 0.008 0.017
2 0.245 0.395 0.019 0.015
2 0.503 0.375 0.011 0.021
2 0.532 0.38 0.015 0.015
2 0.941 0.379 0.016 0.012
4 0.919 0.38 0.018 0.01
2 0.993 0.425 0.013 0.046
11 0.994 0.355 0.01 0.017
4 0.179 0.386 0.028 0.019
4 0.009 0.39 0.016 0.015
11 0.549 0.362 0.03 0.019
