11 0.739 0.362 0.015 0.023
11 0.767 0.348 0.007 0.016
11 0.978 0.249 0.02 0.056
0 0.963 0.389 0.01 0.058
2 0.661 0.398 0.006 0.014
2 0.655 0.397 0.007 0.017
2 0.652 0.397 0.007 0.02
2 0.641 0.395 0.02 0.043
2 0.64 0.402 0.015 0.029
2 0.633 0.406 0.011 0.045
2 0.62 0.406 0.028 0.063
2 0.621 0.411 0.02 0.053
2 0.614 0.417 0.021 0.062
2 0.598 0.414 0.036 0.078
2 0.561 0.433 0.071 0.13
2 0.678 0.397 0.006 0.013
2 0.683 0.398 0.006 0.014
2 0.686 0.399 0.004 0.016
2 0.692 0.4 0.007 0.022
2 0.698 0.401 0.012 0.031
2 0.701 0.406 0.01 0.029
2 0.709 0.404 0.017 0.031
2 0.709 0.41 0.011 0.031
2 0.721 0.41 0.03 0.045
2 0.724 0.413 0.022 0.036
5 0.738 0.421 0.029 0.054
0 0.756 0.406 0.006 0.024
0 0.751 0.407 0.006 0.026
2 0.483 0.457 0.153 0.178
2 0.67 0.396 0.007 0.012
2 0.984 0.598 0.029 0.346
