11 0.508 0.381 0.014 0.007
11 0.517 0.363 0.017 0.012
11 0.376 0.409 0.008 0.014
8 0.407 0.341 0.008 0.017
8 0.45 0.337 0.008 0.019
10 0.401 0.343 0.005 0.017
2 0.47 0.44 0.016 0.042
2 0.486 0.442 0.033 0.045
2 0.485 0.455 0.017 0.043
2 0.501 0.461 0.017 0.055
2 0.512 0.46 0.027 0.068
2 0.54 0.464 0.054 0.083
2 0.574 0.481 0.073 0.095
2 0.639 0.501 0.122 0.135
2 0.818 0.518 0.322 0.308
2 0.277 0.458 0.026 0.035
2 0.255 0.46 0.031 0.047
2 0.22 0.466 0.054 0.066
2 0.967 0.682 0.063 0.262
11 0.331 0.414 0.009 0.007
11 0.328 0.406 0.01 0.01
11 0.472 0.413 0.009 0.012
11 0.476 0.402 0.011 0.01
