2 0.066 0.503 0.005 0.009
2 0.046 0.513 0.004 0.007
2 0.045 0.52 0.005 0.005
2 0.044 0.524 0.008 0.007
2 0.044 0.535 0.011 0.019
2 0.033 0.532 0.013 0.02
2 0.025 0.541 0.021 0.035
2 0.011 0.547 0.02 0.053
2 0.076 0.519 0.008 0.009
2 0.07 0.531 0.005 0.015
2 0.077 0.533 0.01 0.015
2 0.081 0.54 0.017 0.026
2 0.092 0.558 0.026 0.053
2 0.1 0.575 0.032 0.071
2 0.105 0.597 0.027 0.094
2 0.147 0.607 0.097 0.144
0 0.084 0.556 0.007 0.05
0 0.328 0.573 0.027 0.114
0 0.286 0.581 0.03 0.141
0 0.306 0.614 0.023 0.059
0 0.8 0.541 0.051 0.2
2 0.746 0.535 0.303 0.26
11 0.549 0.406 0.027 0.08
11 0.553 0.455 0.017 0.018
11 0.119 0.521 0.035 0.039
