11 0.791 0.438 0.027 0.05
8 0.435 0.443 0.01 0.023
8 0.531 0.455 0.01 0.012
11 0.121 0.384 0.027 0.064
2 0.559 0.534 0.021 0.031
2 0.532 0.522 0.011 0.019
2 0.512 0.531 0.034 0.057
2 0.491 0.524 0.012 0.033
2 0.463 0.527 0.031 0.049
4 0.44 0.511 0.014 0.038
4 0.421 0.51 0.026 0.054
11 0.399 0.477 0.01 0.024
8 0.39 0.49 0.008 0.019
2 0.4 0.525 0.016 0.045
2 0.387 0.523 0.026 0.049
2 0.358 0.522 0.034 0.061
2 0.309 0.519 0.062 0.075
2 0.253 0.522 0.078 0.094
2 0.03 0.487 0.06 0.114
2 0.146 0.503 0.165 0.182
2 0.668 0.546 0.043 0.118
4 0.741 0.542 0.13 0.201
