2 0.423 0.473 0.008 0.019
2 0.417 0.466 0.009 0.033
2 0.405 0.465 0.026 0.044
2 0.4 0.471 0.015 0.04
2 0.383 0.474 0.032 0.05
2 0.364 0.477 0.022 0.06
2 0.333 0.474 0.053 0.092
2 0.324 0.49 0.029 0.089
2 0.257 0.49 0.121 0.144
2 0.501 0.464 0.025 0.042
2 0.508 0.469 0.025 0.048
2 0.516 0.475 0.021 0.052
2 0.542 0.473 0.055 0.081
2 0.562 0.487 0.061 0.083
2 0.627 0.502 0.108 0.16
2 0.706 0.538 0.172 0.206
2 0.852 0.621 0.294 0.408
2 0.052 0.542 0.102 0.324
11 0.605 0.386 0.023 0.04
10 0.604 0.414 0.014 0.025
