11 0.19 0.388 0.043 0.034
11 0.506 0.249 0.042 0.023
11 0.524 0.301 0.023 0.017
11 0.681 0.347 0.023 0.013
11 0.254 0.46 0.028 0.049
11 0.304 0.383 0.016 0.026
11 0.306 0.417 0.018 0.038
7 0.298 0.327 0.014 0.045
7 0.522 0.339 0.018 0.049
11 0.685 0.153 0.016 0.072
2 0.173 0.456 0.041 0.03
2 0.064 0.474 0.121 0.117
2 0.115 0.511 0.121 0.159
2 0.04 0.589 0.08 0.217
4 0.452 0.414 0.014 0.032
3 0.423 0.42 0.025 0.049
2 0.453 0.423 0.011 0.023
2 0.464 0.437 0.031 0.051
2 0.42 0.449 0.035 0.047
2 0.348 0.479 0.077 0.108
7 0.535 0.384 0.017 0.019
1 0.697 0.434 0.026 0.089
0 0.734 0.483 0.047 0.2
0 0.563 0.438 0.012 0.057
0 0.573 0.447 0.014 0.077
0 0.603 0.437 0.022 0.085
0 0.588 0.454 0.018 0.085
0 0.556 0.452 0.014 0.074
6 0.695 0.454 0.049 0.064
