10 0.216 0.224 0.014 0.062
10 0.564 0.314 0.009 0.041
10 0.205 0.223 0.01 0.052
10 0.227 0.227 0.009 0.06
10 0.555 0.314 0.01 0.037
10 0.747 0.358 0.011 0.04
0 0.154 0.505 0.018 0.06
0 0.27 0.489 0.013 0.059
1 0.48 0.477 0.018 0.054
5 0.478 0.492 0.033 0.029
2 0.467 0.493 0.011 0.02
2 0.458 0.494 0.005 0.017
2 0.453 0.493 0.006 0.017
2 0.448 0.491 0.007 0.021
2 0.437 0.493 0.02 0.027
2 0.504 0.489 0.018 0.02
2 0.692 0.478 0.018 0.024
2 0.716 0.478 0.029 0.034
2 0.797 0.47 0.061 0.069
2 0.857 0.484 0.062 0.064
2 0.922 0.48 0.098 0.083
2 0.975 0.479 0.046 0.097
2 0.417 0.492 0.026 0.025
2 0.535 0.482 0.03 0.043
2 0.576 0.485 0.041 0.067
11 0.579 0.307 0.015 0.028
11 0.752 0.19 0.035 0.023
11 0.752 0.139 0.039 0.079
10 0.637 0.421 0.005 0.018
