0 0.174 0.653 0.021 0.114
0 0.198 0.653 0.022 0.114
0 0.697 0.624 0.02 0.09
0 0.685 0.622 0.012 0.066
11 0.353 0.568 0.018 0.036
11 0.345 0.596 0.008 0.021
2 0.329 0.646 0.04 0.042
7 0.429 0.507 0.007 0.023
10 0.39 0.572 0.009 0.024
10 0.438 0.507 0.007 0.023
5 0.745 0.643 0.051 0.066
5 0.738 0.642 0.052 0.057
5 0.736 0.636 0.044 0.052
5 0.645 0.653 0.023 0.074
4 0.583 0.649 0.088 0.137
2 0.498 0.632 0.042 0.075
2 0.469 0.642 0.018 0.04
10 0.566 0.484 0.007 0.029
10 0.574 0.482 0.008 0.028
11 0.382 0.523 0.014 0.014
2 0.517 0.618 0.016 0.027
