2 0.574 0.687 0.018 0.021
2 0.547 0.684 0.017 0.019
2 0.553 0.692 0.024 0.026
2 0.523 0.691 0.018 0.033
2 0.49 0.686 0.045 0.052
2 0.431 0.694 0.029 0.04
2 0.317 0.693 0.051 0.052
2 0.051 0.682 0.088 0.063
2 0.137 0.701 0.124 0.11
2 0.041 0.709 0.082 0.103
2 0.66 0.694 0.016 0.016
3 0.689 0.681 0.025 0.047
4 0.737 0.682 0.062 0.115
11 0.05 0.581 0.047 0.143
11 0.258 0.555 0.015 0.089
11 0.363 0.566 0.038 0.063
11 0.361 0.608 0.021 0.021
11 0.877 0.619 0.046 0.073
11 0.937 0.546 0.041 0.059
11 0.938 0.591 0.028 0.035
11 0.777 0.652 0.015 0.026
