11 0.136 0.04 0.022 0.06
11 0.137 0.084 0.021 0.044
11 0.121 0.237 0.02 0.017
11 0.133 0.286 0.024 0.045
11 0.125 0.317 0.011 0.017
11 0.234 0.299 0.034 0.049
11 0.315 0.213 0.031 0.091
11 0.316 0.276 0.038 0.044
11 0.326 0.162 0.013 0.04
11 0.662 0.233 0.027 0.039
11 0.604 0.17 0.021 0.045
11 0.603 0.199 0.021 0.014
11 0.604 0.261 0.027 0.045
11 0.575 0.348 0.025 0.015
11 0.575 0.359 0.023 0.006
11 0.604 0.304 0.009 0.017
11 0.603 0.321 0.007 0.012
7 0.292 0.098 0.015 0.062
7 0.802 0.291 0.018 0.03
10 0.278 0.09 0.016 0.084
10 0.303 0.103 0.008 0.051
10 0.15 0.233 0.014 0.052
11 0.415 0.24 0.011 0.017
0 0.241 0.375 0.008 0.039
0 0.237 0.398 0.016 0.085
0 0.721 0.412 0.016 0.067
0 0.603 0.398 0.017 0.065
0 0.883 0.456 0.025 0.122
0 0.846 0.421 0.025 0.12
0 0.827 0.416 0.033 0.14
0 0.913 0.437 0.041 0.165
0 0.794 0.416 0.036 0.181
0 0.779 0.439 0.051 0.14
0 0.735 0.405 0.017 0.084
0 0.665 0.395 0.015 0.076
0 0.638 0.396 0.015 0.076
2 0.663 0.382 0.038 0.037
2 0.591 0.375 0.01 0.017
2 0.623 0.37 0.015 0.025
2 0.567 0.37 0.018 0.016
2 0.555 0.377 0.012 0.025
2 0.544 0.376 0.013 0.025
2 0.573 0.392 0.044 0.04
2 0.058 0.401 0.116 0.177
2 0.425 0.44 0.255 0.389
2 0.034 0.567 0.067 0.272
2 0.957 0.449 0.084 0.12
