11 0.124 0.296 0.024 0.034
7 0.669 0.276 0.011 0.03
7 0.538 0.299 0.012 0.019
10 0.66 0.281 0.011 0.03
2 0.525 0.39 0.033 0.053
2 0.564 0.387 0.056 0.077
2 0.35 0.425 0.103 0.14
2 0.258 0.438 0.109 0.119
2 0.166 0.457 0.118 0.123
7 0.45 0.358 0.01 0.028
2 0.463 0.449 0.146 0.17
3 0.8 0.279 0.175 0.14
1 0.736 0.267 0.017 0.023
1 0.752 0.253 0.01 0.03
1 0.763 0.249 0.012 0.034
1 0.775 0.239 0.011 0.032
0 0.9 0.359 0.01 0.021
0 0.915 0.35 0.013 0.023
0 0.94 0.376 0.012 0.064
0 0.972 0.355 0.012 0.047
0 0.93 0.39 0.014 0.108
0 0.912 0.395 0.019 0.102
0 0.973 0.391 0.012 0.094
0 0.959 0.385 0.019 0.106
0 0.98 0.393 0.019 0.106
0 0.993 0.386 0.011 0.113
2 0.102 0.479 0.203 0.181
2 0.102 0.603 0.203 0.393
2 0.716 0.468 0.397 0.31
