7 0.622 0.386 0.016 0.029
7 0.541 0.364 0.015 0.035
7 0.579 0.41 0.007 0.019
2 0.629 0.467 0.016 0.029
2 0.646 0.471 0.028 0.055
2 0.659 0.48 0.029 0.052
2 0.674 0.485 0.034 0.062
2 0.694 0.497 0.045 0.081
2 0.763 0.505 0.132 0.168
0 0.572 0.463 0.011 0.038
2 0.588 0.458 0.02 0.021
2 0.555 0.458 0.021 0.028
2 0.532 0.461 0.03 0.042
3 0.494 0.446 0.067 0.099
4 0.409 0.462 0.152 0.13
2 0.148 0.473 0.253 0.222
2 0.022 0.464 0.042 0.106
2 0.923 0.618 0.152 0.376
0 0.873 0.503 0.019 0.095
0 0.859 0.501 0.015 0.101
