11 0.088 0.231 0.07 0.026
11 0.63 0.354 0.031 0.021
11 0.897 0.055 0.072 0.09
11 0.649 0.336 0.031 0.014
11 0.546 0.407 0.02 0.045
11 0.202 0.406 0.014 0.028
11 0.086 0.38 0.024 0.043
8 0.82 0.105 0.023 0.088
7 0.2 0.236 0.014 0.062
7 0.467 0.194 0.013 0.069
7 0.648 0.403 0.017 0.026
10 0.455 0.199 0.011 0.062
2 0.895 0.521 0.135 0.158
2 0.108 0.535 0.215 0.211
2 0.351 0.534 0.112 0.173
2 0.495 0.482 0.054 0.08
2 0.269 0.495 0.06 0.071
2 0.421 0.484 0.026 0.038
2 0.455 0.485 0.023 0.031
11 0.429 0.417 0.011 0.012
7 0.396 0.409 0.006 0.021
