8 0.209 0.293 0.009 0.031
8 0.575 0.273 0.005 0.026
8 0.583 0.303 0.009 0.017
7 0.216 0.289 0.008 0.028
10 0.132 0.269 0.009 0.033
10 0.124 0.271 0.008 0.04
11 0.339 0.279 0.011 0.049
11 0.422 0.227 0.025 0.01
11 0.644 0.258 0.015 0.055
11 0.652 0.302 0.005 0.028
4 0.389 0.282 0.102 0.095
2 0.329 0.395 0.091 0.139
2 0.585 0.335 0.04 0.019
2 0.588 0.361 0.033 0.036
2 0.608 0.38 0.043 0.087
2 0.653 0.394 0.101 0.12
2 0.832 0.39 0.281 0.364
2 0.162 0.465 0.324 0.296
2 0.471 0.483 0.271 0.406
0 0.288 0.335 0.011 0.019
0 0.277 0.339 0.01 0.029
0 0.266 0.331 0.011 0.021
11 0.052 0.368 0.008 0.019
0 0.037 0.375 0.008 0.036
2 0.009 0.389 0.017 0.061
11 0.027 0.353 0.008 0.033
11 0.005 0.338 0.009 0.024
2 0.92 0.492 0.159 0.381
