11 0.614 0.266 0.019 0.017
11 0.619 0.297 0.016 0.046
11 0.497 0.393 0.007 0.021
2 0.45 0.461 0.073 0.089
7 0.421 0.403 0.005 0.019
7 0.458 0.408 0.005 0.017
2 0.401 0.433 0.012 0.017
2 0.388 0.434 0.014 0.015
2 0.342 0.43 0.013 0.04
2 0.325 0.432 0.022 0.04
2 0.306 0.439 0.025 0.058
2 0.285 0.445 0.034 0.067
2 0.259 0.451 0.034 0.079
2 0.223 0.461 0.059 0.094
2 0.149 0.473 0.112 0.123
2 0.054 0.518 0.108 0.15
2 0.505 0.426 0.015 0.046
2 0.519 0.425 0.019 0.048
2 0.543 0.427 0.041 0.056
2 0.55 0.446 0.041 0.064
2 0.588 0.45 0.062 0.098
2 0.641 0.461 0.097 0.135
2 0.743 0.511 0.176 0.177
