10 0.31 0.091 0.02 0.066
10 0.303 0.106 0.021 0.055
10 0.259 0.092 0.017 0.052
10 0.454 0.142 0.016 0.069
7 0.276 0.079 0.017 0.078
7 0.435 0.142 0.02 0.08
8 0.602 0.303 0.009 0.017
11 0.477 0.167 0.02 0.043
2 0.212 0.396 0.042 0.051
2 0.272 0.39 0.019 0.038
2 0.284 0.378 0.031 0.041
2 0.359 0.371 0.017 0.011
2 0.403 0.362 0.007 0.011
2 0.413 0.364 0.01 0.011
2 0.397 0.362 0.008 0.013
2 0.388 0.363 0.012 0.017
2 0.384 0.366 0.008 0.014
2 0.38 0.372 0.014 0.022
2 0.442 0.363 0.006 0.011
2 0.436 0.367 0.011 0.015
2 0.432 0.372 0.009 0.019
2 0.426 0.374 0.016 0.026
2 0.449 0.373 0.018 0.018
2 0.451 0.359 0.012 0.014
2 0.46 0.364 0.007 0.01
2 0.464 0.368 0.007 0.011
2 0.619 0.376 0.01 0.027
2 0.631 0.376 0.021 0.029
2 0.655 0.373 0.013 0.019
2 0.601 0.38 0.019 0.042
2 0.684 0.38 0.031 0.026
2 0.704 0.368 0.015 0.009
2 0.672 0.402 0.08 0.056
2 0.958 0.394 0.079 0.08
2 0.993 0.433 0.011 0.036
2 0.122 0.401 0.084 0.087
2 0.243 0.402 0.062 0.063
2 0.306 0.385 0.028 0.032
2 0.36 0.413 0.062 0.079
2 0.418 0.383 0.021 0.033
2 0.47 0.374 0.014 0.017
2 0.451 0.382 0.02 0.028
2 0.048 0.556 0.095 0.309
