11 0.935 0.049 0.074 0.096
11 0.942 0.307 0.045 0.166
11 0.914 0.199 0.028 0.068
11 0.939 0.162 0.07 0.152
11 0.26 0.425 0.03 0.028
7 0.315 0.281 0.018 0.087
10 0.336 0.286 0.017 0.082
10 0.3 0.28 0.012 0.07
10 0.428 0.071 0.028 0.141
10 0.388 0.059 0.022 0.091
7 0.406 0.07 0.013 0.138
7 0.081 0.374 0.015 0.07
8 0.061 0.451 0.017 0.061
8 0.047 0.505 0.02 0.033
10 0.255 0.482 0.03 0.028
7 0.641 0.387 0.011 0.045
8 0.657 0.482 0.02 0.019
12 0.65 0.411 0.018 0.016
11 0.058 0.381 0.016 0.016
0 0.658 0.549 0.013 0.082
0 0.68 0.553 0.013 0.075
0 0.711 0.545 0.013 0.049
0 0.693 0.538 0.011 0.054
2 0.606 0.564 0.049 0.075
2 0.58 0.558 0.021 0.075
2 0.569 0.558 0.017 0.047
2 0.555 0.548 0.012 0.035
2 0.545 0.535 0.008 0.028
2 0.478 0.542 0.011 0.019
2 0.468 0.545 0.009 0.021
2 0.462 0.542 0.008 0.028
2 0.455 0.542 0.008 0.028
2 0.449 0.542 0.009 0.033
2 0.437 0.55 0.018 0.03
2 0.416 0.557 0.03 0.04
2 0.391 0.565 0.02 0.042
2 0.353 0.57 0.053 0.066
2 0.858 0.582 0.175 0.185
2 0.957 0.536 0.082 0.082
0 0.276 0.596 0.02 0.087
11 0.076 0.499 0.022 0.023
2 0.024 0.642 0.047 0.211
