0 0.914 0.618 0.17 0.562
0 0.285 0.561 0.028 0.108
0 0.134 0.549 0.01 0.031
0 0.129 0.558 0.015 0.04
0 0.115 0.566 0.016 0.076
0 0.076 0.582 0.015 0.076
0 0.098 0.577 0.018 0.081
0 0.063 0.562 0.01 0.032
0 0.047 0.58 0.027 0.103
0 0.027 0.582 0.013 0.084
0 0.021 0.555 0.013 0.033
0 0.015 0.586 0.018 0.089
0 0.008 0.596 0.016 0.109
0 0.662 0.64 0.079 0.45
0 0.849 0.483 0.017 0.061
0 0.83 0.513 0.034 0.144
0 0.805 0.518 0.01 0.108
0 0.812 0.517 0.016 0.099
0 0.777 0.502 0.013 0.063
0 0.785 0.492 0.013 0.043
0 0.795 0.517 0.027 0.132
0 0.675 0.487 0.012 0.02
0 0.621 0.531 0.022 0.103
0 0.607 0.501 0.01 0.025
0 0.605 0.538 0.022 0.087
0 0.198 0.593 0.049 0.269
0 0.35 0.618 0.133 0.409
0 0.738 0.619 0.115 0.537
8 0.389 0.288 0.012 0.056
8 0.334 0.458 0.007 0.012
11 0.591 0.368 0.024 0.041
11 0.609 0.399 0.023 0.016
11 0.585 0.31 0.012 0.021
8 0.45 0.432 0.003 0.025
10 0.455 0.432 0.006 0.023
0 0.98 0.566 0.036 0.126
2 0.25 0.573 0.008 0.044
2 0.23 0.561 0.04 0.079
2 0.158 0.584 0.073 0.084
2 0.367 0.548 0.019 0.052
2 0.37 0.553 0.01 0.04
2 0.364 0.55 0.015 0.043
2 0.286 0.556 0.067 0.103
2 0.399 0.547 0.026 0.032
2 0.378 0.545 0.007 0.024
1 0.383 0.539 0.008 0.02
6 0.384 0.555 0.01 0.021
10 0.594 0.44 0.011 0.028
