8 0.32 0.136 0.022 0.04
8 0.55 0.118 0.022 0.035
8 0.774 0.374 0.015 0.029
8 0.437 0.261 0.019 0.019
7 0.698 0.404 0.011 0.025
11 0.548 0.086 0.02 0.027
11 0.32 0.104 0.012 0.021
11 0.435 0.237 0.009 0.017
11 0.732 0.34 0.02 0.031
11 0.565 0.418 0.018 0.035
11 0.507 0.392 0.034 0.033
11 0.841 0.358 0.049 0.044
9 0.732 0.368 0.022 0.028
2 0.576 0.49 0.048 0.108
2 0.621 0.477 0.056 0.129
2 0.666 0.502 0.124 0.183
2 0.375 0.471 0.043 0.108
2 0.33 0.489 0.113 0.148
2 0.146 0.52 0.289 0.268
2 0.499 0.55 0.202 0.304
2 0.842 0.542 0.307 0.341
11 0.011 0.355 0.022 0.058
10 0.036 0.375 0.018 0.019
