7 0.315 0.364 0.009 0.033
7 0.26 0.392 0.008 0.028
10 0.321 0.367 0.007 0.03
11 0.512 0.363 0.015 0.026
11 0.518 0.391 0.011 0.016
11 0.485 0.42 0.013 0.014
11 0.733 0.315 0.037 0.08
0 0.063 0.476 0.025 0.098
0 0.038 0.462 0.021 0.084
0 0.013 0.482 0.025 0.091
0 0.153 0.463 0.016 0.049
5 0.179 0.479 0.026 0.047
0 0.176 0.446 0.021 0.037
1 0.639 0.516 0.057 0.197
5 0.639 0.59 0.065 0.157
0 0.969 0.504 0.054 0.202
2 0.53 0.461 0.063 0.059
2 0.586 0.502 0.079 0.123
3 0.355 0.442 0.046 0.073
3 0.405 0.4 0.063 0.091
2 0.441 0.606 0.314 0.523
