11 0.33 0.439 0.016 0.032
11 0.31 0.472 0.016 0.015
11 0.493 0.46 0.015 0.015
2 0.439 0.492 0.011 0.015
2 0.445 0.488 0.012 0.012
2 0.454 0.492 0.011 0.015
2 0.46 0.493 0.012 0.017
2 0.469 0.496 0.011 0.024
2 0.475 0.496 0.018 0.024
0 0.483 0.492 0.005 0.039
0 0.489 0.49 0.007 0.032
2 0.079 0.522 0.027 0.032
2 0.049 0.523 0.033 0.039
2 0.277 0.511 0.026 0.029
0 0.096 0.524 0.027 0.109
0 0.266 0.511 0.01 0.039
1 0.31 0.501 0.01 0.024
6 0.31 0.511 0.01 0.019
0 0.334 0.495 0.008 0.027
0 0.323 0.498 0.008 0.032
0 0.497 0.493 0.005 0.036
0 0.521 0.49 0.005 0.027
0 0.529 0.493 0.008 0.036
11 0.115 0.407 0.045 0.083
11 0.045 0.465 0.01 0.029
11 0.053 0.45 0.012 0.019
2 0.375 0.496 0.019 0.024
0 0.372 0.496 0.008 0.029
0 0.34 0.499 0.007 0.029
0 0.349 0.499 0.005 0.029
2 0.421 0.489 0.01 0.019
2 0.404 0.485 0.011 0.012
2 0.392 0.489 0.012 0.015
2 0.018 0.541 0.036 0.09
11 0.641 0.335 0.007 0.056
11 0.628 0.416 0.022 0.01
11 0.55 0.442 0.008 0.022
2 0.815 0.501 0.03 0.044
2 0.428 0.492 0.008 0.024
