7 0.563 0.179 0.025 0.103
11 0.562 0.114 0.017 0.033
8 0.76 0.43 0.015 0.022
8 0.562 0.481 0.009 0.014
0 0.952 0.573 0.016 0.057
0 0.839 0.572 0.015 0.072
0 0.83 0.575 0.013 0.08
0 0.812 0.577 0.02 0.093
0 0.775 0.57 0.019 0.082
11 0.699 0.505 0.012 0.025
11 0.754 0.474 0.012 0.035
11 0.606 0.477 0.033 0.026
11 0.613 0.498 0.007 0.014
8 0.146 0.34 0.02 0.042
2 0.456 0.508 0.015 0.017
2 0.398 0.504 0.022 0.014
2 0.387 0.504 0.012 0.017
2 0.257 0.491 0.012 0.017
2 0.234 0.491 0.018 0.017
2 0.107 0.475 0.026 0.022
2 0.193 0.489 0.018 0.012
2 0.444 0.509 0.012 0.018
2 0.591 0.525 0.012 0.017
2 0.601 0.526 0.014 0.019
2 0.622 0.544 0.023 0.028
0 0.625 0.544 0.014 0.06
0 0.656 0.556 0.016 0.068
2 0.643 0.545 0.021 0.033
2 0.67 0.552 0.019 0.047
2 0.691 0.555 0.023 0.047
2 0.721 0.559 0.041 0.051
2 0.536 0.562 0.068 0.093
2 0.562 0.525 0.026 0.03
