2 0.079 0.561 0.139 0.115
2 0.182 0.547 0.081 0.083
2 0.236 0.523 0.071 0.085
2 0.278 0.522 0.033 0.07
2 0.304 0.523 0.026 0.047
2 0.343 0.517 0.032 0.038
2 0.361 0.513 0.019 0.032
2 0.377 0.509 0.023 0.032
2 0.383 0.506 0.018 0.03
2 0.404 0.501 0.029 0.045
2 0.458 0.53 0.085 0.117
2 0.496 0.5 0.019 0.043
2 0.514 0.501 0.029 0.04
2 0.538 0.509 0.03 0.045
2 0.551 0.482 0.042 0.023
2 0.554 0.507 0.023 0.049
2 0.584 0.514 0.051 0.085
2 0.6 0.529 0.023 0.06
4 0.664 0.511 0.118 0.151
2 0.778 0.561 0.2 0.179
2 0.92 0.601 0.158 0.291
