2 0.469 0.435 0.008 0.016
2 0.464 0.439 0.008 0.016
2 0.454 0.443 0.01 0.02
2 0.448 0.45 0.016 0.018
2 0.446 0.461 0.017 0.014
2 0.421 0.452 0.017 0.028
2 0.395 0.463 0.034 0.06
2 0.364 0.478 0.049 0.078
2 0.336 0.502 0.057 0.075
2 0.476 0.436 0.006 0.011
2 0.484 0.442 0.007 0.014
2 0.493 0.441 0.008 0.014
2 0.499 0.443 0.01 0.017
2 0.501 0.45 0.01 0.017
2 0.507 0.456 0.018 0.024
2 0.517 0.469 0.015 0.043
2 0.576 0.465 0.046 0.051
2 0.539 0.482 0.047 0.071
2 0.589 0.506 0.063 0.084
11 0.641 0.391 0.031 0.063
2 0.881 0.536 0.146 0.141
11 0.829 0.374 0.019 0.07
