8 0.534 0.311 0.009 0.02
8 0.56 0.312 0.009 0.022
11 0.586 0.327 0.01 0.02
11 0.753 0.244 0.018 0.035
2 0.536 0.351 0.02 0.019
2 0.519 0.351 0.014 0.022
2 0.51 0.354 0.013 0.03
2 0.499 0.36 0.014 0.042
2 0.488 0.36 0.018 0.046
2 0.473 0.362 0.03 0.064
2 0.451 0.376 0.038 0.083
2 0.415 0.396 0.063 0.128
2 0.331 0.403 0.161 0.226
2 0.151 0.462 0.302 0.405
2 0.563 0.349 0.011 0.03
2 0.573 0.354 0.014 0.039
2 0.59 0.355 0.023 0.039
2 0.61 0.361 0.024 0.054
2 0.64 0.367 0.046 0.079
2 0.692 0.39 0.077 0.108
2 0.743 0.418 0.104 0.154
2 0.862 0.467 0.216 0.258
2 0.977 0.571 0.042 0.265
