8 0.625 0.168 0.015 0.065
8 0.61 0.169 0.015 0.068
8 0.468 0.231 0.014 0.035
10 0.407 0.125 0.015 0.064
11 0.363 0.181 0.02 0.034
10 0.347 0.264 0.011 0.033
10 0.327 0.26 0.022 0.042
11 0.526 0.353 0.012 0.023
8 0.575 0.336 0.008 0.026
8 0.942 0.336 0.012 0.018
8 0.931 0.338 0.007 0.023
11 0.928 0.213 0.023 0.057
2 0.574 0.393 0.018 0.022
2 0.556 0.393 0.018 0.038
2 0.524 0.397 0.042 0.068
2 0.931 0.477 0.135 0.235
2 0.592 0.394 0.018 0.02
2 0.442 0.472 0.184 0.3
11 0.471 0.303 0.02 0.014
2 0.733 0.472 0.281 0.442
11 0.926 0.289 0.025 0.011
