11 0.523 0.444 0.01 0.014
2 0.466 0.464 0.011 0.014
2 0.457 0.452 0.009 0.01
2 0.455 0.461 0.01 0.014
2 0.456 0.48 0.02 0.028
2 0.439 0.478 0.009 0.021
2 0.432 0.48 0.009 0.021
2 0.419 0.481 0.015 0.029
2 0.398 0.484 0.024 0.05
2 0.381 0.492 0.053 0.049
2 0.337 0.509 0.046 0.057
0 0.338 0.474 0.007 0.016
2 0.242 0.526 0.105 0.14
2 0.134 0.571 0.125 0.165
2 0.053 0.619 0.106 0.218
2 0.493 0.466 0.014 0.014
2 0.5 0.478 0.009 0.021
2 0.51 0.477 0.019 0.031
2 0.525 0.481 0.026 0.05
2 0.555 0.495 0.063 0.085
2 0.583 0.518 0.055 0.094
2 0.668 0.529 0.157 0.21
2 0.776 0.605 0.246 0.253
