11 0.027 0.191 0.027 0.023
11 0.603 0.149 0.02 0.025
2 0.429 0.294 0.012 0.016
2 0.417 0.299 0.01 0.02
2 0.408 0.299 0.014 0.016
2 0.382 0.301 0.013 0.027
2 0.367 0.305 0.025 0.037
2 0.341 0.312 0.032 0.037
2 0.313 0.322 0.032 0.046
2 0.279 0.331 0.047 0.062
2 0.045 0.358 0.09 0.201
2 0.441 0.282 0.013 0.02
2 0.473 0.296 0.011 0.016
2 0.484 0.304 0.016 0.014
2 0.5 0.304 0.007 0.025
2 0.507 0.305 0.009 0.03
2 0.521 0.308 0.022 0.041
2 0.536 0.319 0.016 0.041
2 0.561 0.324 0.05 0.066
2 0.393 0.3 0.018 0.026
