11 0.528 0.188 0.016 0.026
11 0.527 0.213 0.014 0.015
11 0.527 0.23 0.011 0.015
11 0.528 0.259 0.018 0.043
11 0.498 0.263 0.011 0.021
11 0.505 0.284 0.01 0.017
11 0.297 0.299 0.01 0.03
2 0.055 0.337 0.014 0.015
2 0.043 0.341 0.013 0.019
2 0.115 0.354 0.014 0.023
2 0.15 0.355 0.007 0.017
2 0.131 0.358 0.023 0.033
2 0.1 0.357 0.025 0.038
2 0.159 0.356 0.008 0.019
2 0.169 0.355 0.011 0.026
2 0.178 0.358 0.016 0.019
2 0.28 0.358 0.034 0.023
2 0.252 0.37 0.029 0.038
0 0.817 0.385 0.014 0.081
0 0.878 0.458 0.046 0.262
0 0.786 0.448 0.066 0.245
0 0.663 0.466 0.073 0.359
0 0.597 0.508 0.072 0.392
0 0.385 0.523 0.137 0.409
0 0.311 0.5 0.09 0.418
3 0.467 0.361 0.242 0.14
0 0.847 0.395 0.013 0.066
