2 0.401 0.531 0.025 0.03
2 0.419 0.528 0.014 0.023
2 0.432 0.537 0.016 0.03
2 0.454 0.545 0.043 0.066
2 0.481 0.537 0.017 0.021
2 0.5 0.535 0.023 0.03
0 0.539 0.553 0.016 0.057
2 0.544 0.55 0.035 0.047
4 0.525 0.534 0.041 0.066
4 0.647 0.518 0.145 0.162
2 0.329 0.539 0.036 0.058
1 0.365 0.526 0.012 0.036
6 0.364 0.541 0.013 0.04
2 0.376 0.519 0.011 0.015
2 0.378 0.533 0.01 0.021
2 0.824 0.601 0.096 0.091
2 0.925 0.543 0.147 0.257
7 0.367 0.464 0.012 0.017
7 0.412 0.493 0.005 0.019
11 0.076 0.145 0.042 0.081
8 0.068 0.334 0.022 0.06
