7 0.552 0.357 0.012 0.052
7 0.382 0.413 0.009 0.033
10 0.392 0.415 0.011 0.037
10 0.538 0.356 0.013 0.045
10 0.696 0.441 0.016 0.028
10 0.18 0.445 0.017 0.035
11 0.15 0.454 0.022 0.026
11 0.195 0.401 0.015 0.023
11 0.13 0.409 0.07 0.068
11 0.685 0.388 0.07 0.059
11 0.696 0.35 0.028 0.014
11 0.194 0.438 0.024 0.04
2 0.193 0.54 0.033 0.037
2 0.471 0.561 0.018 0.028
2 0.624 0.541 0.033 0.045
2 0.684 0.538 0.022 0.054
2 0.833 0.541 0.066 0.054
2 0.749 0.537 0.127 0.089
2 0.965 0.536 0.07 0.068
4 0.559 0.508 0.111 0.185
2 0.438 0.54 0.047 0.075
2 0.55 0.575 0.103 0.155
2 0.284 0.603 0.228 0.239
2 0.082 0.623 0.165 0.26
