2 0.451 0.585 0.016 0.018
2 0.436 0.584 0.02 0.042
2 0.427 0.593 0.019 0.034
2 0.402 0.6 0.038 0.057
2 0.382 0.604 0.024 0.062
2 0.346 0.607 0.061 0.095
2 0.303 0.624 0.066 0.105
2 0.216 0.662 0.169 0.175
2 0.503 0.585 0.013 0.024
2 0.506 0.588 0.009 0.014
2 0.517 0.587 0.013 0.029
2 0.532 0.589 0.028 0.055
2 0.549 0.596 0.041 0.063
2 0.555 0.603 0.025 0.055
2 0.594 0.601 0.076 0.12
2 0.648 0.623 0.115 0.165
11 0.6 0.521 0.017 0.034
11 0.057 0.408 0.036 0.031
11 0.089 0.384 0.02 0.038
11 0.337 0.536 0.019 0.035
0 0.465 0.586 0.008 0.018
10 0.45 0.525 0.006 0.014
10 0.532 0.52 0.006 0.02
