2 0.442 0.408 0.006 0.013
2 0.435 0.405 0.006 0.011
2 0.427 0.404 0.006 0.013
2 0.417 0.401 0.012 0.018
2 0.401 0.411 0.028 0.043
2 0.379 0.412 0.019 0.045
2 0.366 0.412 0.018 0.045
2 0.467 0.41 0.007 0.01
2 0.475 0.41 0.006 0.01
2 0.488 0.404 0.015 0.033
2 0.498 0.407 0.011 0.033
2 0.506 0.408 0.012 0.04
2 0.527 0.412 0.031 0.059
2 0.569 0.433 0.081 0.111
2 0.332 0.418 0.049 0.059
2 0.968 0.434 0.063 0.102
8 0.443 0.383 0.004 0.01
2 0.452 0.41 0.009 0.006
11 0.515 0.375 0.007 0.013
11 0.548 0.356 0.011 0.018
11 0.691 0.229 0.029 0.019
0 0.138 0.432 0.028 0.12
0 0.109 0.43 0.028 0.116
11 0.209 0.416 0.02 0.053
