2 0.03 0.581 0.06 0.127
2 0.909 0.61 0.182 0.315
2 0.105 0.561 0.098 0.12
2 0.177 0.555 0.056 0.102
2 0.765 0.588 0.13 0.185
2 0.678 0.579 0.059 0.119
2 0.637 0.577 0.037 0.08
2 0.608 0.568 0.026 0.064
2 0.584 0.562 0.029 0.061
2 0.564 0.555 0.021 0.05
2 0.549 0.551 0.022 0.042
2 0.536 0.549 0.029 0.035
2 0.3 0.541 0.034 0.064
2 0.4 0.544 0.012 0.042
2 0.416 0.541 0.017 0.049
2 0.255 0.556 0.059 0.059
2 0.359 0.568 0.075 0.101
7 0.498 0.503 0.01 0.024
7 0.445 0.501 0.011 0.024
11 0.427 0.499 0.017 0.016
2 0.475 0.535 0.016 0.023
