11 0.285 0.366 0.066 0.031
11 0.179 0.405 0.032 0.023
11 0.174 0.463 0.018 0.052
11 0.848 0.436 0.062 0.033
11 0.958 0.414 0.027 0.059
11 0.957 0.461 0.032 0.028
11 0.954 0.537 0.028 0.021
11 0.545 0.574 0.019 0.014
11 0.406 0.562 0.017 0.009
11 0.571 0.581 0.009 0.01
11 0.421 0.595 0.011 0.009
0 0.222 0.613 0.019 0.069
0 0.242 0.613 0.015 0.069
0 0.865 0.683 0.065 0.25
0 0.976 0.69 0.045 0.243
0 0.964 0.674 0.055 0.281
0 0.684 0.659 0.024 0.118
0 0.723 0.654 0.015 0.054
8 0.391 0.346 0.011 0.05
8 0.76 0.407 0.013 0.052
7 0.158 0.506 0.015 0.035
8 0.432 0.556 0.006 0.017
8 0.52 0.568 0.007 0.019
2 0.28 0.626 0.068 0.078
2 0.317 0.631 0.027 0.073
2 0.335 0.636 0.019 0.055
2 0.347 0.638 0.019 0.045
2 0.359 0.631 0.02 0.049
2 0.373 0.633 0.013 0.045
2 0.385 0.624 0.013 0.024
2 0.653 0.653 0.032 0.045
2 0.633 0.651 0.017 0.033
2 0.619 0.648 0.019 0.035
2 0.597 0.646 0.027 0.029
4 0.514 0.622 0.03 0.052
4 0.465 0.622 0.019 0.031
2 0.493 0.633 0.011 0.016
2 0.425 0.626 0.017 0.019
2 0.443 0.627 0.009 0.014
8 0.573 0.613 0.007 0.016
