0 0.346 0.511 0.023 0.071
0 0.322 0.512 0.021 0.08
0 0.305 0.504 0.011 0.05
0 0.29 0.51 0.019 0.084
0 0.276 0.508 0.017 0.077
0 0.223 0.491 0.027 0.05
0 0.228 0.523 0.018 0.047
0 0.259 0.506 0.012 0.065
0 0.572 0.517 0.014 0.065
0 0.767 0.537 0.019 0.082
0 0.741 0.55 0.031 0.12
0 0.717 0.531 0.012 0.052
0 0.854 0.515 0.018 0.034
2 0.158 0.508 0.125 0.118
2 0.062 0.511 0.122 0.161
4 0.399 0.477 0.053 0.101
4 0.48 0.501 0.028 0.039
2 0.598 0.51 0.013 0.017
2 0.625 0.515 0.024 0.03
2 0.642 0.522 0.021 0.041
2 0.676 0.541 0.069 0.108
2 0.817 0.557 0.097 0.122
2 0.919 0.665 0.16 0.294
11 0.079 0.312 0.02 0.045
11 0.078 0.357 0.021 0.049
11 0.277 0.445 0.009 0.03
11 0.523 0.452 0.008 0.021
11 0.591 0.369 0.026 0.043
11 0.63 0.392 0.017 0.021
11 0.59 0.422 0.023 0.054
11 0.597 0.477 0.035 0.052
11 0.709 0.429 0.017 0.013
11 0.78 0.437 0.017 0.043
11 0.8 0.429 0.016 0.036
7 0.355 0.435 0.008 0.021
7 0.415 0.369 0.009 0.028
10 0.41 0.367 0.008 0.028
10 0.606 0.388 0.007 0.021
7 0.711 0.399 0.006 0.039
8 0.719 0.456 0.009 0.015
11 0.722 0.439 0.018 0.011
2 0.787 0.516 0.037 0.054
