2 0.532 0.327 0.011 0.029
2 0.538 0.325 0.012 0.032
2 0.541 0.325 0.016 0.036
2 0.552 0.328 0.027 0.046
2 0.56 0.329 0.022 0.053
2 0.574 0.328 0.033 0.051
2 0.597 0.336 0.051 0.073
2 0.657 0.364 0.059 0.085
2 0.731 0.37 0.137 0.146
2 0.487 0.327 0.011 0.019
2 0.493 0.325 0.014 0.022
2 0.366 0.328 0.036 0.051
2 0.201 0.324 0.068 0.053
2 0.131 0.302 0.082 0.049
2 0.114 0.335 0.082 0.075
2 0.271 0.341 0.076 0.087
2 0.404 0.333 0.064 0.085
2 0.885 0.436 0.227 0.272
2 0.039 0.375 0.078 0.17
11 0.679 0.13 0.016 0.039
11 0.63 0.266 0.011 0.024
