2 0.1 0.418 0.031 0.064
2 0.138 0.423 0.033 0.021
2 0.41 0.439 0.017 0.021
2 0.39 0.441 0.024 0.021
2 0.443 0.436 0.009 0.008
2 0.45 0.444 0.013 0.016
2 0.462 0.45 0.016 0.026
2 0.377 0.439 0.017 0.023
2 0.303 0.432 0.04 0.069
2 0.222 0.433 0.095 0.078
2 0.05 0.426 0.1 0.122
2 0.435 0.455 0.025 0.038
2 0.495 0.462 0.04 0.064
11 0.369 0.387 0.014 0.024
2 0.627 0.473 0.018 0.02
2 0.659 0.482 0.017 0.016
2 0.693 0.484 0.014 0.018
2 0.712 0.489 0.018 0.021
2 0.757 0.495 0.02 0.018
2 0.935 0.548 0.129 0.113
2 0.367 0.442 0.017 0.023
