2 0.461 0.495 0.078 0.11
2 0.405 0.486 0.031 0.039
2 0.679 0.484 0.08 0.105
2 0.631 0.477 0.07 0.083
2 0.595 0.479 0.035 0.061
2 0.571 0.485 0.018 0.033
2 0.556 0.478 0.015 0.037
2 0.538 0.475 0.02 0.031
2 0.017 0.533 0.033 0.103
7 0.383 0.183 0.017 0.083
8 0.405 0.186 0.014 0.079
11 0.647 0.221 0.031 0.039
7 0.565 0.226 0.016 0.047
11 0.778 0.206 0.028 0.079
11 0.258 0.324 0.027 0.018
11 0.263 0.35 0.017 0.02
11 0.253 0.278 0.033 0.039
2 0.506 0.469 0.012 0.031
7 0.507 0.411 0.012 0.022
11 0.301 0.379 0.014 0.075
