8 0.411 0.176 0.009 0.028
8 0.498 0.206 0.009 0.026
7 0.932 0.256 0.029 0.042
11 0.913 0.215 0.057 0.04
11 0.918 0.15 0.042 0.103
11 0.953 0.093 0.047 0.035
0 0.125 0.204 0.02 0.084
7 0.124 0.134 0.011 0.028
8 0.133 0.139 0.011 0.023
0 0.38 0.237 0.016 0.066
2 0.406 0.248 0.011 0.026
2 0.392 0.248 0.018 0.03
2 0.369 0.247 0.015 0.028
2 0.359 0.245 0.015 0.03
2 0.348 0.24 0.018 0.047
2 0.331 0.238 0.024 0.049
2 0.31 0.244 0.029 0.047
2 0.268 0.249 0.076 0.075
2 0.206 0.236 0.053 0.063
2 0.51 0.279 0.009 0.023
2 0.516 0.283 0.013 0.021
2 0.524 0.282 0.013 0.028
2 0.531 0.286 0.02 0.037
2 0.539 0.291 0.018 0.033
2 0.551 0.291 0.02 0.056
2 0.493 0.272 0.02 0.028
2 0.573 0.304 0.057 0.077
