2 0.496 0.614 0.008 0.017
2 0.487 0.616 0.013 0.015
2 0.479 0.623 0.011 0.017
2 0.464 0.628 0.019 0.034
2 0.444 0.644 0.02 0.036
2 0.423 0.646 0.032 0.053
2 0.343 0.65 0.054 0.07
2 0.271 0.637 0.053 0.049
2 0.255 0.67 0.079 0.081
2 0.122 0.665 0.045 0.066
2 0.176 0.662 0.111 0.115
2 0.065 0.637 0.05 0.036
2 0.044 0.668 0.049 0.047
2 0.019 0.66 0.037 0.043
0 0.359 0.647 0.017 0.064
0 0.486 0.633 0.008 0.032
2 0.513 0.612 0.014 0.019
2 0.524 0.611 0.012 0.026
2 0.59 0.621 0.024 0.034
2 0.571 0.62 0.018 0.023
2 0.533 0.625 0.019 0.032
2 0.54 0.629 0.02 0.036
2 0.553 0.634 0.027 0.043
2 0.508 0.622 0.013 0.023
