2 0.138 0.586 0.071 0.121
2 0.245 0.554 0.154 0.092
2 0.315 0.555 0.021 0.034
2 0.342 0.552 0.039 0.046
2 0.42 0.544 0.024 0.025
2 0.404 0.56 0.046 0.046
2 0.371 0.59 0.083 0.096
2 0.523 0.547 0.014 0.036
2 0.51 0.559 0.034 0.069
2 0.563 0.552 0.051 0.064
2 0.577 0.559 0.063 0.044
2 0.612 0.54 0.017 0.05
2 0.704 0.547 0.016 0.025
2 0.659 0.537 0.08 0.08
2 0.734 0.556 0.051 0.057
2 0.783 0.531 0.042 0.025
2 0.769 0.6 0.064 0.114
2 0.461 0.592 0.095 0.135
2 0.067 0.665 0.134 0.325
2 0.218 0.788 0.436 0.421
2 0.681 0.781 0.426 0.435
2 0.892 0.728 0.216 0.54
