2 0.503 0.339 0.033 0.056
2 0.445 0.337 0.015 0.042
2 0.469 0.337 0.033 0.048
2 0.433 0.34 0.019 0.053
2 0.331 0.333 0.048 0.066
2 0.281 0.373 0.1 0.114
2 0.57 0.336 0.01 0.024
2 0.584 0.335 0.022 0.042
2 0.587 0.343 0.018 0.053
2 0.596 0.35 0.018 0.074
2 0.602 0.349 0.031 0.093
2 0.642 0.356 0.08 0.138
2 0.666 0.393 0.08 0.159
2 0.834 0.401 0.326 0.458
2 0.541 0.351 0.058 0.071
2 0.38 0.356 0.112 0.156
2 0.138 0.387 0.208 0.191
11 0.611 0.25 0.016 0.016
11 0.584 0.273 0.016 0.016
11 0.484 0.248 0.019 0.013
11 0.444 0.281 0.01 0.021
