2 0.672 0.304 0.017 0.026
2 0.638 0.328 0.039 0.053
2 0.567 0.323 0.019 0.035
2 0.593 0.303 0.024 0.02
2 0.456 0.313 0.013 0.029
2 0.3 0.324 0.017 0.033
2 0.322 0.327 0.019 0.039
2 0.4 0.337 0.037 0.062
2 0.267 0.334 0.055 0.068
2 0.02 0.349 0.04 0.127
2 0.195 0.342 0.088 0.068
2 0.349 0.329 0.054 0.061
2 0.532 0.326 0.052 0.096
2 0.648 0.34 0.044 0.053
11 0.896 0.139 0.051 0.073
11 0.681 0.233 0.02 0.049
11 0.36 0.28 0.013 0.02
11 0.302 0.269 0.006 0.018
11 0.317 0.273 0.014 0.022
2 0.435 0.312 0.024 0.043
11 0.257 0.288 0.011 0.014
2 0.796 0.337 0.047 0.055
2 0.871 0.33 0.064 0.073
11 0.897 0.197 0.02 0.034
2 0.593 0.334 0.029 0.046
