11 0.722 0.341 0.024 0.057
2 0.729 0.459 0.016 0.024
2 0.873 0.46 0.023 0.026
2 0.803 0.478 0.058 0.049
2 0.701 0.476 0.019 0.029
2 0.685 0.496 0.037 0.042
2 0.681 0.461 0.024 0.028
2 0.663 0.474 0.019 0.033
2 0.647 0.478 0.025 0.035
2 0.62 0.484 0.031 0.038
2 0.663 0.532 0.056 0.076
2 0.59 0.488 0.043 0.043
2 0.553 0.493 0.052 0.061
2 0.532 0.505 0.037 0.064
2 0.496 0.514 0.054 0.068
2 0.745 0.589 0.159 0.204
2 0.427 0.51 0.086 0.123
2 0.374 0.532 0.092 0.132
2 0.265 0.547 0.207 0.21
2 0.871 0.658 0.257 0.324
2 0.112 0.607 0.219 0.397
