0 0.63 0.186 0.039 0.132
0 0.569 0.186 0.022 0.095
0 0.217 0.221 0.034 0.126
0 0.185 0.225 0.041 0.132
0 0.733 0.199 0.042 0.179
0 0.674 0.187 0.031 0.111
0 0.34 0.192 0.008 0.034
11 0.08 0.045 0.047 0.019
11 0.424 0.019 0.044 0.02
11 0.491 0.058 0.019 0.011
11 0.479 0.081 0.02 0.011
11 0.459 0.111 0.027 0.02
8 0.349 0.123 0.006 0.016
8 0.404 0.121 0.005 0.02
8 0.179 0.008 0.007 0.016
8 0.491 0.121 0.011 0.02
10 0.549 0.063 0.032 0.04
0 0.64 0.191 0.016 0.105
0 0.019 0.246 0.021 0.064
2 0.223 0.21 0.027 0.06
2 0.242 0.214 0.031 0.049
2 0.541 0.177 0.144 0.111
2 0.753 0.174 0.025 0.117
2 0.466 0.413 0.318 0.46
2 0.36 0.191 0.014 0.02
5 0.619 0.305 0.056 0.179
5 0.638 0.321 0.034 0.122
5 0.652 0.313 0.042 0.132
11 0.201 0.145 0.012 0.022
8 0.3 0.157 0.004 0.017
7 0.401 0.166 0.004 0.013
