11 0.962 0.525 0.009 0.034
11 0.882 0.545 0.011 0.028
11 0.659 0.54 0.014 0.03
11 0.446 0.496 0.011 0.021
11 0.525 0.542 0.006 0.015
11 0.173 0.638 0.007 0.019
11 0.195 0.636 0.006 0.03
11 0.243 0.635 0.005 0.021
11 0.243 0.654 0.003 0.015
0 0.089 0.72 0.026 0.101
10 0.339 0.591 0.009 0.03
10 0.382 0.593 0.007 0.034
10 0.419 0.507 0.008 0.034
10 0.459 0.499 0.008 0.034
7 0.515 0.544 0.006 0.03
7 0.573 0.583 0.006 0.022
7 0.604 0.563 0.007 0.034
11 0.411 0.612 0.006 0.017
11 0.437 0.61 0.009 0.013
11 0.801 0.554 0.008 0.021
2 0.146 0.708 0.068 0.062
2 0.459 0.638 0.013 0.03
2 0.491 0.641 0.061 0.123
2 0.369 0.661 0.024 0.043
2 0.585 0.623 0.016 0.022
2 0.6 0.627 0.019 0.021
2 0.616 0.625 0.022 0.03
2 0.629 0.626 0.037 0.03
2 0.649 0.625 0.043 0.037
2 0.667 0.623 0.048 0.034
2 0.714 0.612 0.065 0.043
2 0.777 0.6 0.07 0.075
2 0.793 0.608 0.041 0.056
2 0.84 0.605 0.074 0.069
2 0.348 0.666 0.04 0.045
2 0.296 0.684 0.066 0.067
2 0.537 0.71 0.145 0.211
0 0.629 0.622 0.037 0.039
0 0.636 0.628 0.012 0.045
2 0.443 0.644 0.024 0.037
