8 0.396 0.33 0.012 0.05
8 0.632 0.321 0.015 0.026
8 0.647 0.436 0.011 0.019
8 0.637 0.437 0.007 0.021
8 0.806 0.363 0.01 0.029
8 0.291 0.483 0.016 0.026
8 0.183 0.454 0.027 0.028
10 0.205 0.264 0.019 0.061
10 0.406 0.335 0.012 0.043
10 0.387 0.333 0.007 0.049
11 0.198 0.313 0.014 0.023
11 0.18 0.337 0.041 0.016
11 0.212 0.395 0.012 0.021
11 0.214 0.431 0.011 0.047
11 0.645 0.366 0.023 0.014
11 0.584 0.461 0.018 0.035
11 0.878 0.346 0.008 0.033
11 0.828 0.286 0.058 0.069
11 0.28 0.379 0.009 0.043
11 0.637 0.4 0.006 0.031
2 0.458 0.443 0.12 0.036
2 0.783 0.576 0.252 0.227
2 0.954 0.728 0.09 0.312
2 0.454 0.672 0.406 0.421
2 0.162 0.49 0.086 0.08
0 0.27 0.507 0.025 0.127
2 0.594 0.477 0.07 0.078
2 0.542 0.448 0.028 0.029
