2 0.68 0.436 0.008 0.02
2 0.689 0.446 0.011 0.021
2 0.666 0.444 0.024 0.042
2 0.627 0.456 0.038 0.06
4 0.615 0.418 0.04 0.062
4 0.555 0.413 0.08 0.114
2 0.555 0.474 0.076 0.103
2 0.438 0.481 0.091 0.113
2 0.061 0.537 0.123 0.291
10 0.43 0.107 0.017 0.082
10 0.646 0.329 0.015 0.034
7 0.886 0.301 0.026 0.087
7 0.981 0.056 0.029 0.095
11 0.886 0.241 0.018 0.026
11 0.791 0.454 0.033 0.056
2 0.826 0.418 0.024 0.021
10 0.308 0.368 0.015 0.041
11 0.43 0.052 0.015 0.021
11 0.774 0.417 0.012 0.02
2 0.913 0.599 0.174 0.459
8 0.079 0.37 0.015 0.026
11 0.299 0.372 0.048 0.061
11 0.934 0.41 0.014 0.026
