2 0.514 0.549 0.012 0.017
2 0.552 0.547 0.01 0.018
2 0.562 0.547 0.01 0.018
2 0.574 0.552 0.01 0.017
2 0.551 0.563 0.011 0.013
2 0.567 0.571 0.01 0.018
5 0.55 0.587 0.008 0.017
1 0.548 0.578 0.008 0.017
2 0.551 0.574 0.01 0.017
2 0.573 0.587 0.014 0.026
2 0.45 0.59 0.016 0.023
2 0.435 0.591 0.017 0.03
2 0.59 0.588 0.02 0.032
2 0.488 0.589 0.031 0.034
2 0.4 0.605 0.066 0.074
2 0.021 0.695 0.043 0.187
11 0.282 0.542 0.011 0.021
11 0.531 0.549 0.01 0.017
11 0.616 0.551 0.013 0.021
11 0.71 0.537 0.012 0.023
2 0.517 0.58 0.019 0.017
