2 0.045 0.538 0.039 0.044
2 0.056 0.548 0.04 0.049
2 0.095 0.545 0.012 0.023
2 0.115 0.554 0.033 0.041
2 0.169 0.557 0.035 0.023
2 0.198 0.584 0.097 0.065
2 0.488 0.673 0.107 0.193
0 0.02 0.536 0.009 0.064
0 0.008 0.537 0.012 0.065
2 0.124 0.557 0.018 0.056
2 0.217 0.57 0.009 0.069
2 0.208 0.564 0.012 0.073
2 0.665 0.672 0.113 0.077
2 0.855 0.802 0.287 0.349
2 0.643 0.779 0.279 0.279
2 0.314 0.736 0.316 0.428
11 0.853 0.575 0.026 0.029
11 0.845 0.594 0.031 0.026
11 0.595 0.56 0.014 0.013
10 0.36 0.469 0.013 0.039
11 0.238 0.492 0.017 0.015
10 0.15 0.464 0.019 0.029
10 0.128 0.457 0.013 0.029
