7 0.446 0.537 0.005 0.028
7 0.588 0.544 0.006 0.028
7 0.424 0.612 0.011 0.015
10 0.452 0.539 0.006 0.026
10 0.581 0.544 0.007 0.028
10 0.66 0.587 0.016 0.019
10 0.363 0.604 0.01 0.011
7 0.564 0.602 0.008 0.019
11 0.428 0.587 0.02 0.013
11 0.83 0.478 0.02 0.023
11 0.37 0.584 0.017 0.015
2 0.477 0.643 0.01 0.03
2 0.554 0.642 0.032 0.053
2 0.46 0.648 0.028 0.032
2 0.51 0.662 0.073 0.098
2 0.581 0.642 0.02 0.023
2 0.358 0.674 0.042 0.058
2 0.318 0.675 0.056 0.073
2 0.269 0.693 0.065 0.087
2 0.185 0.693 0.113 0.134
2 0.072 0.718 0.144 0.194
2 0.608 0.641 0.016 0.032
2 0.622 0.649 0.017 0.045
2 0.635 0.647 0.018 0.058
2 0.656 0.647 0.031 0.075
2 0.667 0.652 0.029 0.079
2 0.705 0.653 0.07 0.111
2 0.789 0.646 0.149 0.176
2 0.904 0.695 0.191 0.233
