7 0.481 0.428 0.008 0.031
7 0.456 0.442 0.008 0.028
11 0.296 0.455 0.022 0.016
11 0.298 0.484 0.02 0.03
11 0.682 0.444 0.019 0.024
11 0.685 0.48 0.013 0.031
11 0.615 0.433 0.021 0.03
11 0.616 0.468 0.01 0.02
2 0.446 0.525 0.014 0.05
2 0.474 0.513 0.017 0.046
2 0.416 0.544 0.067 0.097
3 0.505 0.513 0.054 0.105
11 0.246 0.419 0.025 0.017
11 0.249 0.443 0.022 0.021
11 0.245 0.466 0.02 0.014
2 0.256 0.516 0.034 0.017
3 0.165 0.527 0.114 0.088
2 0.101 0.563 0.038 0.051
2 0.043 0.564 0.086 0.074
2 0.309 0.555 0.076 0.09
0 0.72 0.529 0.033 0.117
0 0.904 0.516 0.029 0.108
2 0.935 0.509 0.094 0.098
2 0.977 0.513 0.046 0.102
2 0.695 0.494 0.05 0.044
