2 0.466 0.283 0.046 0.085
2 0.412 0.263 0.037 0.058
2 0.433 0.265 0.021 0.023
2 0.035 0.304 0.07 0.107
2 0.095 0.294 0.057 0.088
2 0.139 0.279 0.046 0.078
2 0.174 0.274 0.044 0.076
2 0.2 0.268 0.027 0.073
2 0.22 0.271 0.017 0.049
2 0.292 0.26 0.05 0.055
2 0.326 0.268 0.023 0.035
2 0.34 0.263 0.017 0.024
2 0.358 0.255 0.016 0.026
2 0.372 0.252 0.013 0.034
2 0.387 0.255 0.025 0.026
2 0.492 0.257 0.02 0.037
11 0.603 0.223 0.016 0.026
11 0.536 0.232 0.01 0.02
7 0.483 0.217 0.007 0.024
7 0.473 0.218 0.009 0.026
7 0.467 0.221 0.004 0.017
7 0.448 0.226 0.009 0.02
8 0.431 0.227 0.008 0.02
8 0.457 0.236 0.009 0.018
7 0.332 0.238 0.012 0.02
