2 0.298 0.709 0.03 0.043
2 0.275 0.716 0.022 0.037
2 0.254 0.719 0.021 0.035
2 0.231 0.73 0.029 0.039
2 0.129 0.748 0.097 0.104
2 0.044 0.803 0.088 0.116
2 0.441 0.668 0.023 0.047
2 0.461 0.674 0.027 0.039
11 0.455 0.638 0.009 0.021
10 0.438 0.553 0.007 0.025
7 0.429 0.569 0.007 0.027
10 0.224 0.562 0.006 0.029
7 0.213 0.566 0.005 0.029
2 0.399 0.675 0.074 0.165
11 0.635 0.524 0.016 0.043
2 0.567 0.653 0.072 0.13
2 0.624 0.671 0.087 0.111
2 0.735 0.674 0.173 0.171
2 0.254 0.852 0.01 0.004
2 0.332 0.695 0.035 0.047
10 0.507 0.61 0.015 0.021
11 0.544 0.482 0.02 0.033
