11 0.183 0.172 0.036 0.021
11 0.201 0.093 0.027 0.019
11 0.214 0.173 0.012 0.017
11 0.769 0.114 0.025 0.019
11 0.772 0.021 0.016 0.024
9 0.209 0.133 0.008 0.047
9 0.756 0.037 0.011 0.054
9 0.227 0.243 0.019 0.026
9 0.752 0.181 0.019 0.029
11 0.348 0.218 0.026 0.055
11 0.626 0.169 0.03 0.026
0 0.069 0.384 0.051 0.192
0 0.188 0.329 0.029 0.125
0 0.26 0.328 0.02 0.071
0 0.321 0.313 0.023 0.078
0 0.009 0.458 0.018 0.285
0 0.12 0.319 0.01 0.021
0 0.135 0.319 0.013 0.024
0 0.149 0.321 0.01 0.028
0 0.162 0.322 0.008 0.024
0 0.205 0.302 0.014 0.033
0 0.275 0.316 0.016 0.068
0 0.304 0.314 0.019 0.08
0 0.362 0.312 0.019 0.076
0 0.391 0.308 0.018 0.083
2 0.609 0.365 0.246 0.373
2 0.474 0.306 0.047 0.071
2 0.417 0.296 0.035 0.069
2 0.437 0.278 0.016 0.047
2 0.025 0.351 0.051 0.102
2 0.106 0.351 0.134 0.075
0 0.946 0.362 0.1 0.43
0 0.987 0.315 0.022 0.281
2 0.94 0.263 0.117 0.225
0 0.857 0.255 0.02 0.101
0 0.755 0.243 0.011 0.062
0 0.719 0.256 0.018 0.083
0 0.704 0.236 0.009 0.035
0 0.74 0.256 0.014 0.069
2 0.45 0.267 0.023 0.042
2 0.466 0.259 0.009 0.019
0 0.339 0.308 0.013 0.083
2 0.491 0.256 0.019 0.021
