11 0.24 0.238 0.022 0.015
10 0.228 0.287 0.019 0.024
7 0.311 0.307 0.008 0.015
11 0.378 0.336 0.011 0.021
2 0.4 0.37 0.019 0.026
2 0.379 0.372 0.024 0.026
2 0.475 0.367 0.046 0.084
4 0.453 0.3 0.053 0.08
11 0.027 0.225 0.027 0.069
2 0.262 0.38 0.079 0.101
2 0.184 0.401 0.136 0.144
2 0.073 0.458 0.146 0.183
2 0.444 0.408 0.09 0.138
2 0.503 0.37 0.014 0.026
3 0.516 0.353 0.012 0.045
7 0.572 0.223 0.007 0.032
10 0.562 0.225 0.011 0.028
10 0.703 0.181 0.008 0.034
10 0.722 0.291 0.014 0.021
11 0.72 0.234 0.018 0.011
11 0.709 0.265 0.025 0.017
11 0.912 0.243 0.022 0.079
11 0.628 0.298 0.006 0.028
2 0.658 0.36 0.045 0.077
2 0.712 0.382 0.092 0.107
2 0.788 0.403 0.143 0.14
2 0.905 0.458 0.188 0.161
2 0.582 0.407 0.157 0.294
