7 0.525 0.393 0.01 0.024
11 0.346 0.261 0.021 0.029
11 0.346 0.297 0.021 0.012
11 0.349 0.326 0.023 0.049
11 0.333 0.371 0.031 0.042
11 0.458 0.399 0.008 0.028
11 0.507 0.408 0.008 0.036
2 0.583 0.477 0.008 0.023
2 0.593 0.474 0.011 0.026
2 0.552 0.486 0.016 0.04
2 0.502 0.477 0.011 0.036
2 0.4 0.505 0.035 0.068
4 0.567 0.465 0.019 0.047
4 0.687 0.39 0.201 0.412
2 0.463 0.498 0.01 0.036
0 0.456 0.478 0.007 0.024
2 0.438 0.494 0.038 0.049
2 0.525 0.484 0.046 0.078
2 0.36 0.514 0.076 0.075
2 0.17 0.551 0.165 0.139
0 0.193 0.472 0.015 0.019
11 0.791 0.343 0.012 0.055
11 0.419 0.421 0.009 0.035
