7 0.946 0.232 0.017 0.035
7 0.919 0.241 0.017 0.035
7 0.465 0.331 0.005 0.018
7 0.493 0.332 0.005 0.02
0 0.141 0.417 0.045 0.149
2 0.495 0.366 0.01 0.018
2 0.502 0.37 0.01 0.027
2 0.51 0.374 0.015 0.035
2 0.525 0.373 0.029 0.041
2 0.625 0.34 0.045 0.059
2 0.568 0.366 0.075 0.128
2 0.565 0.4 0.04 0.09
2 0.461 0.364 0.016 0.024
2 0.455 0.374 0.017 0.029
2 0.446 0.383 0.018 0.047
2 0.4 0.367 0.077 0.137
2 0.4 0.409 0.039 0.082
2 0.343 0.425 0.108 0.155
2 0.61 0.416 0.093 0.124
4 0.849 0.342 0.194 0.186
4 0.945 0.339 0.107 0.18
