2 0.413 0.501 0.008 0.028
2 0.406 0.503 0.008 0.029
2 0.394 0.507 0.02 0.034
2 0.377 0.509 0.016 0.038
2 0.321 0.519 0.02 0.029
2 0.287 0.534 0.065 0.07
2 0.492 0.496 0.009 0.031
2 0.499 0.505 0.011 0.043
2 0.518 0.511 0.039 0.052
2 0.53 0.517 0.047 0.073
2 0.473 0.493 0.012 0.029
2 0.45 0.494 0.008 0.02
2 0.464 0.496 0.018 0.027
2 0.437 0.51 0.039 0.06
2 0.35 0.53 0.065 0.078
0 0.08 0.552 0.019 0.106
0 0.1 0.564 0.018 0.069
11 0.571 0.309 0.036 0.027
8 0.586 0.345 0.01 0.02
8 0.587 0.429 0.022 0.031
0 0.962 0.546 0.065 0.288
6 0.621 0.504 0.024 0.046
6 0.594 0.499 0.014 0.039
