7 0.292 0.231 0.018 0.077
7 0.522 0.154 0.018 0.072
8 0.268 0.23 0.018 0.073
8 0.491 0.391 0.008 0.022
7 0.5 0.379 0.005 0.018
8 0.913 0.297 0.031 0.054
11 0.654 0.361 0.023 0.039
11 0.286 0.372 0.012 0.024
11 0.524 0.394 0.015 0.012
11 0.573 0.367 0.014 0.02
10 0.971 0.374 0.028 0.029
2 0.96 0.466 0.076 0.102
4 0.389 0.419 0.033 0.058
2 0.397 0.455 0.014 0.03
2 0.373 0.452 0.027 0.041
2 0.349 0.459 0.03 0.046
2 0.427 0.444 0.012 0.022
2 0.464 0.431 0.015 0.022
2 0.32 0.47 0.05 0.046
2 0.42 0.445 0.015 0.022
2 0.492 0.48 0.066 0.088
11 0.869 0.201 0.042 0.033
11 0.88 0.235 0.059 0.042
8 0.159 0.256 0.021 0.057
8 0.507 0.152 0.012 0.071
11 0.893 0.156 0.025 0.048
