8 0.478 0.27 0.008 0.021
2 0.503 0.322 0.013 0.017
2 0.492 0.325 0.01 0.015
2 0.484 0.327 0.013 0.021
2 0.471 0.324 0.018 0.036
2 0.461 0.331 0.02 0.04
2 0.43 0.337 0.054 0.09
2 0.395 0.351 0.03 0.069
2 0.508 0.323 0.012 0.019
2 0.514 0.326 0.014 0.021
2 0.521 0.326 0.014 0.021
2 0.539 0.321 0.027 0.042
2 0.551 0.332 0.02 0.042
2 0.576 0.331 0.04 0.059
2 0.596 0.339 0.038 0.071
2 0.342 0.356 0.12 0.155
2 0.226 0.419 0.212 0.225
2 0.662 0.35 0.116 0.147
2 0.772 0.385 0.186 0.204
2 0.071 0.537 0.141 0.365
2 0.916 0.452 0.162 0.378
