2 0.096 0.629 0.193 0.377
2 0.869 0.569 0.262 0.417
2 0.614 0.475 0.095 0.136
2 0.488 0.46 0.038 0.072
2 0.213 0.524 0.211 0.23
2 0.32 0.497 0.089 0.146
2 0.377 0.481 0.069 0.1
2 0.41 0.475 0.044 0.089
2 0.435 0.47 0.015 0.053
2 0.447 0.471 0.015 0.053
2 0.458 0.467 0.009 0.042
2 0.467 0.459 0.011 0.029
0 0.697 0.446 0.016 0.087
0 0.511 0.448 0.005 0.036
11 0.35 0.316 0.03 0.044
11 0.645 0.324 0.01 0.032
11 0.617 0.357 0.021 0.049
8 0.481 0.392 0.007 0.025
8 0.525 0.366 0.007 0.022
11 0.43 0.397 0.006 0.025
11 0.576 0.388 0.009 0.03
11 0.348 0.375 0.013 0.019
