2 0.121 0.683 0.241 0.326
2 0.489 0.605 0.073 0.084
2 0.663 0.681 0.219 0.288
2 0.398 0.638 0.083 0.121
2 0.979 0.811 0.04 0.182
7 0.22 0.356 0.014 0.026
7 0.381 0.513 0.007 0.014
7 0.471 0.525 0.008 0.015
7 0.496 0.54 0.009 0.012
8 0.779 0.548 0.007 0.017
7 0.798 0.552 0.01 0.021
2 0.446 0.591 0.017 0.026
2 0.425 0.566 0.009 0.012
2 0.408 0.566 0.01 0.009
11 0.226 0.267 0.035 0.058
11 0.218 0.437 0.032 0.017
10 0.192 0.472 0.014 0.023
11 0.806 0.437 0.029 0.017
11 0.793 0.379 0.021 0.023
7 0.791 0.327 0.019 0.059
