7 0.131 0.371 0.011 0.075
8 0.446 0.36 0.008 0.049
7 0.594 0.389 0.009 0.043
11 0.164 0.328 0.041 0.106
11 0.165 0.421 0.046 0.07
11 0.769 0.388 0.048 0.016
7 0.731 0.353 0.017 0.07
11 0.166 0.506 0.016 0.035
2 0.645 0.534 0.053 0.056
2 0.328 0.586 0.121 0.157
2 0.419 0.537 0.044 0.058
2 0.241 0.553 0.116 0.111
2 0.374 0.535 0.022 0.045
2 0.388 0.53 0.027 0.047
2 0.482 0.594 0.114 0.171
1 0.481 0.605 0.107 0.278
6 0.481 0.703 0.113 0.287
4 0.856 0.656 0.286 0.678
2 0.608 0.534 0.019 0.031
2 0.588 0.531 0.011 0.029
2 0.56 0.528 0.013 0.025
2 0.576 0.531 0.012 0.027
3 0.133 0.52 0.08 0.097
2 0.183 0.545 0.022 0.033
3 0.309 0.48 0.084 0.059
11 0.381 0.463 0.015 0.047
2 0.405 0.506 0.019 0.014
2 0.536 0.519 0.019 0.023
7 0.458 0.363 0.009 0.045
