11 0.63 0.267 0.027 0.05
11 0.374 0.318 0.022 0.044
11 0.315 0.305 0.02 0.044
11 0.315 0.346 0.02 0.03
11 0.486 0.277 0.013 0.022
11 0.601 0.31 0.015 0.024
11 0.617 0.309 0.012 0.022
11 0.601 0.34 0.009 0.044
2 0.723 0.3 0.018 0.017
2 0.71 0.3 0.006 0.022
2 0.653 0.307 0.031 0.022
2 0.558 0.328 0.013 0.02
2 0.538 0.335 0.02 0.026
2 0.486 0.34 0.02 0.022
2 0.495 0.355 0.026 0.035
2 0.459 0.358 0.029 0.037
2 0.391 0.364 0.073 0.057
2 0.565 0.363 0.06 0.041
2 0.643 0.369 0.093 0.081
2 0.713 0.364 0.064 0.048
