2 0.386 0.426 0.02 0.026
2 0.371 0.429 0.021 0.042
2 0.216 0.384 0.023 0.058
2 0.174 0.438 0.083 0.175
2 0.08 0.475 0.145 0.191
2 0.409 0.427 0.018 0.029
2 0.427 0.424 0.013 0.027
2 0.438 0.425 0.014 0.029
2 0.479 0.429 0.075 0.109
2 0.452 0.448 0.019 0.062
2 0.47 0.468 0.036 0.119
2 0.49 0.475 0.048 0.133
2 0.512 0.523 0.078 0.229
2 0.292 0.447 0.167 0.223
2 0.753 0.567 0.49 0.603
2 0.017 0.514 0.03 0.198
11 0.38 0.389 0.012 0.023
11 0.419 0.391 0.008 0.019
11 0.525 0.366 0.012 0.048
11 0.774 0.154 0.049 0.139
