8 0.584 0.283 0.013 0.054
10 0.574 0.284 0.011 0.052
10 0.594 0.286 0.014 0.048
8 0.442 0.347 0.014 0.037
8 0.588 0.459 0.012 0.023
11 0.829 0.332 0.032 0.023
11 0.871 0.411 0.016 0.031
10 0.832 0.409 0.022 0.035
7 0.366 0.422 0.016 0.021
11 0.345 0.385 0.02 0.012
11 0.242 0.353 0.015 0.023
2 0.363 0.477 0.039 0.035
2 0.252 0.554 0.24 0.297
2 0.624 0.545 0.074 0.079
2 0.679 0.503 0.062 0.033
2 0.702 0.599 0.139 0.158
2 0.946 0.534 0.046 0.027
2 0.133 0.635 0.266 0.31
2 0.857 0.653 0.283 0.283
2 0.473 0.58 0.254 0.32
2 0.964 0.749 0.07 0.121
