7 0.869 0.054 0.026 0.101
10 0.839 0.067 0.026 0.116
11 0.945 0.134 0.099 0.054
2 0.376 0.428 0.018 0.052
2 0.365 0.432 0.023 0.047
2 0.349 0.442 0.024 0.045
2 0.336 0.442 0.017 0.038
2 0.31 0.442 0.04 0.059
2 0.285 0.45 0.025 0.061
2 0.234 0.439 0.083 0.106
2 0.163 0.464 0.107 0.088
4 0.485 0.402 0.062 0.118
4 0.529 0.439 0.024 0.068
2 0.48 0.475 0.066 0.087
3 0.704 0.411 0.273 0.406
10 0.562 0.382 0.011 0.023
0 0.055 0.463 0.038 0.149
0 0.122 0.432 0.019 0.066
2 0.856 0.534 0.04 0.09
5 0.984 0.561 0.029 0.104
