11 0.494 0.255 0.083 0.152
11 0.446 0.39 0.02 0.037
0 0.555 0.613 0.034 0.209
0 0.18 0.593 0.015 0.061
0 0.195 0.582 0.015 0.028
0 0.257 0.661 0.051 0.206
0 0.517 0.575 0.024 0.108
0 0.496 0.576 0.013 0.096
0 0.491 0.585 0.016 0.087
0 0.473 0.591 0.009 0.089
0 0.462 0.585 0.02 0.101
0 0.431 0.575 0.013 0.056
0 0.412 0.612 0.047 0.173
2 0.294 0.554 0.02 0.014
2 0.29 0.585 0.017 0.04
2 0.339 0.552 0.079 0.026
2 0.126 0.619 0.091 0.112
2 0.219 0.622 0.066 0.108
2 0.324 0.666 0.191 0.216
2 0.062 0.686 0.124 0.33
