0 0.267 0.402 0.012 0.028
0 0.261 0.403 0.009 0.025
0 0.248 0.407 0.01 0.021
0 0.194 0.405 0.009 0.024
0 0.184 0.407 0.016 0.029
2 0.526 0.413 0.019 0.037
2 0.543 0.419 0.027 0.054
2 0.564 0.425 0.04 0.083
2 0.59 0.433 0.058 0.105
2 0.609 0.45 0.053 0.118
2 0.71 0.436 0.207 0.274
2 0.867 0.524 0.264 0.481
2 0.418 0.424 0.032 0.043
2 0.397 0.427 0.02 0.054
2 0.233 0.479 0.119 0.136
2 0.119 0.516 0.214 0.2
6 0.039 0.556 0.076 0.213
2 0.341 0.447 0.118 0.161
2 0.48 0.434 0.076 0.109
0 0.219 0.396 0.009 0.024
11 0.426 0.357 0.025 0.028
