11 0.361 0.387 0.018 0.037
11 0.631 0.41 0.011 0.014
11 0.403 0.426 0.005 0.016
11 0.288 0.434 0.013 0.025
11 0.262 0.441 0.008 0.014
7 0.506 0.352 0.006 0.029
7 0.676 0.38 0.01 0.04
10 0.267 0.409 0.009 0.038
2 0.448 0.496 0.022 0.051
2 0.599 0.477 0.015 0.036
2 0.57 0.476 0.011 0.021
2 0.561 0.471 0.006 0.019
2 0.559 0.477 0.004 0.024
2 0.587 0.47 0.011 0.019
2 0.613 0.481 0.024 0.04
2 0.635 0.491 0.031 0.048
2 0.648 0.502 0.019 0.068
2 0.668 0.475 0.029 0.142
2 0.826 0.52 0.346 0.586
2 0.05 0.587 0.099 0.268
2 0.409 0.51 0.063 0.074
3 0.508 0.46 0.102 0.179
2 0.575 0.482 0.017 0.024
2 0.229 0.625 0.383 0.407
