0 0.186 0.485 0.037 0.136
0 0.288 0.45 0.014 0.07
0 0.269 0.454 0.02 0.068
10 0.105 0.327 0.023 0.04
10 0.132 0.329 0.016 0.038
7 0.121 0.151 0.021 0.119
11 0.103 0.228 0.072 0.032
11 0.131 0.259 0.045 0.027
11 0.755 0.202 0.053 0.032
11 0.713 0.255 0.015 0.028
11 0.719 0.283 0.045 0.025
7 0.465 0.062 0.026 0.115
10 0.737 0.339 0.02 0.042
10 0.751 0.343 0.01 0.042
0 0.787 0.478 0.023 0.1
0 0.765 0.485 0.031 0.114
0 0.745 0.473 0.017 0.106
0 0.691 0.459 0.016 0.074
0 0.68 0.493 0.023 0.134
0 0.641 0.477 0.019 0.106
2 0.525 0.476 0.059 0.081
2 0.401 0.491 0.181 0.32
2 0.309 0.467 0.024 0.085
7 0.489 0.392 0.009 0.019
7 0.535 0.402 0.011 0.017
0 0.586 0.453 0.019 0.076
