8 0.346 0.397 0.015 0.056
8 0.495 0.411 0.013 0.056
8 0.738 0.257 0.031 0.078
11 0.01 0.342 0.019 0.022
11 0.011 0.363 0.022 0.024
11 0.025 0.423 0.033 0.058
11 0.72 0.4 0.055 0.075
11 0.71 0.198 0.023 0.024
11 0.71 0.222 0.02 0.029
11 0.694 0.496 0.016 0.019
11 0.695 0.538 0.015 0.058
8 0.33 0.568 0.01 0.027
8 0.565 0.541 0.011 0.022
8 0.555 0.553 0.011 0.027
8 0.274 0.564 0.012 0.019
0 0.588 0.644 0.025 0.175
0 0.569 0.65 0.027 0.168
0 0.373 0.649 0.048 0.214
2 0.653 0.598 0.06 0.068
2 0.702 0.681 0.154 0.233
0 0.611 0.597 0.014 0.061
2 0.17 0.632 0.169 0.107
2 0.059 0.657 0.116 0.097
2 0.867 0.645 0.261 0.696
11 0.747 0.472 0.025 0.044
11 0.52 0.501 0.011 0.034
11 0.52 0.539 0.012 0.032
2 0.402 0.573 0.027 0.032
2 0.471 0.671 0.157 0.262
11 0.597 0.527 0.015 0.006
