2 0.951 0.747 0.09 0.211
2 0.05 0.651 0.095 0.278
2 0.145 0.593 0.112 0.09
2 0.324 0.586 0.112 0.137
2 0.667 0.549 0.043 0.053
2 0.259 0.574 0.033 0.056
2 0.398 0.571 0.05 0.073
2 0.433 0.559 0.044 0.07
2 0.457 0.555 0.015 0.041
2 0.47 0.553 0.019 0.037
2 0.481 0.551 0.01 0.024
2 0.491 0.547 0.014 0.024
3 0.335 0.508 0.117 0.099
3 0.419 0.516 0.052 0.046
3 0.53 0.532 0.014 0.026
2 0.643 0.551 0.012 0.04
2 0.63 0.551 0.015 0.04
2 0.604 0.547 0.015 0.018
2 0.593 0.548 0.009 0.017
2 0.573 0.542 0.015 0.018
2 0.542 0.542 0.008 0.009
