2 0.5 0.364 0.021 0.031
2 0.525 0.369 0.037 0.066
2 0.348 0.388 0.033 0.053
2 0.307 0.41 0.095 0.132
2 0.023 0.45 0.044 0.033
2 0.059 0.444 0.052 0.059
2 0.174 0.478 0.206 0.242
2 0.433 0.481 0.209 0.295
2 0.579 0.353 0.037 0.043
2 0.632 0.346 0.034 0.043
2 0.961 0.274 0.073 0.087
11 0.598 0.201 0.029 0.053
11 0.059 0.39 0.017 0.033
7 0.066 0.27 0.019 0.053
7 0.35 0.242 0.017 0.046
7 0.463 0.252 0.016 0.046
8 0.489 0.317 0.014 0.028
8 0.332 0.236 0.016 0.031
8 0.326 0.336 0.011 0.031
8 0.396 0.323 0.014 0.031
8 0.08 0.387 0.013 0.031
8 0.91 0.199 0.017 0.041
8 0.928 0.204 0.021 0.051
