0 0.264 0.414 0.009 0.054
0 0.194 0.412 0.016 0.075
0 0.556 0.435 0.032 0.141
0 0.601 0.422 0.021 0.154
0 0.644 0.432 0.016 0.16
0 0.7 0.41 0.019 0.179
0 0.581 0.398 0.015 0.106
0 0.525 0.407 0.016 0.123
0 0.481 0.419 0.033 0.144
0 0.5 0.434 0.029 0.148
0 0.779 0.333 0.023 0.137
0 0.835 0.243 0.042 0.129
0 0.734 0.473 0.098 0.456
0 0.626 0.453 0.054 0.225
0 0.388 0.429 0.037 0.15
0 0.353 0.447 0.035 0.171
0 0.223 0.44 0.021 0.131
0 0.276 0.418 0.018 0.067
0 0.313 0.423 0.019 0.077
2 0.979 0.415 0.04 0.044
2 0.06 0.427 0.026 0.056
2 0.037 0.421 0.021 0.027
2 0.014 0.426 0.026 0.029
2 0.974 0.479 0.049 0.106
0 0.862 0.4 0.03 0.127
0 0.206 0.416 0.009 0.079
3 0.126 0.396 0.108 0.198
