8 0.69 0.463 0.008 0.041
8 0.601 0.435 0.012 0.035
8 0.576 0.491 0.013 0.035
8 0.485 0.462 0.01 0.043
8 0.414 0.501 0.011 0.021
8 0.378 0.497 0.007 0.028
11 0.864 0.432 0.028 0.052
11 0.8 0.454 0.022 0.035
0 0.371 0.53 0.009 0.033
2 0.353 0.541 0.025 0.035
2 0.321 0.529 0.04 0.045
2 0.538 0.528 0.011 0.023
2 0.609 0.523 0.016 0.014
2 0.559 0.53 0.015 0.023
2 0.521 0.536 0.024 0.03
2 0.548 0.537 0.022 0.023
2 0.604 0.547 0.029 0.042
2 0.235 0.582 0.1 0.084
2 0.098 0.611 0.169 0.157
2 0.943 0.693 0.113 0.307
0 0.68 0.549 0.013 0.052
7 0.612 0.463 0.008 0.021
7 0.641 0.499 0.008 0.026
2 0.578 0.513 0.022 0.027
7 0.75 0.507 0.008 0.018
0 0.73 0.551 0.011 0.063
0 0.761 0.548 0.009 0.057
