7 0.465 0.362 0.016 0.041
7 0.553 0.39 0.011 0.024
7 0.584 0.39 0.011 0.026
7 0.619 0.39 0.011 0.022
11 0.368 0.458 0.011 0.017
11 0.635 0.395 0.021 0.014
11 0.433 0.362 0.024 0.017
11 0.394 0.365 0.025 0.024
2 0.16 0.54 0.317 0.251
2 0.581 0.472 0.015 0.019
2 0.486 0.475 0.045 0.044
2 0.515 0.473 0.022 0.027
2 0.552 0.471 0.011 0.014
2 0.601 0.485 0.034 0.041
2 0.564 0.474 0.015 0.015
7 0.534 0.446 0.006 0.015
8 0.738 0.365 0.009 0.012
8 0.728 0.366 0.009 0.019
8 0.286 0.387 0.013 0.036
8 0.299 0.387 0.011 0.032
