2 0.56 0.563 0.063 0.093
2 0.09 0.62 0.178 0.212
2 0.307 0.57 0.098 0.107
6 0.951 0.827 0.096 0.273
2 0.378 0.556 0.056 0.085
2 0.412 0.56 0.02 0.072
2 0.432 0.552 0.017 0.06
2 0.447 0.545 0.016 0.053
2 0.461 0.543 0.014 0.061
2 0.473 0.542 0.01 0.064
2 0.485 0.538 0.012 0.055
8 0.553 0.503 0.008 0.022
11 0.607 0.514 0.007 0.026
11 0.715 0.404 0.014 0.032
11 0.627 0.494 0.014 0.018
2 0.601 0.559 0.01 0.053
2 0.616 0.55 0.009 0.058
2 0.63 0.563 0.016 0.079
2 0.667 0.563 0.055 0.098
2 0.679 0.584 0.054 0.105
2 0.503 0.545 0.021 0.032
2 0.519 0.541 0.011 0.02
2 0.741 0.593 0.134 0.185
2 0.871 0.634 0.258 0.309
