11 0.267 0.281 0.014 0.03
11 0.281 0.282 0.014 0.031
11 0.274 0.337 0.022 0.038
11 0.275 0.379 0.023 0.044
11 0.289 0.225 0.021 0.039
11 0.366 0.375 0.017 0.033
11 0.415 0.364 0.013 0.022
11 0.415 0.345 0.016 0.014
11 0.416 0.397 0.011 0.018
11 0.458 0.375 0.01 0.016
11 0.458 0.352 0.006 0.012
11 0.398 0.32 0.064 0.034
2 0.348 0.452 0.038 0.056
2 0.822 0.41 0.151 0.117
2 0.478 0.49 0.119 0.212
2 0.378 0.486 0.089 0.147
2 0.165 0.6 0.33 0.411
2 0.71 0.615 0.446 0.512
2 0.921 0.57 0.155 0.328
3 0.307 0.46 0.06 0.034
