2 0.319 0.365 0.022 0.043
2 0.293 0.377 0.044 0.063
2 0.277 0.383 0.037 0.072
2 0.23 0.384 0.083 0.09
2 0.166 0.41 0.1 0.106
2 0.49 0.349 0.021 0.038
2 0.504 0.358 0.013 0.041
2 0.429 0.352 0.009 0.034
2 0.443 0.357 0.026 0.038
2 0.402 0.356 0.014 0.021
2 0.343 0.365 0.042 0.058
2 0.464 0.365 0.046 0.066
2 0.527 0.355 0.041 0.052
2 0.037 0.46 0.073 0.147
0 0.937 0.353 0.04 0.181
11 0.866 0.135 0.02 0.044
11 0.484 0.286 0.018 0.011
0 0.7 0.347 0.015 0.066
0 0.625 0.347 0.011 0.073
2 0.419 0.36 0.012 0.013
2 0.414 0.361 0.011 0.015
2 0.389 0.365 0.008 0.017
2 0.37 0.366 0.011 0.015
