11 0.124 0.099 0.028 0.044
7 0.124 0.204 0.029 0.05
8 0.276 0.365 0.014 0.048
11 0.561 0.536 0.032 0.054
2 0.02 0.654 0.039 0.085
2 0.327 0.638 0.047 0.06
2 0.269 0.651 0.121 0.13
2 0.466 0.638 0.059 0.073
2 0.396 0.611 0.026 0.027
1 0.676 0.588 0.028 0.056
1 0.649 0.599 0.023 0.067
6 0.651 0.646 0.027 0.06
6 0.682 0.639 0.03 0.071
0 0.624 0.619 0.025 0.106
0 0.598 0.615 0.012 0.077
2 0.55 0.614 0.027 0.033
2 0.077 0.635 0.042 0.035
2 0.432 0.607 0.018 0.029
2 0.261 0.539 0.021 0.029
7 0.009 0.496 0.019 0.021
11 0.011 0.388 0.02 0.035
