2 0.017 0.529 0.033 0.13
2 0.064 0.52 0.07 0.08
2 0.698 0.505 0.051 0.075
2 0.656 0.49 0.049 0.059
2 0.622 0.487 0.029 0.049
2 0.605 0.485 0.02 0.028
2 0.592 0.488 0.019 0.04
2 0.302 0.498 0.039 0.047
2 0.245 0.511 0.073 0.049
2 0.181 0.503 0.059 0.061
2 0.524 0.484 0.03 0.052
2 0.554 0.482 0.022 0.031
2 0.766 0.502 0.12 0.147
7 0.438 0.425 0.006 0.029
7 0.544 0.418 0.007 0.031
11 0.592 0.416 0.007 0.021
2 0.441 0.489 0.028 0.035
2 0.469 0.493 0.018 0.026
2 0.492 0.492 0.014 0.021
11 0.576 0.423 0.018 0.014
10 0.598 0.454 0.01 0.014
10 0.43 0.428 0.004 0.024
11 0.56 0.421 0.008 0.017
11 0.364 0.441 0.009 0.014
