11 0.592 0.613 0.011 0.017
11 0.627 0.616 0.033 0.027
11 0.738 0.657 0.011 0.028
11 0.802 0.59 0.02 0.028
11 0.813 0.654 0.012 0.053
11 0.847 0.635 0.014 0.01
11 0.834 0.642 0.009 0.006
11 0.838 0.655 0.016 0.012
11 0.835 0.675 0.007 0.026
11 0.993 0.568 0.012 0.019
8 0.763 0.568 0.009 0.034
10 0.755 0.569 0.007 0.031
10 0.964 0.567 0.012 0.041
10 0.851 0.676 0.01 0.02
0 0.769 0.717 0.009 0.032
0 0.886 0.75 0.009 0.05
0 0.897 0.75 0.014 0.059
0 0.991 0.761 0.012 0.063
0 0.975 0.755 0.014 0.067
2 0.574 0.689 0.02 0.022
2 0.586 0.691 0.018 0.024
2 0.601 0.701 0.032 0.033
2 0.626 0.699 0.018 0.04
2 0.994 0.781 0.012 0.078
4 0.424 0.376 0.169 0.064
4 0.674 0.683 0.085 0.096
2 0.365 0.623 0.384 0.496
