0 0.076 0.444 0.017 0.082
0 0.097 0.445 0.021 0.084
2 0.246 0.451 0.045 0.06
2 0.284 0.444 0.077 0.064
2 0.355 0.442 0.072 0.067
2 0.415 0.434 0.048 0.05
3 0.459 0.405 0.065 0.09
11 0.498 0.377 0.02 0.03
11 0.519 0.378 0.025 0.039
11 0.543 0.379 0.036 0.045
8 0.557 0.287 0.011 0.026
8 0.721 0.195 0.013 0.052
8 0.874 0.181 0.014 0.058
8 0.948 0.309 0.012 0.056
11 0.949 0.268 0.031 0.015
11 0.684 0.218 0.045 0.022
11 0.808 0.326 0.009 0.03
11 0.727 0.349 0.012 0.022
11 0.677 0.365 0.009 0.007
8 0.638 0.375 0.008 0.015
8 0.585 0.369 0.009 0.015
2 0.616 0.404 0.014 0.017
2 0.705 0.427 0.027 0.03
2 0.77 0.436 0.05 0.054
2 0.857 0.432 0.042 0.047
2 0.889 0.434 0.035 0.05
2 0.927 0.548 0.145 0.424
2 0.583 0.629 0.347 0.445
2 0.658 0.441 0.072 0.065
11 0.732 0.394 0.011 0.015
