3 0.309 0.515 0.04 0.082
3 0.417 0.425 0.069 0.041
3 0.516 0.499 0.106 0.173
11 0.276 0.466 0.017 0.015
0 0.286 0.52 0.01 0.041
0 0.22 0.519 0.017 0.066
0 0.211 0.524 0.023 0.066
0 0.192 0.526 0.029 0.071
0 0.174 0.524 0.023 0.066
0 0.156 0.515 0.024 0.053
0 0.24 0.528 0.011 0.053
0 0.267 0.535 0.014 0.064
0 0.276 0.539 0.011 0.082
0 0.249 0.542 0.027 0.122
0 0.571 0.538 0.013 0.059
0 0.613 0.516 0.013 0.033
0 0.627 0.541 0.016 0.074
0 0.64 0.544 0.019 0.089
0 0.654 0.544 0.017 0.094
0 0.693 0.532 0.023 0.076
0 0.979 0.582 0.037 0.217
8 0.22 0.418 0.017 0.02
7 0.374 0.414 0.011 0.031
7 0.465 0.399 0.009 0.031
10 0.458 0.398 0.01 0.028
2 0.395 0.582 0.191 0.308
2 0.823 0.587 0.3 0.357
2 0.112 0.662 0.222 0.418
8 0.603 0.436 0.013 0.025
11 0.833 0.306 0.023 0.031
