8 0.561 0.44 0.014 0.017
8 0.29 0.46 0.012 0.015
7 0.463 0.434 0.008 0.03
7 0.412 0.438 0.006 0.026
7 0.427 0.459 0.004 0.021
2 0.365 0.501 0.018 0.036
2 0.358 0.507 0.018 0.036
2 0.345 0.515 0.029 0.047
11 0.301 0.446 0.017 0.017
11 0.55 0.424 0.016 0.011
11 0.499 0.444 0.016 0.009
2 0.455 0.482 0.014 0.019
2 0.481 0.473 0.012 0.023
2 0.5 0.481 0.022 0.03
2 0.517 0.493 0.029 0.038
2 0.551 0.513 0.03 0.068
2 0.589 0.509 0.07 0.117
2 0.65 0.531 0.064 0.134
2 0.778 0.54 0.242 0.29
2 0.281 0.53 0.037 0.064
2 0.218 0.529 0.106 0.143
2 0.056 0.584 0.112 0.186
