11 0.555 0.243 0.008 0.032
11 0.641 0.2 0.012 0.024
11 0.598 0.195 0.015 0.015
2 0.496 0.229 0.01 0.024
2 0.503 0.235 0.01 0.022
2 0.512 0.237 0.014 0.019
2 0.521 0.256 0.022 0.019
2 0.542 0.288 0.023 0.034
2 0.558 0.296 0.027 0.032
2 0.586 0.309 0.04 0.073
2 0.611 0.32 0.045 0.09
2 0.656 0.323 0.086 0.124
2 0.7 0.354 0.09 0.153
2 0.755 0.38 0.12 0.17
2 0.478 0.228 0.011 0.017
2 0.468 0.234 0.014 0.015
2 0.46 0.246 0.012 0.015
2 0.452 0.254 0.011 0.024
2 0.445 0.267 0.018 0.036
2 0.431 0.267 0.022 0.051
2 0.415 0.274 0.018 0.051
2 0.4 0.278 0.015 0.078
2 0.383 0.268 0.027 0.097
2 0.356 0.264 0.041 0.124
2 0.269 0.273 0.143 0.204
2 0.131 0.306 0.262 0.236
2 0.02 0.402 0.038 0.228
2 0.878 0.388 0.243 0.415
2 0.516 0.285 0.031 0.049
