2 0.511 0.572 0.012 0.024
2 0.501 0.571 0.015 0.026
2 0.476 0.574 0.013 0.023
2 0.424 0.6 0.024 0.069
2 0.558 0.572 0.02 0.028
2 0.535 0.574 0.019 0.031
2 0.389 0.607 0.067 0.083
7 0.5 0.503 0.006 0.019
7 0.541 0.508 0.006 0.017
7 0.534 0.537 0.005 0.014
7 0.516 0.537 0.005 0.021
8 0.214 0.07 0.027 0.13
8 0.582 0.271 0.014 0.071
8 0.209 0.49 0.023 0.028
8 0.227 0.492 0.015 0.031
8 0.734 0.48 0.019 0.031
8 0.754 0.483 0.021 0.04
10 0.602 0.267 0.017 0.066
10 0.249 0.079 0.036 0.133
10 0.496 0.503 0.005 0.028
10 0.537 0.507 0.005 0.023
11 0.554 0.51 0.011 0.012
11 0.656 0.305 0.075 0.042
11 0.686 0.345 0.015 0.031
11 0.73 0.395 0.034 0.028
11 0.627 0.521 0.019 0.04
11 0.221 0.441 0.025 0.019
11 0.241 0.424 0.012 0.019
0 0.657 0.577 0.009 0.045
0 0.339 0.588 0.018 0.061
0 0.258 0.605 0.019 0.094
0 0.245 0.604 0.011 0.102
0 0.223 0.598 0.018 0.087
0 0.16 0.627 0.058 0.166
2 0.97 0.842 0.057 0.311
