7 0.087 0.439 0.01 0.025
7 0.257 0.37 0.011 0.044
7 0.299 0.375 0.009 0.03
7 0.362 0.43 0.008 0.023
10 0.181 0.321 0.015 0.044
10 0.356 0.429 0.007 0.02
10 0.42 0.431 0.01 0.03
8 0.084 0.474 0.008 0.019
11 0.144 0.342 0.043 0.019
11 0.272 0.372 0.012 0.019
2 0.174 0.487 0.012 0.019
2 0.182 0.51 0.015 0.02
2 0.153 0.484 0.017 0.009
2 0.151 0.512 0.056 0.052
2 0.199 0.499 0.025 0.036
2 0.071 0.519 0.067 0.072
2 0.234 0.514 0.063 0.078
2 0.409 0.494 0.055 0.084
2 0.026 0.533 0.052 0.084
2 0.182 0.48 0.011 0.017
