11 0.294 0.597 0.026 0.012
11 0.205 0.614 0.01 0.012
11 0.213 0.634 0.016 0.014
11 0.535 0.581 0.009 0.026
11 0.551 0.58 0.013 0.026
11 0.582 0.61 0.014 0.028
11 0.619 0.639 0.022 0.038
11 0.886 0.499 0.027 0.066
11 0.265 0.626 0.013 0.012
11 0.264 0.641 0.012 0.014
7 0.317 0.592 0.01 0.026
7 0.5 0.58 0.011 0.023
7 0.556 0.616 0.011 0.016
11 0.557 0.63 0.009 0.009
2 0.134 0.717 0.142 0.139
2 0.29 0.704 0.082 0.123
2 0.217 0.699 0.061 0.075
2 0.478 0.795 0.258 0.246
2 0.727 0.769 0.198 0.229
2 0.402 0.698 0.035 0.076
2 0.373 0.692 0.024 0.033
2 0.351 0.695 0.019 0.035
2 0.581 0.72 0.046 0.075
