8 0.249 0.156 0.014 0.059
8 0.759 0.056 0.015 0.075
7 0.776 0.064 0.016 0.073
10 0.743 0.066 0.014 0.083
11 0.225 0.186 0.056 0.026
11 0.176 0.3 0.028 0.021
11 0.909 0.051 0.068 0.085
2 0.313 0.402 0.038 0.049
2 0.348 0.396 0.034 0.036
2 0.383 0.395 0.04 0.035
2 0.415 0.395 0.032 0.031
2 0.684 0.399 0.039 0.069
2 0.658 0.4 0.019 0.055
2 0.644 0.382 0.014 0.033
2 0.731 0.405 0.063 0.071
2 0.985 0.399 0.029 0.052
2 0.96 0.4 0.021 0.045
2 0.944 0.405 0.022 0.047
2 0.913 0.408 0.033 0.033
2 0.884 0.406 0.039 0.042
8 0.831 0.303 0.017 0.031
11 0.82 0.281 0.025 0.014
2 0.536 0.542 0.334 0.411
7 0.267 0.165 0.016 0.059
8 0.159 0.327 0.009 0.023
11 0.021 0.307 0.018 0.026
