2 0.046 0.59 0.088 0.106
2 0.125 0.594 0.062 0.075
2 0.171 0.595 0.039 0.055
2 0.221 0.568 0.032 0.041
2 0.252 0.586 0.07 0.055
0 0.249 0.556 0.01 0.02
2 0.522 0.546 0.012 0.022
2 0.735 0.552 0.018 0.03
2 0.341 0.569 0.042 0.062
2 0.367 0.566 0.018 0.041
2 0.441 0.559 0.033 0.047
4 0.496 0.548 0.038 0.072
2 0.632 0.584 0.195 0.319
0 0.753 0.53 0.012 0.019
0 0.768 0.528 0.014 0.027
0 0.78 0.537 0.019 0.045
0 0.772 0.612 0.029 0.127
0 0.909 0.563 0.049 0.15
7 0.814 0.284 0.013 0.072
11 0.808 0.185 0.041 0.044
11 0.809 0.229 0.046 0.037
11 0.837 0.281 0.031 0.017
11 0.81 0.357 0.044 0.062
7 0.846 0.43 0.025 0.042
