2 0.425 0.346 0.007 0.014
2 0.419 0.349 0.008 0.011
2 0.424 0.36 0.009 0.014
2 0.416 0.359 0.009 0.009
2 0.411 0.362 0.007 0.012
2 0.405 0.378 0.006 0.015
2 0.411 0.381 0.009 0.012
2 0.425 0.374 0.009 0.017
2 0.436 0.397 0.012 0.022
2 0.453 0.396 0.013 0.021
2 0.417 0.396 0.011 0.018
2 0.427 0.403 0.011 0.012
2 0.44 0.425 0.017 0.024
2 0.421 0.425 0.021 0.031
2 0.394 0.39 0.01 0.018
2 0.388 0.397 0.015 0.021
2 0.393 0.426 0.024 0.04
2 0.37 0.427 0.016 0.032
2 0.361 0.429 0.018 0.032
2 0.351 0.43 0.027 0.035
2 0.344 0.436 0.024 0.035
2 0.316 0.439 0.039 0.052
2 0.297 0.445 0.045 0.056
2 0.228 0.464 0.076 0.084
2 0.459 0.422 0.007 0.021
2 0.464 0.424 0.009 0.02
2 0.479 0.423 0.021 0.034
2 0.488 0.429 0.017 0.037
2 0.497 0.429 0.017 0.043
2 0.513 0.433 0.037 0.05
2 0.565 0.435 0.057 0.105
2 0.627 0.436 0.112 0.139
2 0.707 0.468 0.152 0.163
2 0.871 0.503 0.255 0.264
2 0.034 0.522 0.066 0.165
11 0.042 0.335 0.015 0.066
11 0.791 0.191 0.027 0.047
11 0.788 0.241 0.025 0.058
11 0.764 0.293 0.023 0.034
0 0.295 0.446 0.013 0.069
0 0.719 0.374 0.013 0.029
