2 0.285 0.32 0.021 0.028
2 0.358 0.32 0.018 0.029
2 0.461 0.317 0.014 0.031
2 0.507 0.309 0.018 0.022
2 0.488 0.306 0.019 0.017
2 0.521 0.308 0.019 0.024
2 0.258 0.334 0.033 0.05
2 0.105 0.314 0.065 0.055
2 0.054 0.375 0.107 0.152
2 0.188 0.369 0.178 0.225
2 0.326 0.328 0.06 0.092
2 0.53 0.322 0.023 0.031
2 0.414 0.38 0.128 0.208
2 0.491 0.323 0.025 0.032
0 0.845 0.342 0.046 0.105
7 0.268 0.18 0.008 0.05
7 0.307 0.138 0.007 0.035
7 0.451 0.149 0.006 0.031
7 0.429 0.225 0.005 0.022
7 0.486 0.231 0.004 0.018
10 0.319 0.137 0.013 0.04
10 0.282 0.221 0.006 0.028
10 0.208 0.218 0.007 0.026
11 0.272 0.237 0.019 0.015
11 0.576 0.225 0.022 0.017
11 0.827 0.067 0.054 0.04
11 0.83 0.134 0.028 0.039
11 0.985 0.267 0.028 0.039
10 0.007 0.197 0.014 0.053
10 0.586 0.258 0.018 0.026
0 0.795 0.34 0.038 0.153
0 0.879 0.334 0.04 0.169
0 0.649 0.321 0.015 0.086
0 0.922 0.347 0.045 0.151
0 0.724 0.342 0.024 0.1
0 0.564 0.323 0.016 0.084
0 0.61 0.318 0.014 0.085
0 0.547 0.311 0.013 0.041
0 0.554 0.322 0.021 0.086
0 0.575 0.321 0.014 0.075
0 0.584 0.322 0.013 0.069
0 0.622 0.321 0.014 0.075
0 0.597 0.319 0.015 0.08
0 0.671 0.333 0.029 0.116
0 0.684 0.335 0.021 0.133
0 0.735 0.335 0.018 0.11
0 0.752 0.339 0.022 0.163
0 0.771 0.345 0.018 0.11
0 0.901 0.338 0.021 0.161
0 0.806 0.343 0.028 0.151
