7 0.667 0.375 0.009 0.023
7 0.611 0.39 0.007 0.019
7 0.729 0.378 0.009 0.023
7 0.768 0.382 0.009 0.023
11 0.3 0.309 0.036 0.049
11 0.68 0.377 0.015 0.012
11 0.745 0.274 0.021 0.045
2 0.62 0.436 0.022 0.056
2 0.706 0.424 0.015 0.021
2 0.716 0.42 0.016 0.014
2 0.725 0.433 0.022 0.026
2 0.763 0.435 0.015 0.021
2 0.166 0.438 0.057 0.045
2 0.601 0.424 0.024 0.035
2 0.567 0.442 0.042 0.059
2 0.644 0.447 0.047 0.077
2 0.781 0.438 0.033 0.04
2 0.891 0.653 0.216 0.429
2 0.028 0.438 0.057 0.045
2 0.486 0.424 0.025 0.026
