7 0.434 0.243 0.007 0.028
7 0.404 0.229 0.007 0.03
2 0.403 0.277 0.01 0.017
2 0.383 0.266 0.01 0.013
2 0.374 0.283 0.011 0.022
2 0.392 0.293 0.007 0.024
2 0.405 0.297 0.011 0.024
2 0.363 0.272 0.009 0.022
2 0.355 0.292 0.007 0.017
11 0.338 0.274 0.032 0.035
2 0.298 0.277 0.013 0.022
2 0.277 0.277 0.012 0.013
3 0.245 0.265 0.027 0.024
2 0.22 0.268 0.015 0.013
2 0.265 0.297 0.012 0.015
2 0.249 0.294 0.012 0.017
2 0.236 0.295 0.015 0.02
2 0.224 0.294 0.016 0.022
2 0.209 0.297 0.013 0.02
2 0.196 0.299 0.012 0.02
2 0.187 0.295 0.015 0.02
2 0.176 0.299 0.016 0.02
2 0.158 0.295 0.015 0.02
2 0.141 0.284 0.015 0.015
2 0.116 0.284 0.015 0.011
2 0.122 0.305 0.022 0.017
2 0.066 0.283 0.032 0.026
2 0.058 0.295 0.045 0.044
2 0.018 0.291 0.036 0.045
11 0.123 0.176 0.033 0.022
10 0.233 0.185 0.007 0.03
10 0.146 0.17 0.011 0.035
10 0.529 0.254 0.017 0.015
2 0.476 0.344 0.013 0.035
4 0.461 0.305 0.012 0.035
3 0.432 0.304 0.049 0.102
2 0.451 0.346 0.045 0.057
2 0.375 0.349 0.07 0.102
2 0.526 0.345 0.021 0.033
3 0.77 0.316 0.457 0.631
2 0.543 0.382 0.015 0.063
10 0.097 0.191 0.006 0.031
