7 0.193 0.36 0.012 0.021
7 0.276 0.241 0.009 0.045
7 0.53 0.293 0.011 0.033
7 0.539 0.385 0.015 0.023
10 0.292 0.243 0.011 0.03
8 0.686 0.315 0.028 0.037
10 0.009 0.127 0.015 0.056
11 0.208 0.331 0.024 0.019
11 0.197 0.306 0.02 0.016
11 0.209 0.238 0.015 0.035
11 0.53 0.323 0.021 0.016
11 0.537 0.346 0.015 0.03
11 0.668 0.249 0.037 0.023
11 0.673 0.221 0.012 0.019
11 0.681 0.191 0.025 0.016
0 0.233 0.418 0.025 0.094
0 0.206 0.415 0.021 0.089
0 0.285 0.42 0.016 0.061
0 0.446 0.44 0.012 0.063
0 0.459 0.433 0.018 0.073
2 0.431 0.442 0.025 0.045
2 0.398 0.408 0.045 0.061
2 0.549 0.495 0.141 0.187
2 0.738 0.597 0.41 0.391
2 0.358 0.48 0.165 0.288
2 0.885 0.72 0.228 0.314
0 0.169 0.41 0.016 0.063
