2 0.775 0.458 0.01 0.02
0 0.783 0.473 0.011 0.033
2 0.789 0.471 0.014 0.036
2 0.791 0.471 0.013 0.031
2 0.809 0.479 0.036 0.051
2 0.903 0.529 0.075 0.099
2 0.934 0.551 0.09 0.14
2 0.698 0.473 0.017 0.028
2 0.691 0.478 0.02 0.033
2 0.678 0.475 0.017 0.033
2 0.665 0.481 0.027 0.031
2 0.521 0.48 0.044 0.053
2 0.478 0.502 0.086 0.107
2 0.396 0.525 0.106 0.112
2 0.263 0.532 0.176 0.158
2 0.088 0.587 0.177 0.206
2 0.964 0.584 0.07 0.228
11 0.824 0.426 0.017 0.033
2 0.757 0.469 0.02 0.041
2 0.748 0.474 0.026 0.031
