7 0.522 0.479 0.006 0.01
8 0.411 0.464 0.006 0.012
8 0.424 0.473 0.006 0.011
8 0.438 0.475 0.005 0.01
8 0.461 0.484 0.007 0.011
8 0.471 0.475 0.006 0.014
11 0.688 0.467 0.013 0.016
11 0.473 0.497 0.008 0.019
11 0.327 0.43 0.021 0.012
2 0.417 0.469 0.006 0.01
2 0.408 0.477 0.009 0.011
2 0.435 0.491 0.01 0.015
2 0.457 0.497 0.011 0.012
2 0.482 0.498 0.011 0.017
2 0.5 0.5 0.013 0.017
2 0.525 0.501 0.015 0.022
2 0.617 0.502 0.014 0.019
2 0.6 0.513 0.032 0.04
2 0.394 0.475 0.011 0.01
2 0.385 0.475 0.011 0.01
2 0.417 0.489 0.009 0.011
2 0.411 0.49 0.007 0.012
2 0.408 0.49 0.009 0.007
2 0.407 0.499 0.006 0.011
2 0.401 0.487 0.011 0.009
2 0.391 0.488 0.009 0.014
2 0.399 0.501 0.011 0.02
2 0.384 0.49 0.012 0.011
2 0.377 0.493 0.011 0.016
2 0.39 0.5 0.014 0.019
2 0.38 0.5 0.012 0.019
2 0.426 0.497 0.008 0.01
2 0.42 0.503 0.012 0.016
2 0.359 0.508 0.036 0.041
2 0.312 0.495 0.007 0.016
2 0.264 0.511 0.094 0.09
2 0.197 0.48 0.031 0.016
2 0.171 0.482 0.025 0.021
2 0.142 0.475 0.037 0.016
2 0.109 0.475 0.05 0.02
2 0.072 0.47 0.026 0.019
2 0.137 0.505 0.054 0.047
2 0.194 0.518 0.067 0.064
2 0.055 0.475 0.043 0.017
2 0.087 0.495 0.051 0.024
2 0.068 0.513 0.069 0.044
2 0.019 0.48 0.038 0.032
2 0.032 0.518 0.063 0.052
2 0.842 0.53 0.115 0.075
2 0.922 0.598 0.154 0.214
