2 0.355 0.504 0.045 0.043
2 0.376 0.502 0.026 0.027
2 0.435 0.547 0.03 0.084
2 0.303 0.502 0.055 0.04
2 0.178 0.511 0.038 0.038
2 0.117 0.514 0.08 0.044
2 0.063 0.525 0.025 0.034
4 0.027 0.492 0.054 0.122
2 0.238 0.511 0.082 0.049
2 0.822 0.551 0.199 0.253
2 0.718 0.47 0.033 0.04
2 0.602 0.625 0.395 0.426
2 0.956 0.502 0.088 0.215
11 0.187 0.403 0.02 0.012
11 0.311 0.362 0.01 0.02
11 0.468 0.429 0.017 0.018
11 0.312 0.436 0.013 0.008
8 0.353 0.333 0.011 0.041
8 0.339 0.391 0.007 0.023
8 0.526 0.327 0.008 0.026
7 0.667 0.364 0.01 0.017
7 0.84 0.319 0.018 0.061
