2 0.416 0.459 0.006 0.014
2 0.393 0.464 0.014 0.021
2 0.38 0.462 0.015 0.019
2 0.342 0.471 0.01 0.01
2 0.29 0.468 0.013 0.01
2 0.289 0.478 0.011 0.01
2 0.276 0.476 0.013 0.019
2 0.26 0.477 0.019 0.019
2 0.244 0.475 0.014 0.021
2 0.234 0.481 0.019 0.019
2 0.207 0.481 0.023 0.029
2 0.488 0.442 0.028 0.049
2 0.078 0.502 0.047 0.043
2 0.028 0.472 0.056 0.178
2 0.455 0.458 0.012 0.016
2 0.409 0.463 0.012 0.017
2 0.516 0.456 0.034 0.045
2 0.967 0.485 0.063 0.101
7 0.698 0.259 0.015 0.057
7 0.731 0.318 0.019 0.033
10 0.712 0.322 0.018 0.042
11 0.414 0.44 0.006 0.016
11 0.549 0.387 0.008 0.021
11 0.333 0.388 0.009 0.009
11 0.215 0.374 0.025 0.035
11 0.218 0.405 0.016 0.021
11 0.038 0.354 0.052 0.083
11 0.174 0.454 0.015 0.021
0 0.582 0.453 0.013 0.045
