2 0.269 0.533 0.081 0.077
2 0.34 0.55 0.079 0.126
2 0.432 0.584 0.145 0.224
2 0.796 0.523 0.094 0.059
2 0.668 0.521 0.094 0.065
4 0.93 0.517 0.117 0.066
0 0.021 0.533 0.013 0.061
0 0.041 0.528 0.012 0.062
0 0.142 0.531 0.012 0.066
7 0.419 0.317 0.011 0.047
7 0.269 0.375 0.006 0.036
10 0.278 0.373 0.008 0.029
10 0.263 0.372 0.007 0.031
10 0.408 0.321 0.009 0.051
10 0.43 0.317 0.01 0.045
10 0.63 0.415 0.01 0.036
11 0.55 0.319 0.031 0.018
10 0.553 0.427 0.024 0.038
11 0.227 0.395 0.049 0.017
11 0.2 0.416 0.019 0.01
2 0.774 0.52 0.077 0.054
11 0.234 0.425 0.007 0.016
10 0.202 0.465 0.016 0.016
10 0.456 0.301 0.022 0.04
0 0.944 0.478 0.011 0.014
2 0.959 0.489 0.023 0.021
10 0.503 0.46 0.008 0.012
