7 0.497 0.237 0.006 0.02
2 0.463 0.293 0.014 0.038
2 0.455 0.297 0.018 0.046
2 0.436 0.297 0.039 0.063
2 0.426 0.302 0.039 0.063
2 0.387 0.309 0.082 0.111
1 0.391 0.323 0.041 0.135
6 0.393 0.341 0.037 0.084
2 0.225 0.332 0.093 0.141
2 0.536 0.292 0.018 0.027
2 0.547 0.292 0.026 0.027
2 0.568 0.297 0.027 0.044
2 0.574 0.303 0.032 0.05
2 0.586 0.304 0.028 0.063
2 0.623 0.298 0.073 0.095
2 0.647 0.314 0.057 0.107
0 0.853 0.299 0.025 0.132
4 0.369 0.249 0.08 0.075
4 0.413 0.245 0.031 0.042
7 0.426 0.244 0.009 0.022
2 0.098 0.375 0.196 0.585
2 0.743 0.314 0.165 0.194
1 0.797 0.258 0.028 0.054
3 0.508 0.279 0.046 0.075
2 0.29 0.351 0.151 0.189
