2 0.099 0.626 0.06 0.049
2 0.185 0.622 0.041 0.037
2 0.23 0.621 0.034 0.031
2 0.264 0.619 0.03 0.035
2 0.289 0.617 0.021 0.027
2 0.311 0.612 0.023 0.029
2 0.347 0.614 0.015 0.021
2 0.369 0.612 0.016 0.021
2 0.389 0.607 0.017 0.012
2 0.454 0.606 0.02 0.023
2 0.498 0.604 0.013 0.014
2 0.509 0.606 0.013 0.019
2 0.539 0.604 0.012 0.019
2 0.546 0.612 0.016 0.025
4 0.564 0.605 0.029 0.079
2 0.598 0.612 0.053 0.103
2 0.642 0.638 0.071 0.111
2 0.753 0.693 0.198 0.235
2 0.466 0.625 0.036 0.058
2 0.525 0.629 0.037 0.064
11 0.947 0.493 0.026 0.062
2 0.121 0.586 0.024 0.033
2 0.036 0.614 0.058 0.045
