11 0.675 0.31 0.014 0.036
11 0.676 0.345 0.02 0.031
11 0.677 0.368 0.011 0.019
11 0.677 0.383 0.011 0.017
11 0.702 0.427 0.012 0.024
11 0.604 0.377 0.023 0.014
11 0.504 0.398 0.011 0.014
11 0.504 0.416 0.018 0.026
11 0.518 0.424 0.015 0.022
11 0.363 0.397 0.024 0.029
11 0.373 0.416 0.022 0.015
11 0.448 0.422 0.014 0.019
7 0.448 0.394 0.008 0.024
7 0.575 0.377 0.007 0.027
10 0.441 0.389 0.007 0.031
10 0.435 0.392 0.008 0.027
10 0.639 0.427 0.008 0.029
10 0.646 0.419 0.011 0.029
10 0.685 0.433 0.011 0.02
11 0.812 0.374 0.014 0.022
11 0.651 0.383 0.01 0.029
11 0.625 0.424 0.014 0.014
4 0.579 0.43 0.009 0.029
2 0.579 0.443 0.012 0.02
2 0.586 0.439 0.01 0.02
2 0.591 0.443 0.011 0.02
2 0.6 0.45 0.016 0.029
2 0.605 0.457 0.017 0.026
2 0.583 0.466 0.021 0.039
2 0.526 0.44 0.011 0.012
2 0.502 0.45 0.015 0.02
2 0.488 0.445 0.011 0.015
2 0.476 0.452 0.014 0.022
2 0.488 0.471 0.027 0.043
2 0.462 0.447 0.017 0.026
2 0.468 0.48 0.031 0.048
2 0.437 0.486 0.054 0.066
2 0.35 0.507 0.097 0.099
4 0.555 0.454 0.047 0.087
2 0.514 0.472 0.035 0.058
2 0.551 0.482 0.043 0.078
2 0.629 0.506 0.077 0.102
2 0.676 0.464 0.042 0.036
4 0.741 0.432 0.074 0.105
2 0.72 0.503 0.054 0.083
2 0.854 0.57 0.291 0.384
