11 0.465 0.425 0.014 0.01
11 0.468 0.436 0.018 0.02
11 0.453 0.456 0.01 0.024
2 0.093 0.488 0.143 0.137
2 0.389 0.471 0.01 0.014
2 0.367 0.469 0.029 0.035
2 0.483 0.481 0.022 0.027
2 0.508 0.487 0.021 0.035
2 0.544 0.491 0.018 0.035
2 0.568 0.49 0.024 0.037
2 0.613 0.503 0.013 0.022
2 0.594 0.495 0.025 0.047
2 0.631 0.504 0.018 0.035
2 0.643 0.497 0.009 0.02
2 0.672 0.512 0.032 0.035
2 0.724 0.509 0.024 0.029
2 0.75 0.514 0.033 0.039
2 0.787 0.519 0.038 0.049
2 0.821 0.509 0.036 0.063
2 0.865 0.509 0.065 0.084
2 0.946 0.497 0.107 0.124
2 0.422 0.472 0.026 0.026
2 0.192 0.481 0.037 0.04
2 0.267 0.484 0.02 0.016
