7 0.394 0.17 0.007 0.028
7 0.234 0.143 0.011 0.032
7 0.317 0.249 0.006 0.023
7 0.37 0.259 0.007 0.021
2 0.295 0.308 0.014 0.026
2 0.276 0.313 0.029 0.032
2 0.136 0.32 0.119 0.109
2 0.055 0.346 0.11 0.145
2 0.311 0.306 0.018 0.017
2 0.386 0.299 0.014 0.034
2 0.397 0.301 0.023 0.038
2 0.407 0.31 0.029 0.038
2 0.433 0.314 0.022 0.043
2 0.44 0.329 0.023 0.051
2 0.866 0.281 0.097 0.083
2 0.937 0.272 0.083 0.073
2 0.972 0.295 0.056 0.068
4 0.524 0.245 0.161 0.292
2 0.665 0.391 0.265 0.269
2 0.346 0.328 0.074 0.1
