2 0.93 0.58 0.136 0.19
2 0.024 0.41 0.049 0.136
2 0.142 0.418 0.07 0.063
2 0.823 0.524 0.241 0.195
2 0.65 0.439 0.013 0.054
2 0.627 0.439 0.036 0.054
2 0.185 0.404 0.053 0.068
2 0.221 0.403 0.038 0.056
2 0.254 0.403 0.036 0.042
2 0.274 0.4 0.017 0.028
2 0.29 0.401 0.011 0.03
2 0.492 0.431 0.036 0.045
2 0.473 0.424 0.013 0.04
2 0.463 0.414 0.022 0.047
2 0.445 0.41 0.016 0.035
2 0.335 0.394 0.021 0.03
2 0.351 0.397 0.012 0.023
2 0.384 0.4 0.012 0.019
2 0.407 0.401 0.012 0.016
11 0.06 0.289 0.03 0.052
11 0.508 0.355 0.053 0.019
11 0.295 0.359 0.017 0.03
2 0.062 0.388 0.037 0.056
3 0.42 0.399 0.009 0.017
2 0.429 0.401 0.006 0.014
2 0.968 0.464 0.065 0.153
