11 0.851 0.319 0.1 0.09
11 0.653 0.393 0.021 0.047
11 0.758 0.321 0.013 0.026
11 0.747 0.433 0.042 0.202
11 0.781 0.348 0.022 0.028
11 0.221 0.413 0.033 0.058
11 0.217 0.238 0.018 0.034
11 0.45 0.347 0.009 0.022
10 0.279 0.277 0.011 0.058
7 0.609 0.094 0.027 0.105
7 0.49 0.276 0.011 0.049
8 0.216 0.304 0.02 0.09
2 0.811 0.471 0.09 0.073
2 0.53 0.447 0.016 0.027
2 0.545 0.441 0.008 0.015
2 0.55 0.451 0.012 0.034
2 0.518 0.45 0.017 0.036
2 0.503 0.452 0.026 0.045
2 0.482 0.457 0.041 0.058
2 0.401 0.428 0.017 0.019
2 0.397 0.45 0.014 0.028
2 0.386 0.452 0.017 0.039
2 0.368 0.45 0.025 0.054
2 0.352 0.463 0.044 0.069
2 0.3 0.469 0.117 0.105
3 0.59 0.412 0.077 0.161
2 0.438 0.474 0.086 0.11
2 0.161 0.49 0.202 0.172
2 0.049 0.46 0.042 0.049
2 0.013 0.553 0.022 0.131
11 0.096 0.388 0.045 0.056
10 0.126 0.079 0.024 0.11
8 0.131 0.385 0.009 0.027
