11 0.322 0.472 0.009 0.018
11 0.327 0.49 0.011 0.018
11 0.388 0.477 0.01 0.031
11 0.583 0.339 0.023 0.021
11 0.559 0.358 0.014 0.02
11 0.565 0.422 0.033 0.031
11 0.558 0.451 0.019 0.021
0 0.345 0.528 0.009 0.043
0 0.354 0.531 0.01 0.04
0 0.421 0.555 0.018 0.066
0 0.541 0.579 0.024 0.096
0 0.192 0.526 0.018 0.078
0 0.323 0.596 0.036 0.134
0 0.597 0.688 0.168 0.543
1 0.944 0.632 0.055 0.137
5 0.937 0.692 0.091 0.121
2 0.28 0.516 0.016 0.026
2 0.266 0.516 0.032 0.026
2 0.256 0.58 0.083 0.122
2 0.84 0.659 0.161 0.136
2 0.971 0.653 0.027 0.101
0 0.828 0.574 0.021 0.043
0 0.368 0.536 0.014 0.044
