7 0.079 0.337 0.025 0.102
8 0.116 0.339 0.029 0.102
11 0.088 0.407 0.039 0.031
11 0.986 0.428 0.026 0.024
11 0.978 0.555 0.007 0.016
11 0.655 0.439 0.018 0.009
11 0.821 0.386 0.033 0.036
11 0.401 0.38 0.024 0.059
11 0.402 0.424 0.036 0.026
11 0.118 0.42 0.022 0.016
0 0.352 0.6 0.031 0.161
0 0.187 0.619 0.047 0.204
0 0.107 0.627 0.034 0.166
0 0.055 0.533 0.018 0.036
0 0.133 0.601 0.026 0.163
0 0.155 0.625 0.037 0.172
0 0.222 0.612 0.028 0.159
0 0.203 0.613 0.01 0.166
0 0.521 0.519 0.01 0.023
6 0.938 0.627 0.106 0.111
6 0.923 0.614 0.093 0.102
6 0.893 0.596 0.084 0.09
2 0.525 0.589 0.094 0.132
2 0.612 0.53 0.052 0.083
2 0.664 0.515 0.023 0.031
2 0.745 0.536 0.038 0.054
3 0.735 0.485 0.039 0.101
2 0.772 0.52 0.022 0.031
4 0.859 0.564 0.089 0.109
2 0.814 0.55 0.03 0.057
2 0.683 0.516 0.018 0.016
