8 0.414 0.026 0.03 0.044
8 0.633 0.36 0.015 0.071
8 0.922 0.232 0.049 0.08
8 0.656 0.415 0.019 0.038
7 0.116 0.213 0.016 0.069
7 0.387 0.064 0.032 0.113
8 0.093 0.212 0.021 0.066
11 0.632 0.398 0.025 0.015
11 0.9 0.032 0.058 0.064
11 0.943 0.049 0.11 0.055
11 0.023 0.335 0.037 0.024
11 0.064 0.339 0.022 0.026
2 0.211 0.529 0.162 0.161
2 0.41 0.516 0.085 0.099
2 0.52 0.509 0.032 0.047
2 0.357 0.51 0.045 0.082
2 0.467 0.507 0.03 0.044
2 0.494 0.493 0.013 0.029
0 0.648 0.507 0.029 0.12
0 0.877 0.532 0.069 0.294
0 0.741 0.538 0.084 0.467
0 0.603 0.494 0.022 0.091
0 0.58 0.503 0.016 0.093
0 0.804 0.533 0.068 0.347
0 0.698 0.505 0.03 0.128
7 0.066 0.414 0.021 0.03
11 0.867 0.107 0.055 0.064
