2 0.13 0.612 0.26 0.229
2 0.95 0.771 0.099 0.452
2 0.422 0.613 0.201 0.286
2 0.766 0.597 0.232 0.261
2 0.323 0.568 0.064 0.132
2 0.525 0.544 0.054 0.107
2 0.646 0.552 0.093 0.141
2 0.6 0.549 0.025 0.069
2 0.587 0.54 0.013 0.051
2 0.291 0.549 0.025 0.03
11 0.127 0.409 0.027 0.042
11 0.465 0.324 0.006 0.012
11 0.572 0.145 0.017 0.024
11 0.74 0.374 0.016 0.019
11 0.095 0.174 0.018 0.029
10 0.096 0.226 0.022 0.078
10 0.206 0.387 0.014 0.044
10 0.724 0.358 0.014 0.044
10 0.259 0.41 0.014 0.076
11 0.255 0.351 0.012 0.019
2 0.869 0.51 0.037 0.042
2 0.946 0.505 0.048 0.044
2 0.98 0.497 0.04 0.054
2 0.907 0.489 0.034 0.014
7 0.782 0.437 0.007 0.028
10 0.774 0.438 0.009 0.028
10 0.837 0.415 0.012 0.035
8 0.742 0.405 0.016 0.03
7 0.577 0.198 0.024 0.085
7 0.467 0.355 0.012 0.039
3 0.244 0.555 0.066 0.079
10 0.388 0.457 0.009 0.047
10 0.628 0.462 0.011 0.024
2 0.994 0.526 0.012 0.061
