2 0.043 0.592 0.084 0.284
2 0.152 0.596 0.135 0.16
2 0.403 0.572 0.007 0.02
2 0.396 0.572 0.008 0.017
2 0.39 0.575 0.01 0.025
2 0.37 0.586 0.044 0.061
2 0.476 0.57 0.016 0.019
2 0.479 0.586 0.01 0.031
2 0.497 0.589 0.039 0.059
2 0.516 0.602 0.046 0.065
2 0.443 0.599 0.061 0.099
2 0.3 0.597 0.109 0.137
3 0.438 0.543 0.027 0.021
2 0.598 0.614 0.052 0.125
2 0.784 0.717 0.431 0.564
11 0.035 0.411 0.044 0.097
11 0.151 0.415 0.027 0.019
7 0.316 0.366 0.014 0.05
10 0.329 0.368 0.01 0.044
10 0.473 0.412 0.006 0.036
10 0.482 0.414 0.01 0.035
8 0.57 0.534 0.015 0.021
11 0.657 0.454 0.029 0.019
11 0.561 0.5 0.022 0.015
11 0.569 0.49 0.015 0.012
11 0.137 0.372 0.024 0.015
