7 0.493 0.331 0.009 0.028
7 0.537 0.361 0.015 0.023
8 0.502 0.364 0.007 0.023
8 0.451 0.364 0.011 0.023
11 0.452 0.341 0.011 0.021
2 0.388 0.399 0.025 0.028
2 0.201 0.407 0.067 0.04
2 0.176 0.419 0.065 0.054
2 0.15 0.424 0.066 0.059
2 0.101 0.431 0.123 0.063
2 0.06 0.443 0.119 0.08
2 0.038 0.467 0.077 0.089
2 0.613 0.388 0.049 0.068
2 0.63 0.401 0.032 0.042
2 0.654 0.405 0.047 0.063
2 0.683 0.415 0.063 0.075
2 0.727 0.432 0.076 0.084
2 0.785 0.44 0.1 0.124
2 0.493 0.388 0.013 0.021
2 0.294 0.4 0.026 0.04
2 0.472 0.397 0.032 0.052
2 0.552 0.399 0.02 0.028
4 0.849 0.435 0.121 0.176
