11 0.176 0.337 0.029 0.011
11 0.445 0.355 0.025 0.01
11 0.465 0.372 0.011 0.005
11 0.459 0.382 0.009 0.009
11 0.514 0.38 0.011 0.024
7 0.308 0.345 0.007 0.014
7 0.429 0.348 0.007 0.02
2 0.238 0.418 0.027 0.036
10 0.203 0.339 0.009 0.02
2 0.036 0.427 0.038 0.059
2 0.295 0.41 0.011 0.026
2 0.411 0.408 0.008 0.023
2 0.417 0.414 0.013 0.025
2 0.467 0.447 0.018 0.044
2 0.576 0.474 0.083 0.093
2 0.377 0.383 0.039 0.023
3 0.901 0.264 0.196 0.164
11 0.972 0.162 0.055 0.036
11 0.987 0.125 0.023 0.026
11 0.953 0.102 0.031 0.039
2 0.788 0.637 0.423 0.59
4 0.249 0.394 0.046 0.058
2 0.32 0.417 0.043 0.086
2 0.375 0.445 0.063 0.105
2 0.426 0.422 0.018 0.032
2 0.492 0.449 0.048 0.075
2 0.145 0.472 0.219 0.247
8 0.947 0.301 0.025 0.052
7 0.985 0.3 0.027 0.065
0 0.521 0.436 0.006 0.043
