2 0.217 0.535 0.019 0.025
2 0.19 0.532 0.019 0.041
2 0.165 0.541 0.046 0.05
11 0.307 0.481 0.021 0.032
11 0.374 0.48 0.014 0.016
2 0.392 0.526 0.026 0.039
2 0.367 0.542 0.048 0.076
2 0.302 0.595 0.162 0.172
2 0.439 0.541 0.075 0.133
7 0.429 0.376 0.008 0.032
11 0.479 0.385 0.048 0.014
2 0.601 0.546 0.311 0.509
8 0.189 0.36 0.022 0.024
10 0.28 0.308 0.01 0.03
7 0.326 0.371 0.01 0.04
2 0.048 0.648 0.095 0.598
2 0.785 0.546 0.058 0.069
2 0.928 0.478 0.143 0.195
8 0.226 0.356 0.009 0.025
2 0.967 0.471 0.066 0.082
