7 0.684 0.027 0.027 0.049
10 0.715 0.028 0.02 0.054
8 0.323 0.119 0.017 0.069
7 0.341 0.122 0.02 0.067
10 0.308 0.125 0.012 0.06
8 0.801 0.337 0.019 0.03
7 0.781 0.342 0.008 0.026
7 0.1 0.322 0.006 0.022
8 0.068 0.317 0.016 0.025
11 0.074 0.243 0.023 0.012
11 0.469 0.393 0.008 0.015
2 0.55 0.448 0.063 0.085
2 0.923 0.451 0.152 0.101
2 0.537 0.423 0.056 0.073
2 0.503 0.432 0.012 0.051
2 0.491 0.425 0.011 0.029
2 0.487 0.42 0.013 0.033
2 0.473 0.415 0.019 0.021
2 0.398 0.433 0.018 0.049
2 0.403 0.414 0.02 0.026
2 0.416 0.411 0.014 0.021
2 0.423 0.405 0.011 0.015
2 0.359 0.429 0.065 0.09
2 0.437 0.408 0.01 0.015
8 0.427 0.386 0.005 0.012
8 0.448 0.386 0.005 0.012
0 0.214 0.535 0.092 0.43
0 0.224 0.522 0.125 0.359
0 0.91 0.461 0.051 0.193
0 0.633 0.448 0.018 0.08
