2 0.029 0.487 0.058 0.112
2 0.201 0.47 0.024 0.069
2 0.23 0.457 0.043 0.053
2 0.394 0.416 0.014 0.033
2 0.379 0.423 0.014 0.041
2 0.36 0.429 0.021 0.038
2 0.338 0.428 0.024 0.051
2 0.295 0.456 0.086 0.082
2 0.113 0.501 0.203 0.145
2 0.471 0.406 0.014 0.028
2 0.496 0.423 0.03 0.061
2 0.527 0.397 0.011 0.031
2 0.546 0.387 0.01 0.031
2 0.559 0.395 0.016 0.031
2 0.575 0.402 0.016 0.036
2 0.588 0.406 0.016 0.048
2 0.628 0.4 0.064 0.122
2 0.645 0.424 0.062 0.084
2 0.661 0.443 0.047 0.082
2 0.713 0.451 0.086 0.132
2 0.804 0.474 0.168 0.163
2 0.432 0.461 0.086 0.132
