2 0.022 0.454 0.042 0.163
2 0.801 0.539 0.396 0.396
2 0.357 0.342 0.016 0.032
2 0.065 0.409 0.126 0.151
2 0.16 0.383 0.092 0.1
2 0.211 0.363 0.048 0.073
2 0.236 0.347 0.048 0.075
2 0.269 0.351 0.025 0.063
2 0.283 0.351 0.02 0.049
2 0.296 0.348 0.025 0.029
2 0.311 0.348 0.014 0.029
2 0.322 0.345 0.012 0.032
2 0.331 0.341 0.012 0.029
2 0.337 0.324 0.014 0.024
2 0.61 0.41 0.202 0.274
2 0.512 0.394 0.085 0.17
2 0.451 0.369 0.053 0.08
2 0.432 0.352 0.057 0.085
2 0.402 0.347 0.026 0.051
2 0.39 0.337 0.019 0.027
2 0.368 0.334 0.01 0.019
7 0.353 0.298 0.008 0.022
7 0.381 0.303 0.007 0.027
