2 0.543 0.36 0.025 0.026
2 0.531 0.36 0.011 0.012
2 0.509 0.361 0.031 0.029
2 0.464 0.367 0.061 0.047
2 0.353 0.378 0.092 0.09
2 0.296 0.382 0.049 0.083
2 0.245 0.387 0.062 0.072
4 0.208 0.382 0.044 0.061
2 0.129 0.383 0.134 0.104
2 0.095 0.42 0.161 0.113
2 0.074 0.358 0.046 0.02
4 0.031 0.396 0.062 0.099
11 0.127 0.231 0.254 0.095
2 0.635 0.353 0.009 0.014
2 0.559 0.353 0.01 0.014
2 0.57 0.354 0.012 0.012
2 0.584 0.355 0.007 0.011
2 0.591 0.358 0.009 0.011
2 0.655 0.355 0.007 0.011
11 0.623 0.312 0.023 0.015
11 0.605 0.313 0.01 0.017
11 0.575 0.315 0.031 0.021
4 0.673 0.291 0.022 0.01
4 0.612 0.298 0.028 0.011
4 0.42 0.359 0.043 0.075
2 0.386 0.352 0.027 0.04
4 0.811 0.279 0.027 0.012
11 0.603 0.339 0.006 0.014
11 0.615 0.349 0.006 0.015
4 0.514 0.303 0.032 0.018
