9 0.301 0.481 0.011 0.019
11 0.376 0.499 0.011 0.014
11 0.376 0.484 0.017 0.026
2 0.309 0.516 0.007 0.019
2 0.316 0.519 0.009 0.028
2 0.325 0.514 0.015 0.028
2 0.33 0.52 0.016 0.026
2 0.337 0.523 0.015 0.028
2 0.347 0.525 0.015 0.03
2 0.357 0.523 0.012 0.042
2 0.361 0.526 0.011 0.042
2 0.374 0.519 0.025 0.047
2 0.379 0.529 0.025 0.045
2 0.396 0.533 0.03 0.047
2 0.416 0.542 0.046 0.061
2 0.447 0.549 0.061 0.07
2 0.494 0.563 0.061 0.094
2 0.289 0.511 0.012 0.03
2 0.243 0.525 0.059 0.098
2 0.27 0.518 0.011 0.037
2 0.244 0.544 0.047 0.094
2 0.22 0.55 0.059 0.134
2 0.129 0.614 0.216 0.314
2 0.077 0.726 0.15 0.547
2 0.664 0.572 0.312 0.368
2 0.902 0.638 0.192 0.227
