7 0.272 0.172 0.016 0.069
7 0.641 0.068 0.019 0.085
10 0.287 0.18 0.019 0.076
10 0.261 0.178 0.015 0.078
10 0.62 0.071 0.021 0.073
10 0.656 0.077 0.014 0.071
7 0.173 0.361 0.014 0.033
11 0.148 0.29 0.023 0.023
11 0.155 0.31 0.019 0.017
2 0.443 0.437 0.009 0.021
2 0.435 0.438 0.01 0.017
2 0.426 0.438 0.009 0.024
2 0.418 0.444 0.013 0.021
2 0.452 0.438 0.009 0.019
2 0.46 0.433 0.009 0.014
2 0.47 0.437 0.011 0.021
2 0.484 0.441 0.018 0.023
2 0.5 0.445 0.016 0.036
2 0.527 0.46 0.049 0.068
2 0.406 0.447 0.019 0.035
2 0.37 0.438 0.051 0.076
2 0.062 0.475 0.124 0.146
2 0.89 0.632 0.217 0.393
0 0.203 0.453 0.019 0.092
0 0.252 0.439 0.008 0.04
6 0.248 0.469 0.033 0.043
