2 0.023 0.392 0.045 0.064
2 0.972 0.639 0.052 0.238
2 0.832 0.51 0.333 0.293
2 0.217 0.393 0.059 0.054
2 0.153 0.394 0.058 0.048
2 0.193 0.378 0.026 0.03
2 0.249 0.39 0.022 0.05
2 0.63 0.411 0.047 0.054
2 0.355 0.391 0.03 0.034
2 0.378 0.395 0.018 0.025
2 0.394 0.391 0.018 0.034
2 0.497 0.412 0.016 0.041
2 0.416 0.399 0.016 0.021
2 0.562 0.406 0.012 0.032
2 0.571 0.389 0.012 0.013
2 0.457 0.424 0.076 0.129
2 0.515 0.399 0.022 0.032
2 0.489 0.387 0.013 0.016
11 0.273 0.203 0.022 0.066
11 0.543 0.319 0.031 0.016
7 0.47 0.318 0.005 0.021
7 0.517 0.316 0.006 0.023
10 0.51 0.316 0.004 0.021
10 0.565 0.363 0.01 0.018
0 0.68 0.409 0.027 0.093
10 0.317 0.295 0.005 0.021
10 0.324 0.294 0.007 0.023
11 0.29 0.291 0.015 0.016
10 0.223 0.345 0.008 0.014
