0 0.022 0.648 0.043 0.227
0 0.072 0.65 0.057 0.241
0 0.485 0.537 0.009 0.014
0 0.495 0.536 0.013 0.028
0 0.448 0.542 0.009 0.013
0 0.339 0.563 0.029 0.091
0 0.547 0.555 0.014 0.048
0 0.519 0.558 0.017 0.053
5 0.52 0.569 0.027 0.034
0 0.777 0.541 0.011 0.031
0 0.785 0.543 0.011 0.039
0 0.796 0.545 0.011 0.039
0 0.809 0.547 0.02 0.043
0 0.823 0.552 0.015 0.044
0 0.84 0.551 0.023 0.061
0 0.857 0.545 0.014 0.044
0 0.896 0.555 0.011 0.052
0 0.887 0.555 0.02 0.048
0 0.915 0.55 0.011 0.051
0 0.868 0.594 0.033 0.12
2 0.694 0.57 0.06 0.073
2 0.663 0.533 0.031 0.029
2 0.478 0.597 0.077 0.11
2 0.416 0.61 0.121 0.158
2 0.65 0.591 0.06 0.099
2 0.591 0.587 0.093 0.18
2 0.773 0.644 0.209 0.237
2 0.248 0.693 0.28 0.248
2 0.925 0.769 0.149 0.459
10 0.86 0.369 0.014 0.039
7 0.555 0.437 0.008 0.028
7 0.728 0.421 0.01 0.031
10 0.719 0.424 0.01 0.035
10 0.802 0.443 0.012 0.033
11 0.352 0.39 0.026 0.086
11 0.368 0.373 0.018 0.018
