2 0.516 0.449 0.015 0.016
2 0.529 0.45 0.013 0.018
2 0.539 0.453 0.015 0.02
2 0.557 0.452 0.024 0.031
2 0.566 0.465 0.026 0.029
2 0.598 0.479 0.032 0.04
2 0.638 0.474 0.057 0.092
2 0.676 0.476 0.064 0.105
2 0.451 0.449 0.015 0.02
2 0.437 0.454 0.013 0.027
2 0.423 0.459 0.01 0.031
2 0.411 0.463 0.019 0.036
2 0.388 0.465 0.03 0.052
2 0.381 0.471 0.019 0.034
2 0.361 0.471 0.028 0.052
2 0.342 0.477 0.03 0.054
2 0.317 0.491 0.03 0.052
2 0.27 0.516 0.085 0.087
2 0.712 0.502 0.102 0.121
2 0.473 0.487 0.074 0.092
7 0.471 0.426 0.014 0.016
11 0.838 0.288 0.032 0.036
