0 0.26 0.573 0.011 0.046
0 0.279 0.569 0.007 0.038
0 0.31 0.582 0.014 0.069
0 0.296 0.564 0.013 0.061
0 0.428 0.581 0.014 0.056
0 0.34 0.577 0.01 0.053
0 0.325 0.585 0.011 0.059
0 0.528 0.59 0.014 0.089
0 0.509 0.621 0.024 0.107
0 0.539 0.633 0.027 0.145
0 0.226 0.568 0.007 0.046
0 0.13 0.568 0.021 0.028
2 0.7 0.605 0.145 0.092
2 0.936 0.571 0.026 0.099
2 0.852 0.565 0.162 0.115
2 0.172 0.569 0.029 0.041
2 0.107 0.563 0.024 0.023
2 0.026 0.6 0.052 0.082
2 0.067 0.567 0.027 0.02
2 0.406 0.781 0.331 0.357
8 0.354 0.251 0.014 0.082
8 0.172 0.288 0.014 0.064
10 0.152 0.288 0.017 0.064
11 0.244 0.307 0.07 0.025
11 0.383 0.364 0.036 0.053
11 0.608 0.297 0.037 0.056
11 0.619 0.383 0.063 0.041
11 0.649 0.236 0.052 0.036
11 0.632 0.25 0.037 0.038
10 0.326 0.25 0.019 0.084
2 0.201 0.581 0.043 0.048
