7 0.464 0.27 0.012 0.052
7 0.674 0.307 0.011 0.037
7 0.829 0.393 0.015 0.035
8 0.664 0.309 0.009 0.045
8 0.88 0.393 0.024 0.03
10 0.37 0.289 0.012 0.047
11 0.86 0.281 0.029 0.049
11 0.876 0.327 0.033 0.026
11 0.768 0.297 0.065 0.021
11 0.729 0.439 0.011 0.033
11 0.713 0.446 0.008 0.028
11 0.576 0.397 0.022 0.023
11 0.534 0.411 0.024 0.019
11 0.753 0.416 0.016 0.021
11 0.86 0.352 0.022 0.019
7 0.673 0.402 0.012 0.03
7 0.736 0.418 0.009 0.033
7 0.562 0.404 0.011 0.033
7 0.613 0.419 0.009 0.04
2 0.6 0.495 0.044 0.084
2 0.644 0.486 0.026 0.042
2 0.667 0.465 0.03 0.028
2 0.673 0.51 0.046 0.077
2 0.847 0.597 0.277 0.251
2 0.764 0.484 0.026 0.035
2 0.508 0.61 0.163 0.295
2 0.263 0.551 0.131 0.127
2 0.062 0.531 0.124 0.077
