2 0.592 0.381 0.01 0.013
2 0.58 0.381 0.01 0.013
2 0.566 0.383 0.01 0.017
2 0.582 0.425 0.047 0.068
2 0.54 0.386 0.011 0.015
2 0.527 0.385 0.013 0.013
2 0.501 0.391 0.017 0.017
2 0.484 0.394 0.017 0.023
2 0.447 0.4 0.017 0.021
2 0.118 0.406 0.019 0.013
2 0.149 0.407 0.038 0.023
11 0.661 0.344 0.033 0.06
11 0.651 0.388 0.012 0.023
11 0.618 0.373 0.016 0.015
11 0.943 0.315 0.025 0.051
11 0.944 0.399 0.017 0.028
7 0.578 0.327 0.007 0.021
7 0.543 0.33 0.007 0.021
7 0.409 0.314 0.01 0.028
2 0.347 0.309 0.006 0.023
10 0.324 0.325 0.008 0.017
10 0.302 0.326 0.01 0.015
11 0.085 0.318 0.048 0.062
11 0.085 0.362 0.054 0.023
