7 0.313 0.426 0.011 0.021
11 0.393 0.475 0.013 0.015
11 0.581 0.444 0.011 0.021
11 0.712 0.391 0.017 0.03
11 0.704 0.432 0.01 0.043
11 0.719 0.434 0.014 0.047
2 0.484 0.543 0.02 0.032
2 0.338 0.55 0.063 0.087
2 0.503 0.535 0.025 0.032
2 0.544 0.531 0.038 0.038
2 0.414 0.592 0.141 0.203
0 0.629 0.543 0.008 0.043
0 0.744 0.568 0.013 0.094
0 0.772 0.572 0.028 0.098
0 0.993 0.6 0.012 0.14
0 0.97 0.593 0.032 0.183
0 0.938 0.587 0.029 0.136
0 0.863 0.569 0.02 0.091
0 0.885 0.576 0.019 0.119
0 0.838 0.57 0.025 0.102
0 0.723 0.56 0.014 0.066
0 0.65 0.547 0.012 0.04
0 0.613 0.549 0.013 0.043
0 0.9 0.589 0.029 0.14
7 0.439 0.485 0.01 0.022
