11 0.346 0.247 0.008 0.009
2 0.383 0.301 0.016 0.021
2 0.369 0.309 0.025 0.026
2 0.39 0.312 0.013 0.028
2 0.454 0.315 0.037 0.045
2 0.475 0.322 0.036 0.037
2 0.503 0.325 0.036 0.039
2 0.525 0.347 0.033 0.064
2 0.561 0.362 0.073 0.09
2 0.779 0.358 0.072 0.116
4 0.685 0.403 0.199 0.24
2 0.93 0.392 0.139 0.184
4 0.448 0.3 0.109 0.075
2 0.307 0.294 0.014 0.015
2 0.333 0.3 0.024 0.022
2 0.331 0.319 0.012 0.022
2 0.351 0.326 0.024 0.037
2 0.285 0.299 0.017 0.009
2 0.306 0.31 0.038 0.024
2 0.312 0.341 0.041 0.064
2 0.278 0.345 0.04 0.082
2 0.23 0.302 0.042 0.019
2 0.197 0.325 0.061 0.066
2 0.231 0.353 0.094 0.099
2 0.08 0.371 0.16 0.187
11 0.226 0.247 0.016 0.019
11 0.257 0.263 0.018 0.014
