2 0.911 0.449 0.173 0.255
2 0.724 0.45 0.171 0.145
2 0.468 0.407 0.018 0.035
2 0.448 0.403 0.016 0.028
2 0.431 0.397 0.013 0.021
2 0.425 0.398 0.009 0.019
7 0.482 0.33 0.007 0.023
8 0.524 0.377 0.009 0.023
8 0.272 0.37 0.007 0.019
7 0.34 0.329 0.004 0.021
2 0.228 0.394 0.079 0.047
2 0.255 0.384 0.036 0.066
4 0.176 0.369 0.051 0.021
2 0.22 0.421 0.055 0.077
2 0.133 0.425 0.175 0.129
2 0.207 0.416 0.098 0.073
2 0.075 0.431 0.15 0.141
2 0.021 0.445 0.042 0.131
2 0.344 0.462 0.194 0.262
2 0.481 0.427 0.034 0.056
2 0.5 0.411 0.037 0.049
2 0.537 0.402 0.082 0.049
2 0.576 0.436 0.174 0.103
11 0.095 0.304 0.02 0.038
