2 0.428 0.371 0.012 0.023
2 0.441 0.369 0.016 0.019
2 0.454 0.372 0.018 0.021
2 0.502 0.378 0.027 0.044
2 0.507 0.385 0.02 0.046
2 0.52 0.401 0.032 0.079
2 0.366 0.368 0.015 0.025
2 0.399 0.396 0.059 0.089
2 0.216 0.348 0.04 0.048
2 0.084 0.342 0.048 0.064
2 0.026 0.347 0.052 0.067
3 0.158 0.331 0.113 0.096
4 0.476 0.361 0.034 0.06
2 0.629 0.382 0.019 0.015
2 0.638 0.391 0.019 0.025
2 0.648 0.393 0.02 0.029
2 0.657 0.393 0.018 0.029
2 0.672 0.394 0.022 0.023
2 0.686 0.397 0.022 0.037
2 0.705 0.403 0.027 0.035
2 0.729 0.407 0.035 0.044
2 0.747 0.404 0.037 0.037
2 0.79 0.421 0.102 0.06
2 0.898 0.433 0.042 0.042
2 0.924 0.443 0.049 0.037
2 0.994 0.45 0.008 0.044
2 0.28 0.435 0.213 0.22
2 0.578 0.442 0.121 0.214
