2 0.502 0.462 0.009 0.016
2 0.496 0.478 0.018 0.035
2 0.482 0.467 0.015 0.012
2 0.515 0.483 0.036 0.05
3 0.538 0.453 0.038 0.078
2 0.567 0.474 0.019 0.04
2 0.583 0.477 0.03 0.042
2 0.598 0.485 0.019 0.042
2 0.612 0.484 0.031 0.057
2 0.631 0.487 0.038 0.069
2 0.661 0.491 0.059 0.078
2 0.691 0.506 0.059 0.08
2 0.733 0.516 0.077 0.101
2 0.832 0.516 0.172 0.175
2 0.928 0.568 0.141 0.217
2 0.411 0.478 0.013 0.021
4 0.447 0.457 0.058 0.083
2 0.443 0.478 0.036 0.055
2 0.388 0.484 0.039 0.047
4 0.256 0.476 0.079 0.069
2 0.11 0.508 0.12 0.092
2 0.027 0.519 0.054 0.114
7 0.551 0.383 0.008 0.024
7 0.386 0.398 0.007 0.022
10 0.379 0.398 0.006 0.024
10 0.545 0.386 0.007 0.023
11 0.112 0.36 0.013 0.028
11 0.108 0.388 0.012 0.021
11 0.632 0.425 0.01 0.014
11 0.363 0.439 0.009 0.026
11 0.287 0.346 0.012 0.04
0 0.248 0.486 0.009 0.047
11 0.881 0.336 0.024 0.035
