2 0.253 0.433 0.012 0.035
2 0.239 0.434 0.014 0.043
2 0.226 0.436 0.013 0.055
2 0.205 0.432 0.022 0.069
2 0.172 0.433 0.067 0.096
2 0.39 0.444 0.031 0.047
2 0.428 0.441 0.055 0.081
2 0.132 0.447 0.084 0.087
2 0.701 0.473 0.103 0.09
2 0.817 0.479 0.13 0.099
2 0.854 0.633 0.284 0.389
4 0.321 0.348 0.131 0.34
0 0.524 0.441 0.012 0.078
7 0.766 0.29 0.021 0.061
10 0.789 0.297 0.026 0.057
8 0.019 0.318 0.019 0.034
11 0.039 0.221 0.036 0.02
11 0.038 0.269 0.023 0.018
11 0.744 0.159 0.041 0.054
11 0.753 0.226 0.048 0.031
9 0.402 0.058 0.016 0.096
10 0.415 0.065 0.01 0.073
9 0.206 0.119 0.012 0.067
10 0.219 0.123 0.012 0.066
11 0.494 0.288 0.023 0.018
8 0.507 0.36 0.014 0.026
0 0.024 0.432 0.021 0.09
11 0.942 0.228 0.061 0.184
