11 0.49 0.402 0.028 0.03
11 0.463 0.404 0.024 0.023
11 0.489 0.427 0.041 0.019
2 0.357 0.445 0.02 0.012
2 0.338 0.441 0.016 0.014
2 0.315 0.443 0.029 0.014
2 0.268 0.442 0.017 0.012
2 0.157 0.442 0.037 0.016
2 0.452 0.453 0.013 0.023
2 0.485 0.452 0.007 0.026
2 0.497 0.456 0.015 0.035
2 0.502 0.46 0.013 0.028
2 0.512 0.461 0.012 0.045
2 0.525 0.463 0.021 0.059
2 0.54 0.469 0.033 0.08
2 0.559 0.481 0.04 0.103
2 0.585 0.49 0.051 0.136
2 0.662 0.515 0.171 0.199
3 0.618 0.415 0.07 0.042
4 0.402 0.439 0.015 0.019
2 0.443 0.46 0.018 0.028
2 0.471 0.456 0.018 0.026
2 0.869 0.627 0.261 0.34
