2 0.724 0.451 0.013 0.017
2 0.666 0.464 0.012 0.012
2 0.672 0.467 0.008 0.019
2 0.645 0.477 0.016 0.023
2 0.624 0.478 0.011 0.017
2 0.566 0.483 0.013 0.012
2 0.553 0.489 0.009 0.012
2 0.563 0.504 0.019 0.031
2 0.542 0.49 0.009 0.015
2 0.545 0.497 0.008 0.017
2 0.529 0.493 0.009 0.012
2 0.532 0.502 0.012 0.022
2 0.515 0.493 0.012 0.021
2 0.513 0.497 0.011 0.021
2 0.507 0.497 0.014 0.021
2 0.505 0.501 0.013 0.021
2 0.486 0.49 0.026 0.035
2 0.451 0.489 0.011 0.017
2 0.46 0.49 0.012 0.015
2 0.478 0.515 0.048 0.069
2 0.396 0.491 0.02 0.025
2 0.287 0.488 0.021 0.031
2 0.262 0.489 0.042 0.037
2 0.662 0.535 0.087 0.123
2 0.011 0.472 0.021 0.04
2 0.048 0.48 0.094 0.052
2 0.986 0.737 0.026 0.214
