2 0.483 0.455 0.016 0.02
2 0.495 0.454 0.008 0.018
2 0.503 0.46 0.012 0.023
2 0.509 0.464 0.013 0.027
2 0.523 0.466 0.021 0.039
2 0.525 0.476 0.011 0.034
2 0.538 0.479 0.024 0.046
2 0.55 0.488 0.032 0.052
2 0.57 0.504 0.048 0.064
2 0.597 0.52 0.069 0.075
11 0.168 0.407 0.028 0.044
11 0.331 0.425 0.011 0.018
2 0.388 0.45 0.014 0.025
2 0.385 0.461 0.017 0.032
2 0.376 0.458 0.018 0.025
2 0.363 0.468 0.041 0.046
2 0.344 0.475 0.025 0.043
2 0.297 0.485 0.088 0.055
2 0.296 0.498 0.067 0.06
2 0.231 0.521 0.154 0.089
0 0.457 0.526 0.024 0.073
0 0.448 0.521 0.023 0.078
3 0.424 0.463 0.066 0.13
2 0.932 0.54 0.136 0.114
11 0.643 0.415 0.014 0.05
