7 0.394 0.165 0.019 0.096
7 0.559 0.155 0.018 0.099
10 0.027 0.051 0.048 0.096
10 0.776 0.383 0.023 0.049
10 0.323 0.48 0.013 0.018
2 0.507 0.467 0.007 0.012
2 0.499 0.465 0.008 0.013
2 0.491 0.469 0.009 0.012
2 0.505 0.476 0.007 0.013
2 0.515 0.466 0.007 0.01
2 0.485 0.472 0.01 0.014
2 0.492 0.492 0.01 0.023
2 0.502 0.49 0.013 0.019
2 0.52 0.477 0.012 0.015
2 0.511 0.492 0.009 0.019
2 0.536 0.488 0.017 0.01
2 0.527 0.513 0.041 0.058
2 0.554 0.507 0.019 0.049
2 0.568 0.49 0.014 0.022
2 0.579 0.522 0.053 0.091
2 0.63 0.532 0.089 0.127
2 0.41 0.504 0.018 0.027
2 0.395 0.509 0.021 0.027
2 0.378 0.511 0.024 0.029
2 0.356 0.516 0.026 0.033
2 0.321 0.522 0.03 0.037
2 0.303 0.526 0.028 0.046
2 0.265 0.533 0.051 0.06
2 0.455 0.52 0.079 0.126
2 0.857 0.626 0.285 0.42
2 0.134 0.563 0.099 0.092
0 0.225 0.527 0.012 0.055
0 0.678 0.554 0.035 0.178
0 0.116 0.555 0.03 0.124
11 0.385 0.432 0.013 0.032
10 0.605 0.402 0.013 0.031
10 0.566 0.459 0.01 0.02
11 0.716 0.446 0.039 0.076
