7 0.831 0.142 0.022 0.091
7 0.085 0.019 0.028 0.038
11 0.692 0.42 0.032 0.023
11 0.686 0.397 0.026 0.023
11 0.709 0.377 0.022 0.026
11 0.675 0.365 0.025 0.026
11 0.07 0.249 0.14 0.15
2 0.069 0.55 0.034 0.054
2 0.106 0.554 0.067 0.075
2 0.17 0.535 0.04 0.023
2 0.191 0.584 0.055 0.08
2 0.222 0.55 0.016 0.045
2 0.288 0.552 0.021 0.03
2 0.641 0.591 0.113 0.117
4 0.388 0.531 0.107 0.134
2 0.246 0.555 0.041 0.068
2 0.311 0.549 0.034 0.047
2 0.131 0.605 0.102 0.131
2 0.525 0.631 0.232 0.202
2 0.907 0.616 0.186 0.232
2 0.021 0.588 0.043 0.106
2 0.926 0.625 0.144 0.244
11 0.877 0.374 0.028 0.049
