2 0.248 0.452 0.123 0.124
2 0.493 0.452 0.06 0.087
2 0.414 0.437 0.058 0.088
2 0.751 0.448 0.091 0.095
2 0.961 0.448 0.076 0.081
2 0.836 0.426 0.069 0.063
2 0.895 0.436 0.079 0.064
2 0.609 0.424 0.025 0.037
2 0.624 0.427 0.02 0.041
2 0.689 0.435 0.06 0.078
2 0.572 0.415 0.042 0.032
2 0.379 0.424 0.032 0.066
7 0.18 0.075 0.015 0.089
7 0.401 0.029 0.016 0.057
7 0.489 0.376 0.008 0.017
7 0.668 0.305 0.016 0.038
8 0.155 0.259 0.019 0.035
8 0.18 0.32 0.012 0.024
8 0.421 0.013 0.015 0.024
8 0.387 0.02 0.012 0.039
11 0.158 0.157 0.023 0.067
11 0.515 0.075 0.02 0.079
11 0.554 0.13 0.027 0.015
11 0.646 0.264 0.033 0.021
11 0.575 0.346 0.008 0.017
11 0.498 0.377 0.009 0.009
