10 0.488 0.49 0.009 0.012
10 0.492 0.489 0.007 0.018
10 0.546 0.49 0.009 0.014
11 0.787 0.397 0.025 0.031
11 0.625 0.487 0.018 0.026
2 0.519 0.521 0.015 0.024
2 0.529 0.523 0.008 0.012
2 0.505 0.525 0.013 0.017
2 0.494 0.522 0.012 0.02
2 0.483 0.527 0.012 0.012
2 0.435 0.525 0.013 0.018
2 0.408 0.52 0.013 0.023
2 0.398 0.526 0.013 0.017
2 0.375 0.525 0.014 0.02
2 0.253 0.52 0.039 0.047
2 0.226 0.528 0.03 0.038
2 0.202 0.533 0.03 0.04
2 0.164 0.529 0.063 0.047
2 0.11 0.533 0.062 0.052
2 0.061 0.536 0.059 0.057
2 0.661 0.527 0.021 0.021
2 0.789 0.523 0.025 0.031
2 0.963 0.538 0.053 0.043
2 0.056 0.621 0.112 0.239
