2 0.34 0.407 0.008 0.014
4 0.329 0.4 0.018 0.027
2 0.323 0.407 0.011 0.021
2 0.315 0.41 0.011 0.023
2 0.309 0.412 0.011 0.021
2 0.298 0.412 0.021 0.037
2 0.291 0.414 0.015 0.032
2 0.269 0.421 0.029 0.046
2 0.178 0.455 0.136 0.154
2 0.067 0.455 0.13 0.134
2 0.37 0.412 0.015 0.024
3 0.404 0.39 0.045 0.041
2 0.401 0.418 0.045 0.046
2 0.436 0.419 0.035 0.072
2 0.445 0.433 0.022 0.058
2 0.458 0.437 0.021 0.072
2 0.479 0.432 0.034 0.099
2 0.534 0.442 0.092 0.143
2 0.692 0.471 0.221 0.255
2 0.902 0.381 0.194 0.13
2 0.858 0.582 0.279 0.455
0 0.35 0.405 0.009 0.024
1 0.289 0.417 0.014 0.037
6 0.287 0.435 0.015 0.043
11 0.623 0.241 0.038 0.079
11 0.44 0.349 0.012 0.027
11 0.414 0.356 0.008 0.02
11 0.175 0.367 0.011 0.029
11 0.143 0.37 0.008 0.035
10 0.331 0.358 0.007 0.017
10 0.367 0.362 0.007 0.015
