7 0.629 0.452 0.017 0.028
7 0.747 0.196 0.022 0.086
8 0.269 0.494 0.008 0.011
8 0.307 0.499 0.003 0.012
10 0.508 0.452 0.004 0.02
10 0.619 0.338 0.017 0.064
10 0.754 0.415 0.022 0.058
11 0.037 0.498 0.022 0.106
11 0.336 0.479 0.018 0.009
11 0.156 0.373 0.02 0.015
11 0.586 0.136 0.057 0.069
11 0.619 0.427 0.032 0.018
11 0.633 0.396 0.031 0.015
11 0.745 0.337 0.052 0.037
11 0.776 0.279 0.039 0.028
11 0.918 0.41 0.028 0.034
11 0.967 0.268 0.046 0.029
11 0.974 0.342 0.034 0.119
7 0.328 0.044 0.017 0.089
10 0.345 0.047 0.02 0.091
10 0.009 0.323 0.017 0.084
10 0.474 0.463 0.005 0.014
10 0.475 0.482 0.017 0.011
0 0.686 0.546 0.013 0.078
0 0.765 0.569 0.023 0.139
0 0.573 0.535 0.009 0.041
0 0.584 0.537 0.013 0.058
2 0.48 0.523 0.014 0.026
2 0.48 0.525 0.01 0.021
2 0.417 0.527 0.013 0.023
4 0.388 0.525 0.016 0.031
2 0.374 0.536 0.018 0.023
2 0.314 0.547 0.022 0.044
2 0.297 0.548 0.029 0.049
2 0.403 0.534 0.024 0.034
2 0.355 0.543 0.028 0.037
2 0.266 0.553 0.05 0.066
2 0.491 0.533 0.017 0.031
2 0.46 0.529 0.011 0.02
