11 0.372 0.381 0.024 0.033
2 0.703 0.477 0.023 0.038
2 0.7 0.497 0.016 0.027
2 0.693 0.499 0.01 0.025
2 0.684 0.5 0.018 0.03
2 0.68 0.505 0.013 0.022
2 0.673 0.506 0.013 0.027
2 0.665 0.506 0.018 0.03
2 0.648 0.503 0.022 0.042
2 0.631 0.512 0.024 0.059
2 0.607 0.51 0.036 0.056
2 0.6 0.519 0.031 0.064
2 0.585 0.526 0.034 0.083
2 0.549 0.531 0.076 0.114
2 0.489 0.564 0.092 0.142
2 0.404 0.579 0.17 0.191
2 0.744 0.499 0.024 0.053
2 0.759 0.504 0.015 0.05
2 0.768 0.504 0.02 0.069
2 0.783 0.503 0.022 0.074
2 0.809 0.517 0.036 0.108
2 0.867 0.548 0.1 0.185
2 0.947 0.615 0.104 0.278
