7 0.457 0.601 0.009 0.009
7 0.499 0.602 0.009 0.012
11 0.564 0.494 0.015 0.011
11 0.557 0.514 0.015 0.011
2 0.426 0.591 0.018 0.023
2 0.403 0.593 0.035 0.041
2 0.386 0.596 0.019 0.046
2 0.361 0.593 0.046 0.075
2 0.323 0.611 0.046 0.086
2 0.272 0.616 0.067 0.107
2 0.197 0.651 0.146 0.178
2 0.09 0.688 0.179 0.349
2 0.851 0.679 0.294 0.337
2 0.52 0.591 0.019 0.023
2 0.534 0.593 0.016 0.044
2 0.548 0.598 0.019 0.061
2 0.56 0.603 0.023 0.07
2 0.577 0.603 0.033 0.107
2 0.611 0.606 0.075 0.158
2 0.68 0.632 0.136 0.208
