0 0.72 0.449 0.039 0.17
0 0.624 0.424 0.018 0.067
0 0.511 0.434 0.007 0.035
0 0.517 0.439 0.005 0.029
0 0.537 0.418 0.007 0.025
0 0.547 0.43 0.014 0.052
0 0.369 0.427 0.007 0.04
0 0.373 0.426 0.008 0.029
0 0.32 0.459 0.009 0.048
0 0.331 0.458 0.011 0.058
0 0.279 0.457 0.014 0.056
0 0.306 0.456 0.011 0.042
0 0.31 0.459 0.012 0.044
0 0.248 0.456 0.008 0.058
0 0.239 0.459 0.013 0.056
0 0.228 0.471 0.008 0.04
0 0.217 0.458 0.015 0.054
0 0.073 0.445 0.016 0.025
0 0.028 0.467 0.029 0.064
0 0.524 0.431 0.011 0.054
0 0.348 0.444 0.008 0.052
11 0.512 0.354 0.014 0.017
11 0.784 0.042 0.064 0.083
11 0.804 0.13 0.032 0.06
11 0.805 0.188 0.032 0.06
11 0.688 0.258 0.019 0.033
11 0.689 0.289 0.018 0.029
11 0.476 0.353 0.013 0.015
2 0.438 0.33 0.009 0.019
2 0.444 0.333 0.009 0.017
2 0.431 0.327 0.011 0.012
2 0.438 0.337 0.008 0.017
2 0.435 0.353 0.009 0.023
2 0.427 0.345 0.011 0.017
2 0.426 0.358 0.011 0.012
2 0.445 0.348 0.013 0.015
2 0.455 0.36 0.009 0.012
2 0.437 0.37 0.009 0.017
2 0.447 0.392 0.013 0.015
2 0.436 0.392 0.012 0.019
2 0.448 0.403 0.012 0.023
2 0.429 0.405 0.012 0.023
2 0.427 0.411 0.016 0.015
2 0.424 0.425 0.012 0.023
2 0.413 0.399 0.011 0.017
2 0.468 0.407 0.013 0.023
2 0.451 0.437 0.036 0.058
2 0.412 0.442 0.027 0.04
2 0.133 0.571 0.266 0.272
0 0.626 0.424 0.011 0.069
7 0.345 0.403 0.009 0.025
10 0.321 0.396 0.007 0.02
