10 0.542 0.173 0.01 0.055
11 0.58 0.287 0.014 0.028
2 0.459 0.38 0.012 0.026
4 0.447 0.379 0.01 0.023
2 0.428 0.375 0.012 0.026
2 0.49 0.386 0.012 0.021
2 0.436 0.39 0.014 0.021
2 0.473 0.382 0.014 0.03
4 0.507 0.374 0.022 0.049
4 0.524 0.369 0.012 0.064
4 0.538 0.375 0.016 0.077
4 0.557 0.374 0.025 0.092
4 0.599 0.377 0.078 0.124
5 0.629 0.45 0.031 0.09
1 0.631 0.409 0.028 0.102
2 0.406 0.382 0.012 0.034
2 0.386 0.369 0.029 0.064
2 0.364 0.381 0.029 0.041
2 0.337 0.383 0.036 0.053
2 0.297 0.397 0.065 0.077
2 0.213 0.413 0.076 0.113
2 0.127 0.423 0.125 0.143
2 0.049 0.452 0.098 0.154
2 0.863 0.473 0.273 0.28
