8 0.293 0.345 0.01 0.018
8 0.548 0.283 0.009 0.017
10 0.752 0.251 0.015 0.04
11 0.655 0.334 0.013 0.012
11 0.646 0.366 0.019 0.014
8 0.632 0.388 0.012 0.02
11 0.139 0.26 0.027 0.024
11 0.148 0.293 0.035 0.023
11 0.148 0.31 0.021 0.018
11 0.141 0.363 0.019 0.079
9 0.303 0.388 0.008 0.017
8 0.511 0.383 0.005 0.012
8 0.585 0.38 0.014 0.015
0 0.585 0.454 0.013 0.063
0 0.607 0.455 0.016 0.066
0 0.669 0.477 0.023 0.11
2 0.785 0.45 0.031 0.047
8 0.454 0.381 0.008 0.012
2 0.494 0.41 0.017 0.021
2 0.438 0.426 0.012 0.04
2 0.471 0.412 0.015 0.015
2 0.471 0.43 0.026 0.024
2 0.495 0.437 0.021 0.041
2 0.516 0.447 0.03 0.049
2 0.439 0.447 0.017 0.035
2 0.418 0.44 0.031 0.05
2 0.467 0.511 0.094 0.139
9 0.151 0.387 0.017 0.035
10 0.172 0.387 0.018 0.032
