7 0.792 0.199 0.015 0.073
7 0.103 0.345 0.011 0.058
10 0.192 0.183 0.017 0.075
10 0.167 0.175 0.018 0.067
8 0.095 0.417 0.015 0.031
11 0.118 0.421 0.023 0.031
11 0.139 0.227 0.069 0.037
11 0.108 0.251 0.031 0.02
11 0.113 0.28 0.012 0.011
11 0.118 0.303 0.021 0.021
11 0.282 0.422 0.012 0.031
11 0.432 0.426 0.013 0.031
11 0.522 0.438 0.011 0.034
0 0.816 0.451 0.017 0.029
0 0.215 0.536 0.023 0.098
0 0.291 0.539 0.019 0.127
0 0.269 0.529 0.021 0.131
0 0.978 0.516 0.019 0.096
0 0.934 0.504 0.017 0.078
0 0.863 0.503 0.014 0.034
0 0.991 0.517 0.015 0.107
2 0.654 0.465 0.009 0.015
2 0.651 0.452 0.009 0.014
2 0.642 0.451 0.007 0.014
2 0.637 0.464 0.013 0.009
2 0.633 0.474 0.012 0.014
2 0.633 0.468 0.012 0.005
2 0.632 0.485 0.01 0.012
2 0.626 0.498 0.017 0.032
2 0.648 0.474 0.011 0.011
2 0.649 0.487 0.012 0.02
2 0.647 0.513 0.024 0.038
2 0.623 0.464 0.01 0.014
2 0.612 0.473 0.011 0.012
2 0.597 0.484 0.008 0.014
2 0.584 0.492 0.018 0.026
2 0.59 0.5 0.015 0.02
2 0.612 0.51 0.021 0.035
2 0.69 0.486 0.014 0.02
2 0.709 0.518 0.025 0.035
2 0.738 0.515 0.021 0.035
2 0.76 0.521 0.038 0.052
2 0.834 0.537 0.073 0.088
2 0.483 0.524 0.03 0.056
2 0.455 0.53 0.061 0.063
0 0.415 0.532 0.004 0.027
0 0.491 0.499 0.008 0.023
0 0.564 0.504 0.006 0.035
0 0.734 0.483 0.007 0.031
1 0.889 0.503 0.019 0.04
5 0.89 0.539 0.027 0.04
11 0.959 0.24 0.039 0.018
11 0.958 0.207 0.045 0.018
0 0.393 0.526 0.01 0.039
10 0.586 0.432 0.008 0.019
