11 0.72 0.289 0.049 0.045
10 0.765 0.354 0.013 0.067
0 0.79 0.553 0.037 0.091
0 0.823 0.555 0.028 0.104
0 0.802 0.577 0.036 0.087
0 0.468 0.559 0.041 0.176
0 0.936 0.597 0.039 0.135
5 0.44 0.531 0.023 0.053
1 0.439 0.51 0.021 0.062
11 0.76 0.233 0.044 0.041
11 0.743 0.182 0.01 0.043
11 0.711 0.205 0.026 0.043
11 0.729 0.363 0.06 0.108
2 0.431 0.508 0.05 0.04
2 0.419 0.497 0.025 0.029
2 0.362 0.501 0.022 0.025
2 0.363 0.516 0.017 0.026
2 0.333 0.505 0.049 0.039
2 0.323 0.511 0.017 0.026
2 0.337 0.492 0.015 0.011
2 0.256 0.502 0.051 0.051
2 0.165 0.506 0.042 0.036
2 0.226 0.482 0.017 0.014
2 0.087 0.507 0.102 0.12
2 0.202 0.509 0.094 0.062
2 0.285 0.511 0.073 0.051
10 0.79 0.027 0.035 0.054
11 0.37 0.393 0.013 0.022
