7 0.449 0.381 0.007 0.026
7 0.437 0.422 0.008 0.019
7 0.29 0.431 0.008 0.026
10 0.319 0.366 0.009 0.028
11 0.073 0.087 0.045 0.089
11 0.333 0.332 0.028 0.049
11 0.333 0.374 0.015 0.026
1 0.554 0.466 0.021 0.073
5 0.553 0.487 0.02 0.063
2 0.212 0.455 0.045 0.019
2 0.089 0.502 0.075 0.056
2 0.393 0.466 0.021 0.035
2 0.593 0.456 0.065 0.059
3 0.313 0.439 0.036 0.033
3 0.467 0.439 0.053 0.094
2 0.056 0.465 0.099 0.075
2 0.022 0.467 0.044 0.117
2 0.423 0.488 0.057 0.084
2 0.505 0.474 0.084 0.117
2 0.628 0.483 0.123 0.075
2 0.88 0.597 0.24 0.523
11 0.071 0.022 0.057 0.042
