2 0.943 0.564 0.111 0.219
0 0.626 0.373 0.019 0.045
2 0.722 0.505 0.338 0.27
2 0.511 0.44 0.152 0.151
2 0.381 0.387 0.066 0.095
2 0.35 0.384 0.027 0.072
2 0.338 0.38 0.026 0.06
2 0.319 0.38 0.02 0.052
2 0.261 0.36 0.012 0.021
2 0.242 0.361 0.01 0.019
2 0.232 0.358 0.009 0.016
2 0.222 0.356 0.012 0.025
2 0.206 0.358 0.01 0.021
2 0.187 0.362 0.008 0.021
2 0.195 0.363 0.01 0.019
2 0.159 0.365 0.021 0.027
2 0.175 0.364 0.01 0.021
2 0.081 0.38 0.039 0.045
2 0.122 0.373 0.022 0.039
2 0.107 0.373 0.017 0.035
2 0.052 0.382 0.029 0.049
2 0.021 0.379 0.043 0.072
0 0.731 0.359 0.024 0.076
11 0.729 0.152 0.032 0.048
