2 0.93 0.682 0.137 0.343
2 0.791 0.591 0.3 0.312
2 0.41 0.519 0.163 0.23
2 0.513 0.456 0.047 0.076
2 0.067 0.431 0.044 0.066
2 0.106 0.429 0.056 0.063
2 0.216 0.423 0.049 0.044
2 0.273 0.427 0.021 0.032
2 0.339 0.425 0.04 0.056
2 0.933 0.429 0.13 0.17
11 0.739 0.221 0.052 0.03
11 0.738 0.258 0.026 0.037
11 0.164 0.278 0.028 0.017
11 0.177 0.317 0.029 0.02
7 0.484 0.218 0.023 0.052
7 0.435 0.372 0.013 0.025
7 0.374 0.367 0.013 0.025
7 0.426 0.393 0.013 0.02
11 0.308 0.384 0.017 0.032
8 0.59 0.37 0.03 0.029
8 0.722 0.316 0.015 0.049
7 0.198 0.132 0.027 0.051
8 0.181 0.1 0.015 0.032
2 0.023 0.429 0.044 0.074
2 0.487 0.446 0.017 0.056
