11 0.03 0.132 0.06 0.045
11 0.015 0.364 0.03 0.021
11 0.014 0.425 0.023 0.088
11 0.024 0.321 0.018 0.023
11 0.862 0.382 0.031 0.102
7 0.867 0.292 0.012 0.064
7 0.893 0.458 0.018 0.035
8 0.877 0.46 0.01 0.029
8 0.022 0.037 0.025 0.075
2 0.193 0.645 0.385 0.586
2 0.962 0.731 0.072 0.265
2 0.726 0.626 0.217 0.267
2 0.496 0.564 0.036 0.043
2 0.453 0.561 0.028 0.049
2 0.531 0.568 0.03 0.036
2 0.407 0.564 0.051 0.067
2 0.555 0.559 0.021 0.047
2 0.628 0.585 0.05 0.061
4 0.596 0.567 0.045 0.066
0 0.846 0.609 0.02 0.133
0 0.823 0.581 0.015 0.072
