7 0.669 0.191 0.019 0.07
10 0.652 0.192 0.013 0.065
10 0.684 0.191 0.013 0.067
10 0.82 0.558 0.003 0.018
7 0.863 0.431 0.03 0.044
10 0.147 0.447 0.023 0.033
7 0.513 0.456 0.011 0.02
7 0.63 0.471 0.011 0.02
0 0.845 0.557 0.028 0.103
2 0.551 0.526 0.012 0.013
2 0.544 0.53 0.01 0.013
2 0.535 0.529 0.013 0.018
2 0.524 0.53 0.013 0.016
2 0.512 0.532 0.017 0.018
2 0.505 0.538 0.011 0.016
2 0.473 0.536 0.021 0.033
2 0.455 0.537 0.023 0.038
2 0.44 0.544 0.027 0.042
2 0.423 0.545 0.03 0.044
2 0.401 0.546 0.027 0.046
2 0.601 0.531 0.017 0.039
2 0.573 0.537 0.037 0.057
2 0.636 0.55 0.075 0.109
2 0.696 0.548 0.051 0.06
2 0.881 0.526 0.061 0.056
2 0.893 0.53 0.069 0.054
2 0.923 0.534 0.107 0.065
2 0.918 0.55 0.062 0.047
2 0.964 0.534 0.07 0.088
2 0.281 0.556 0.225 0.214
10 0.191 0.042 0.021 0.085
10 0.141 0.042 0.019 0.085
7 0.159 0.045 0.016 0.09
