2 0.408 0.48 0.008 0.017
2 0.42 0.487 0.011 0.019
2 0.435 0.496 0.009 0.035
2 0.445 0.5 0.01 0.041
2 0.458 0.502 0.016 0.047
2 0.484 0.502 0.033 0.061
2 0.52 0.511 0.055 0.069
2 0.857 0.605 0.281 0.368
2 0.327 0.495 0.011 0.029
2 0.316 0.494 0.01 0.03
2 0.299 0.494 0.023 0.037
2 0.277 0.496 0.02 0.056
2 0.252 0.496 0.034 0.074
2 0.205 0.5 0.076 0.083
1 0.601 0.511 0.066 0.268
5 0.604 0.6 0.073 0.213
2 0.367 0.487 0.026 0.034
1 0.402 0.485 0.009 0.027
5 0.401 0.502 0.013 0.024
8 0.907 0.266 0.034 0.061
2 0.347 0.489 0.013 0.024
11 0.546 0.382 0.014 0.025
11 0.577 0.384 0.014 0.024
7 0.404 0.446 0.008 0.017
7 0.394 0.448 0.009 0.019
11 0.872 0.412 0.015 0.029
7 0.453 0.23 0.013 0.044
