7 0.513 0.314 0.018 0.079
7 0.629 0.308 0.019 0.075
8 0.45 0.501 0.012 0.021
8 0.51 0.526 0.011 0.021
8 0.536 0.529 0.009 0.019
8 0.795 0.451 0.014 0.021
8 0.781 0.456 0.015 0.029
11 0.44 0.514 0.019 0.017
11 0.72 0.501 0.019 0.037
11 0.721 0.533 0.011 0.025
11 0.595 0.566 0.006 0.017
7 0.477 0.561 0.009 0.019
11 0.376 0.543 0.013 0.021
11 0.622 0.557 0.006 0.017
2 0.516 0.6 0.012 0.023
2 0.524 0.602 0.013 0.023
2 0.504 0.588 0.012 0.019
2 0.492 0.592 0.012 0.015
2 0.488 0.604 0.016 0.023
2 0.469 0.603 0.016 0.025
2 0.445 0.608 0.014 0.023
2 0.434 0.605 0.016 0.029
2 0.426 0.606 0.015 0.027
2 0.417 0.605 0.012 0.029
2 0.308 0.626 0.062 0.079
2 0.267 0.627 0.039 0.064
2 0.12 0.656 0.091 0.102
2 0.194 0.647 0.132 0.129
2 0.369 0.611 0.082 0.123
2 0.629 0.602 0.047 0.069
2 0.538 0.608 0.018 0.019
11 0.29 0.555 0.009 0.021
