11 0.316 0.214 0.106 0.191
11 0.546 0.25 0.013 0.031
11 0.548 0.286 0.016 0.038
2 0.134 0.322 0.039 0.04
2 0.338 0.342 0.051 0.044
2 0.309 0.35 0.069 0.063
2 0.496 0.328 0.027 0.027
2 0.527 0.331 0.033 0.031
2 0.556 0.316 0.021 0.021
2 0.435 0.326 0.027 0.018
2 0.601 0.318 0.027 0.029
2 0.663 0.324 0.029 0.041
2 0.681 0.313 0.017 0.021
2 0.747 0.307 0.011 0.015
2 0.756 0.311 0.014 0.015
2 0.633 0.342 0.05 0.067
2 0.698 0.32 0.023 0.031
2 0.735 0.313 0.024 0.026
2 0.252 0.334 0.034 0.024
2 0.59 0.326 0.028 0.032
