2 0.017 0.726 0.034 0.148
2 0.983 0.674 0.03 0.182
7 0.113 0.363 0.009 0.044
7 0.203 0.344 0.015 0.058
7 0.231 0.375 0.008 0.05
7 0.396 0.32 0.009 0.046
7 0.496 0.348 0.008 0.041
7 0.795 0.419 0.011 0.023
7 0.618 0.432 0.009 0.04
0 0.017 0.506 0.033 0.16
2 0.345 0.48 0.017 0.037
2 0.325 0.484 0.023 0.032
2 0.304 0.481 0.019 0.038
2 0.28 0.465 0.039 0.018
2 0.285 0.498 0.064 0.058
2 0.273 0.531 0.076 0.114
2 0.17 0.566 0.213 0.227
2 0.371 0.487 0.026 0.038
2 0.395 0.487 0.029 0.04
2 0.453 0.502 0.021 0.056
2 0.481 0.498 0.033 0.043
2 0.527 0.51 0.026 0.049
2 0.426 0.512 0.058 0.088
2 0.495 0.528 0.056 0.093
2 0.565 0.52 0.051 0.072
2 0.639 0.495 0.024 0.021
2 0.623 0.55 0.068 0.107
2 0.939 0.567 0.118 0.171
2 0.702 0.584 0.185 0.223
4 0.861 0.579 0.185 0.206
11 0.306 0.181 0.095 0.072
11 0.433 0.221 0.075 0.059
11 0.643 0.276 0.1 0.063
