11 0.651 0.035 0.053 0.069
11 0.703 0.056 0.035 0.036
11 0.682 0.129 0.053 0.033
11 0.692 0.094 0.013 0.028
11 0.768 0.056 0.033 0.061
11 0.755 0.118 0.023 0.049
11 0.786 0.122 0.028 0.071
11 0.535 0.278 0.023 0.021
11 0.119 0.173 0.023 0.036
11 0.097 0.254 0.014 0.04
11 0.097 0.301 0.02 0.016
10 0.102 0.378 0.012 0.021
8 0.177 0.2 0.018 0.069
7 0.158 0.201 0.015 0.062
7 0.394 0.233 0.019 0.052
10 0.719 0.265 0.021 0.054
10 0.702 0.259 0.017 0.057
0 0.722 0.399 0.021 0.087
0 0.701 0.4 0.022 0.088
2 0.358 0.398 0.017 0.035
2 0.329 0.406 0.057 0.097
2 0.209 0.429 0.104 0.135
2 0.122 0.45 0.081 0.088
2 0.266 0.457 0.128 0.151
2 0.053 0.501 0.106 0.248
2 0.473 0.566 0.317 0.43
5 0.644 0.423 0.019 0.066
5 0.679 0.417 0.05 0.061
2 0.869 0.403 0.145 0.097
2 0.926 0.403 0.147 0.125
