4 0.456 0.533 0.063 0.122
2 0.506 0.599 0.021 0.025
2 0.411 0.625 0.183 0.361
2 0.842 0.732 0.314 0.367
5 0.294 0.672 0.043 0.079
5 0.281 0.674 0.034 0.104
5 0.284 0.678 0.032 0.122
5 0.269 0.682 0.017 0.14
5 0.262 0.697 0.017 0.145
5 0.241 0.701 0.026 0.143
5 0.216 0.72 0.044 0.15
5 0.182 0.746 0.043 0.15
5 0.15 0.76 0.085 0.209
5 0.105 0.753 0.095 0.222
5 0.06 0.776 0.075 0.252
5 0.031 0.807 0.062 0.293
8 0.561 0.514 0.009 0.016
7 0.572 0.515 0.009 0.018
11 0.567 0.504 0.017 0.011
11 0.374 0.49 0.021 0.023
