8 0.526 0.53 0.013 0.066
10 0.51 0.544 0.013 0.07
8 0.232 0.273 0.018 0.105
10 0.193 0.272 0.021 0.117
7 0.376 0.754 0.008 0.035
7 0.297 0.736 0.009 0.033
8 0.334 0.766 0.007 0.023
8 0.306 0.762 0.005 0.023
8 0.316 0.783 0.007 0.023
8 0.338 0.777 0.005 0.021
8 0.607 0.762 0.012 0.033
8 0.075 0.663 0.018 0.037
2 0.337 0.795 0.015 0.033
2 0.323 0.797 0.015 0.014
2 0.303 0.797 0.011 0.037
2 0.292 0.795 0.013 0.042
2 0.28 0.795 0.016 0.047
2 0.261 0.797 0.024 0.061
2 0.228 0.804 0.037 0.07
2 0.176 0.81 0.083 0.091
2 0.367 0.799 0.042 0.052
2 0.385 0.812 0.024 0.054
2 0.415 0.821 0.037 0.068
2 0.462 0.844 0.033 0.066
2 0.499 0.864 0.088 0.087
11 0.107 0.618 0.035 0.029
11 0.598 0.687 0.023 0.023
