7 0.414 0.327 0.011 0.026
7 0.533 0.352 0.008 0.019
7 0.507 0.361 0.007 0.019
7 0.593 0.351 0.011 0.026
11 0.572 0.371 0.011 0.019
11 0.572 0.35 0.011 0.019
11 0.541 0.334 0.012 0.021
2 0.545 0.4 0.007 0.021
2 0.553 0.4 0.013 0.026
2 0.365 0.425 0.028 0.037
2 0.34 0.428 0.03 0.045
2 0.315 0.424 0.03 0.059
2 0.282 0.432 0.053 0.066
2 0.119 0.466 0.079 0.11
2 0.084 0.465 0.091 0.089
4 0.047 0.435 0.094 0.19
2 0.192 0.466 0.17 0.148
2 0.47 0.416 0.024 0.03
2 0.512 0.407 0.016 0.021
2 0.562 0.404 0.02 0.028
2 0.591 0.406 0.028 0.042
2 0.647 0.411 0.047 0.061
2 0.405 0.417 0.042 0.054
