7 0.365 0.422 0.007 0.021
7 0.423 0.435 0.008 0.021
7 0.472 0.464 0.008 0.021
7 0.585 0.427 0.015 0.036
10 0.307 0.417 0.008 0.024
10 0.572 0.451 0.007 0.026
10 0.177 0.335 0.011 0.036
10 0.057 0.352 0.012 0.038
11 0.161 0.334 0.015 0.028
11 0.12 0.361 0.036 0.02
11 0.229 0.457 0.017 0.018
11 0.289 0.476 0.008 0.026
11 0.342 0.487 0.009 0.018
10 0.027 0.404 0.008 0.028
11 0.039 0.415 0.009 0.015
10 0.068 0.468 0.007 0.029
2 0.321 0.507 0.012 0.015
2 0.31 0.505 0.008 0.016
2 0.214 0.508 0.013 0.018
2 0.23 0.506 0.021 0.02
2 0.558 0.509 0.035 0.036
2 0.107 0.509 0.02 0.028
2 0.067 0.504 0.058 0.054
2 0.132 0.509 0.037 0.039
2 0.156 0.514 0.015 0.016
2 0.263 0.505 0.012 0.02
2 0.422 0.505 0.01 0.016
2 0.278 0.505 0.021 0.023
2 0.238 0.508 0.022 0.016
2 0.3 0.507 0.01 0.013
2 0.41 0.506 0.018 0.034
2 0.375 0.506 0.044 0.073
2 0.523 0.518 0.055 0.071
