9 0.293 0.208 0.011 0.045
9 0.725 0.242 0.012 0.037
9 0.749 0.327 0.011 0.035
9 0.127 0.324 0.012 0.023
10 0.283 0.206 0.012 0.04
11 0.147 0.289 0.025 0.019
11 0.237 0.208 0.037 0.035
11 0.752 0.21 0.032 0.035
11 0.746 0.252 0.017 0.021
11 0.733 0.193 0.018 0.019
9 0.566 0.207 0.013 0.033
8 0.791 0.122 0.016 0.047
0 0.273 0.435 0.018 0.077
0 0.123 0.431 0.02 0.087
0 0.101 0.424 0.015 0.059
0 0.065 0.446 0.018 0.075
0 0.667 0.426 0.018 0.091
0 0.636 0.413 0.013 0.066
0 0.614 0.415 0.009 0.042
0 0.241 0.439 0.017 0.08
0 0.197 0.42 0.018 0.062
0 0.18 0.44 0.015 0.082
2 0.652 0.416 0.044 0.085
2 0.711 0.413 0.069 0.103
0 0.69 0.412 0.024 0.1
0 0.723 0.408 0.026 0.103
2 0.509 0.461 0.137 0.199
2 0.57 0.419 0.016 0.045
2 0.812 0.413 0.091 0.122
4 0.394 0.413 0.03 0.066
4 0.926 0.315 0.147 0.628
0 0.037 0.442 0.026 0.101
0 0.015 0.448 0.025 0.103
