8 0.332 0.121 0.009 0.025
8 0.351 0.123 0.014 0.021
8 0.467 0.126 0.013 0.019
8 0.3 0.147 0.012 0.023
8 0.28 0.134 0.009 0.015
8 0.008 0.107 0.015 0.027
11 0.22 0.135 0.014 0.029
11 0.569 0.155 0.011 0.027
8 0.757 0.152 0.006 0.021
8 0.778 0.152 0.012 0.021
8 0.055 0.119 0.007 0.017
2 0.339 0.174 0.028 0.031
2 0.361 0.172 0.026 0.035
2 0.523 0.217 0.098 0.135
2 0.53 0.163 0.026 0.035
2 0.469 0.216 0.13 0.137
2 0.652 0.229 0.088 0.1
2 0.744 0.263 0.173 0.089
2 0.883 0.291 0.197 0.158
2 0.95 0.288 0.097 0.164
2 0.892 0.514 0.213 0.474
2 0.28 0.232 0.08 0.11
2 0.244 0.203 0.06 0.081
1 0.083 0.244 0.063 0.21
5 0.099 0.284 0.11 0.139
2 0.043 0.403 0.085 0.364
2 0.383 0.417 0.311 0.468
1 0.251 0.227 0.03 0.113
