11 0.398 0.458 0.019 0.014
11 0.417 0.471 0.016 0.01
2 0.307 0.543 0.017 0.016
2 0.355 0.519 0.01 0.016
2 0.35 0.527 0.016 0.014
11 0.335 0.49 0.023 0.017
11 0.35 0.49 0.022 0.016
2 0.382 0.482 0.009 0.014
2 0.39 0.486 0.009 0.012
2 0.402 0.489 0.014 0.021
2 0.416 0.497 0.015 0.023
2 0.433 0.503 0.019 0.043
2 0.443 0.523 0.027 0.097
2 0.475 0.519 0.069 0.078
2 0.537 0.501 0.038 0.024
2 0.584 0.548 0.065 0.09
2 0.621 0.538 0.025 0.068
2 0.509 0.594 0.144 0.204
2 0.713 0.559 0.184 0.227
2 0.275 0.541 0.019 0.015
2 0.9 0.698 0.197 0.419
