2 0.072 0.672 0.144 0.453
0 0.136 0.518 0.019 0.084
2 0.799 0.607 0.297 0.293
2 0.602 0.495 0.043 0.068
2 0.5 0.506 0.064 0.116
2 0.438 0.489 0.04 0.066
2 0.571 0.495 0.032 0.04
2 0.469 0.49 0.011 0.021
2 0.457 0.482 0.009 0.022
7 0.26 0.377 0.014 0.033
7 0.33 0.358 0.01 0.03
7 0.386 0.457 0.007 0.018
7 0.403 0.458 0.007 0.018
7 0.455 0.443 0.008 0.013
7 0.514 0.383 0.009 0.025
7 0.569 0.379 0.011 0.026
7 0.53 0.439 0.007 0.013
8 0.128 0.372 0.014 0.047
8 0.121 0.434 0.008 0.024
8 0.26 0.409 0.009 0.024
8 0.255 0.449 0.014 0.03
8 0.338 0.337 0.007 0.019
8 0.321 0.341 0.008 0.023
10 0.141 0.326 0.017 0.048
10 0.683 0.357 0.01 0.03
11 0.359 0.285 0.046 0.055
11 0.604 0.392 0.016 0.02
11 0.586 0.388 0.019 0.016
10 0.669 0.354 0.011 0.033
11 0.304 0.358 0.014 0.03
11 0.553 0.44 0.009 0.008
11 0.43 0.441 0.013 0.007
11 0.377 0.459 0.007 0.016
11 0.332 0.446 0.008 0.018
11 0.336 0.432 0.008 0.023
11 0.318 0.35 0.01 0.026
