0 0.59 0.442 0.073 0.317
1 0.106 0.36 0.017 0.026
1 0.129 0.358 0.018 0.034
5 0.108 0.4 0.016 0.045
5 0.129 0.398 0.017 0.036
10 0.014 0.289 0.013 0.019
10 0.016 0.315 0.01 0.019
0 0.181 0.372 0.018 0.07
0 0.195 0.373 0.01 0.06
0 0.214 0.369 0.014 0.064
0 0.291 0.358 0.007 0.034
0 0.432 0.361 0.008 0.038
3 0.362 0.341 0.051 0.085
3 0.398 0.342 0.019 0.049
2 0.412 0.344 0.011 0.015
2 0.325 0.357 0.031 0.028
7 0.657 0.268 0.019 0.026
7 0.419 0.147 0.01 0.047
11 0.419 0.144 0.031 0.053
11 0.456 0.141 0.031 0.055
11 0.658 0.234 0.016 0.026
0 0.668 0.377 0.018 0.111
0 0.688 0.381 0.023 0.145
0 0.71 0.371 0.017 0.119
0 0.73 0.362 0.017 0.077
0 0.847 0.371 0.031 0.166
0 0.884 0.356 0.029 0.102
0 0.873 0.357 0.017 0.1
0 0.947 0.381 0.024 0.102
10 0.57 0.102 0.011 0.057
11 0.577 0.104 0.023 0.057
