7 0.27 0.423 0.007 0.027
7 0.413 0.439 0.006 0.022
10 0.279 0.425 0.007 0.025
10 0.42 0.442 0.007 0.023
10 0.398 0.498 0.005 0.016
11 0.229 0.46 0.012 0.013
11 0.236 0.474 0.017 0.015
11 0.231 0.502 0.01 0.013
11 0.438 0.452 0.037 0.033
11 0.489 0.43 0.012 0.018
11 0.484 0.451 0.017 0.014
11 0.486 0.468 0.02 0.019
10 0.169 0.497 0.02 0.023
10 0.491 0.491 0.014 0.021
0 0.134 0.561 0.016 0.059
2 0.16 0.553 0.069 0.054
0 0.218 0.546 0.011 0.048
0 0.265 0.549 0.008 0.048
2 0.317 0.549 0.014 0.019
2 0.303 0.546 0.012 0.03
11 0.31 0.514 0.018 0.018
2 0.277 0.55 0.038 0.041
2 0.37 0.547 0.013 0.024
2 0.422 0.546 0.014 0.018
2 0.494 0.549 0.029 0.068
2 0.528 0.546 0.042 0.092
2 0.555 0.552 0.056 0.108
2 0.604 0.561 0.095 0.133
2 0.34 0.547 0.016 0.016
2 0.353 0.546 0.014 0.018
2 0.396 0.547 0.042 0.064
2 0.447 0.548 0.016 0.02
2 0.438 0.543 0.012 0.03
2 0.739 0.562 0.227 0.246
