2 0.11 0.795 0.076 0.054
2 0.053 0.793 0.072 0.039
0 0.276 0.804 0.023 0.077
7 0.446 0.752 0.011 0.009
7 0.602 0.685 0.013 0.022
7 0.325 0.674 0.013 0.026
11 0.447 0.768 0.017 0.017
11 0.466 0.767 0.018 0.017
11 0.726 0.732 0.02 0.015
11 0.945 0.73 0.034 0.015
11 0.95 0.769 0.017 0.045
2 0.406 0.807 0.013 0.019
2 0.395 0.812 0.017 0.041
2 0.379 0.814 0.023 0.056
2 0.457 0.808 0.014 0.013
2 0.474 0.824 0.026 0.034
2 0.486 0.826 0.026 0.056
2 0.432 0.806 0.011 0.017
2 0.649 0.871 0.103 0.118
2 0.197 0.894 0.139 0.178
2 0.363 0.821 0.043 0.054
2 0.442 0.828 0.035 0.036
2 0.545 0.868 0.116 0.174
2 0.085 0.906 0.17 0.183
2 0.808 0.878 0.171 0.161
8 0.919 0.768 0.013 0.024
7 0.249 0.592 0.016 0.043
11 0.059 0.658 0.052 0.039
8 0.434 0.766 0.009 0.022
8 0.526 0.756 0.015 0.01
