7 0.812 0.191 0.026 0.09
7 0.306 0.026 0.02 0.045
10 0.327 0.024 0.013 0.045
11 0.11 0.153 0.059 0.051
11 0.106 0.213 0.042 0.073
10 0.07 0.262 0.032 0.052
11 0.972 0.258 0.051 0.081
11 0.858 0.272 0.047 0.064
11 0.285 0.33 0.018 0.03
11 0.611 0.385 0.017 0.028
11 0.519 0.413 0.013 0.024
7 0.466 0.395 0.008 0.021
7 0.392 0.38 0.008 0.024
8 0.346 0.371 0.008 0.022
11 0.281 0.383 0.017 0.028
11 0.3 0.395 0.014 0.017
2 0.387 0.444 0.016 0.026
2 0.416 0.455 0.034 0.062
2 0.439 0.472 0.033 0.058
2 0.588 0.497 0.089 0.094
2 0.351 0.433 0.019 0.034
2 0.316 0.448 0.023 0.056
2 0.273 0.45 0.074 0.105
2 0.383 0.458 0.026 0.039
2 0.494 0.476 0.105 0.165
2 0.763 0.587 0.367 0.322
