2 0.439 0.438 0.015 0.034
2 0.424 0.438 0.013 0.045
2 0.398 0.435 0.039 0.077
2 0.378 0.451 0.039 0.093
2 0.339 0.462 0.054 0.109
2 0.312 0.486 0.079 0.14
2 0.208 0.524 0.188 0.217
2 0.482 0.439 0.01 0.021
2 0.491 0.437 0.015 0.026
2 0.502 0.437 0.012 0.037
2 0.509 0.447 0.012 0.037
2 0.538 0.435 0.049 0.077
2 0.078 0.588 0.156 0.445
2 0.57 0.462 0.068 0.087
2 0.694 0.499 0.162 0.177
2 0.461 0.434 0.022 0.037
2 0.822 0.454 0.127 0.13
2 0.938 0.443 0.121 0.183
11 0.511 0.386 0.009 0.026
8 0.436 0.389 0.009 0.021
