8 0.315 0.427 0.008 0.019
8 0.425 0.438 0.009 0.021
11 0.082 0.354 0.021 0.037
11 0.667 0.457 0.021 0.047
8 0.229 0.475 0.012 0.016
8 0.234 0.457 0.008 0.019
11 0.257 0.466 0.011 0.021
11 0.444 0.477 0.009 0.021
11 0.303 0.459 0.012 0.012
11 0.407 0.463 0.025 0.021
0 0.044 0.496 0.018 0.049
0 0.447 0.508 0.008 0.026
1 0.891 0.617 0.069 0.192
5 0.902 0.64 0.09 0.164
2 0.274 0.521 0.017 0.042
2 0.316 0.509 0.017 0.037
2 0.254 0.511 0.028 0.07
2 0.241 0.517 0.029 0.063
2 0.22 0.521 0.038 0.084
2 0.193 0.524 0.046 0.101
2 0.466 0.528 0.02 0.047
2 0.486 0.532 0.033 0.047
2 0.505 0.536 0.032 0.045
2 0.531 0.54 0.033 0.066
2 0.56 0.538 0.049 0.073
2 0.596 0.545 0.066 0.082
2 0.644 0.552 0.078 0.091
2 0.723 0.556 0.133 0.141
2 0.852 0.585 0.169 0.157
2 0.961 0.667 0.076 0.096
2 0.41 0.508 0.02 0.026
2 0.303 0.524 0.036 0.049
2 0.137 0.528 0.105 0.127
2 0.399 0.501 0.009 0.026
2 0.39 0.502 0.009 0.019
2 0.029 0.549 0.058 0.178
