2 0.026 0.568 0.051 0.066
2 0.351 0.575 0.076 0.092
2 0.479 0.549 0.026 0.047
2 0.425 0.554 0.037 0.035
2 0.455 0.549 0.022 0.036
2 0.551 0.543 0.017 0.017
2 0.554 0.546 0.014 0.019
2 0.496 0.54 0.015 0.017
2 0.195 0.569 0.075 0.059
2 0.096 0.568 0.088 0.057
4 0.301 0.54 0.027 0.035
11 0.609 0.443 0.018 0.01
11 0.271 0.453 0.019 0.035
11 0.204 0.495 0.008 0.031
11 0.537 0.454 0.012 0.026
11 0.572 0.458 0.005 0.042
8 0.57 0.514 0.01 0.014
8 0.268 0.506 0.007 0.016
7 0.366 0.433 0.011 0.016
7 0.52 0.448 0.007 0.017
7 0.49 0.498 0.006 0.014
7 0.453 0.5 0.008 0.014
