2 0.282 0.506 0.023 0.029
2 0.272 0.509 0.018 0.038
2 0.333 0.498 0.016 0.015
2 0.411 0.499 0.025 0.032
2 0.442 0.502 0.044 0.053
2 0.387 0.497 0.011 0.013
2 0.377 0.499 0.013 0.017
2 0.363 0.495 0.01 0.015
2 0.35 0.499 0.016 0.017
2 0.246 0.511 0.044 0.055
2 0.31 0.508 0.037 0.042
2 0.459 0.516 0.058 0.065
2 0.723 0.586 0.311 0.338
2 0.07 0.503 0.129 0.074
2 0.925 0.516 0.146 0.145
2 0.568 0.48 0.062 0.023
7 0.167 0.149 0.017 0.076
7 0.438 0.239 0.013 0.053
7 0.33 0.436 0.01 0.023
7 0.39 0.445 0.01 0.023
7 0.352 0.463 0.006 0.019
7 0.384 0.463 0.01 0.011
7 0.186 0.151 0.017 0.069
10 0.452 0.24 0.012 0.048
10 0.084 0.427 0.011 0.027
9 0.096 0.426 0.01 0.029
9 0.532 0.418 0.008 0.025
9 0.682 0.364 0.014 0.042
10 0.545 0.417 0.009 0.019
10 0.716 0.36 0.035 0.061
11 0.537 0.352 0.026 0.015
11 0.525 0.377 0.021 0.019
11 0.421 0.461 0.009 0.011
