7 0.11 0.512 0.007 0.046
7 0.393 0.455 0.01 0.052
10 0.093 0.642 0.015 0.028
10 0.413 0.456 0.009 0.051
10 0.923 0.518 0.028 0.067
10 0.982 0.507 0.034 0.069
11 0.112 0.593 0.034 0.02
11 0.137 0.671 0.014 0.008
11 0.141 0.609 0.008 0.026
11 0.602 0.492 0.031 0.033
11 0.626 0.551 0.033 0.015
11 0.602 0.585 0.01 0.016
11 0.609 0.602 0.027 0.018
11 0.953 0.647 0.031 0.065
11 0.866 0.343 0.077 0.069
11 0.94 0.235 0.085 0.051
11 0.947 0.287 0.05 0.09
10 0.427 0.639 0.004 0.013
10 0.116 0.64 0.017 0.029
10 0.625 0.629 0.019 0.029
0 0.568 0.731 0.028 0.083
0 0.626 0.732 0.018 0.108
0 0.7 0.743 0.018 0.104
0 0.681 0.744 0.016 0.109
0 0.667 0.746 0.018 0.142
0 0.733 0.754 0.017 0.158
0 0.768 0.737 0.028 0.142
0 0.935 0.711 0.028 0.065
0 0.908 0.702 0.028 0.078
0 0.604 0.744 0.038 0.155
0 0.654 0.756 0.027 0.153
0 0.717 0.749 0.033 0.158
0 0.87 0.763 0.056 0.222
0 0.83 0.751 0.04 0.15
0 0.797 0.757 0.029 0.152
0 0.756 0.753 0.03 0.16
0 0.987 0.772 0.024 0.158
2 0.025 0.706 0.024 0.021
2 0.135 0.711 0.023 0.018
2 0.099 0.701 0.052 0.042
2 0.274 0.708 0.017 0.021
2 0.25 0.711 0.025 0.026
2 0.422 0.693 0.019 0.024
2 0.388 0.711 0.018 0.026
2 0.372 0.711 0.018 0.026
4 0.222 0.7 0.029 0.047
4 0.188 0.702 0.024 0.044
4 0.497 0.665 0.069 0.085
2 0.012 0.701 0.024 0.038
2 0.113 0.857 0.226 0.286
2 0.464 0.812 0.242 0.374
