2 0.383 0.575 0.1 0.14
0 0.38 0.609 0.001 0.045
2 0.175 0.583 0.168 0.183
2 0.024 0.615 0.047 0.137
2 0.034 0.562 0.069 0.122
2 0.277 0.538 0.081 0.105
2 0.482 0.553 0.05 0.086
2 0.525 0.56 0.057 0.107
2 0.609 0.566 0.147 0.221
2 0.823 0.651 0.351 0.427
9 0.096 0.087 0.04 0.06
9 0.073 0.202 0.018 0.024
9 0.423 0.215 0.014 0.015
7 0.367 0.323 0.015 0.021
7 0.469 0.401 0.011 0.016
7 0.169 0.401 0.017 0.019
11 0.466 0.33 0.02 0.036
11 0.464 0.261 0.034 0.019
11 0.465 0.285 0.011 0.019
11 0.581 0.409 0.018 0.07
