11 0.245 0.414 0.033 0.068
11 0.149 0.341 0.039 0.023
11 0.148 0.366 0.013 0.028
2 0.486 0.586 0.01 0.026
2 0.479 0.588 0.01 0.024
2 0.469 0.586 0.016 0.023
2 0.458 0.58 0.016 0.033
2 0.448 0.575 0.013 0.036
2 0.428 0.565 0.041 0.054
2 0.401 0.568 0.052 0.05
2 0.317 0.549 0.085 0.095
2 0.091 0.58 0.182 0.441
2 0.545 0.581 0.043 0.052
2 0.571 0.593 0.009 0.021
2 0.588 0.587 0.029 0.04
2 0.595 0.593 0.032 0.035
2 0.621 0.579 0.027 0.071
2 0.658 0.581 0.08 0.101
11 0.708 0.503 0.017 0.028
11 0.709 0.534 0.018 0.036
0 0.895 0.586 0.041 0.139
