11 0.044 0.461 0.037 0.033
11 0.492 0.508 0.014 0.03
2 0.431 0.506 0.008 0.012
2 0.426 0.51 0.009 0.012
2 0.419 0.518 0.015 0.023
2 0.413 0.528 0.019 0.029
2 0.407 0.537 0.017 0.02
2 0.401 0.543 0.02 0.028
2 0.311 0.561 0.029 0.073
2 0.294 0.565 0.035 0.095
2 0.261 0.56 0.092 0.107
2 0.219 0.59 0.117 0.132
2 0.101 0.621 0.201 0.184
2 0.444 0.507 0.013 0.023
2 0.453 0.517 0.021 0.043
2 0.464 0.546 0.016 0.036
2 0.478 0.553 0.023 0.046
2 0.509 0.56 0.063 0.074
2 0.525 0.575 0.043 0.104
2 0.556 0.578 0.062 0.12
2 0.617 0.6 0.148 0.191
2 0.772 0.687 0.298 0.3
2 0.915 0.83 0.168 0.339
2 0.356 0.562 0.083 0.104
