2 0.413 0.555 0.013 0.023
2 0.43 0.554 0.009 0.021
2 0.439 0.555 0.011 0.023
2 0.448 0.562 0.008 0.023
2 0.45 0.571 0.009 0.028
2 0.457 0.569 0.008 0.033
2 0.465 0.573 0.012 0.033
2 0.149 0.584 0.079 0.124
2 0.226 0.57 0.078 0.094
2 0.363 0.56 0.008 0.019
2 0.481 0.58 0.029 0.059
2 0.523 0.582 0.056 0.077
2 0.632 0.595 0.138 0.158
4 0.212 0.52 0.195 0.145
2 0.057 0.564 0.113 0.241
2 0.397 0.561 0.013 0.03
2 0.374 0.56 0.012 0.028
3 0.388 0.547 0.023 0.04
11 0.505 0.493 0.013 0.026
7 0.367 0.501 0.008 0.021
7 0.457 0.502 0.01 0.023
2 0.418 0.566 0.023 0.032
0 0.341 0.527 0.012 0.032
