8 0.465 0.406 0.007 0.026
8 0.503 0.402 0.005 0.021
2 0.466 0.458 0.019 0.023
2 0.706 0.457 0.019 0.019
2 0.685 0.459 0.02 0.024
2 0.53 0.46 0.019 0.029
0 0.472 0.46 0.004 0.026
0 0.477 0.458 0.012 0.033
0 0.494 0.457 0.007 0.029
0 0.502 0.458 0.01 0.036
0 0.49 0.462 0.009 0.029
0 0.515 0.458 0.012 0.047
0 0.527 0.467 0.013 0.029
0 0.561 0.478 0.013 0.062
0 0.57 0.464 0.01 0.061
0 0.582 0.471 0.01 0.05
0 0.598 0.471 0.01 0.052
0 0.738 0.489 0.047 0.139
0 0.959 0.513 0.042 0.201
0 0.612 0.476 0.018 0.092
0 0.631 0.477 0.019 0.085
0 0.78 0.496 0.04 0.176
0 0.743 0.494 0.031 0.177
0 0.928 0.516 0.058 0.194
2 0.344 0.51 0.234 0.36
11 0.532 0.349 0.008 0.023
11 0.682 0.254 0.02 0.033
11 0.505 0.348 0.016 0.031
