2 0.361 0.359 0.12 0.093
2 0.716 0.321 0.086 0.098
2 0.637 0.306 0.029 0.029
2 0.456 0.335 0.072 0.075
2 0.067 0.394 0.084 0.063
2 0.014 0.401 0.027 0.048
0 0.803 0.312 0.051 0.173
1 0.656 0.319 0.022 0.102
5 0.658 0.341 0.017 0.063
0 0.266 0.366 0.014 0.063
2 0.287 0.368 0.033 0.046
7 0.596 0.011 0.024 0.021
8 0.048 0.256 0.013 0.057
8 0.069 0.31 0.013 0.023
7 0.036 0.313 0.015 0.029
11 0.094 0.249 0.023 0.023
11 0.097 0.284 0.017 0.043
11 0.884 0.047 0.047 0.041
7 0.913 0.143 0.018 0.043
8 0.897 0.139 0.015 0.048
11 0.911 0.013 0.036 0.026
7 0.637 0.24 0.009 0.023
11 0.482 0.268 0.012 0.025
11 0.54 0.285 0.013 0.023
11 0.565 0.243 0.007 0.018
2 0.407 0.349 0.032 0.049
0 0.122 0.382 0.034 0.115
