11 0.609 0.138 0.027 0.023
11 0.576 0.043 0.035 0.023
11 0.538 0.111 0.02 0.023
11 0.536 0.083 0.023 0.017
11 0.607 0.194 0.021 0.06
11 0.607 0.242 0.016 0.023
11 0.191 0.317 0.014 0.008
11 0.023 0.279 0.022 0.035
2 0.235 0.384 0.069 0.1
2 0.136 0.357 0.016 0.025
2 0.105 0.364 0.011 0.023
2 0.098 0.367 0.014 0.025
2 0.091 0.368 0.018 0.031
2 0.074 0.374 0.025 0.035
2 0.07 0.369 0.034 0.05
2 0.051 0.374 0.03 0.069
2 0.028 0.381 0.051 0.075
2 0.018 0.399 0.036 0.077
2 0.168 0.343 0.015 0.031
2 0.175 0.348 0.011 0.037
2 0.18 0.354 0.009 0.042
2 0.197 0.365 0.039 0.075
2 0.113 0.361 0.012 0.021
