11 0.44 0.381 0.042 0.044
11 0.485 0.384 0.045 0.047
11 0.614 0.435 0.017 0.021
11 0.6 0.434 0.009 0.02
11 0.207 0.42 0.01 0.023
11 0.496 0.42 0.009 0.02
11 0.417 0.418 0.008 0.009
11 0.459 0.427 0.006 0.012
11 0.439 0.429 0.025 0.042
2 0.48 0.458 0.012 0.02
2 0.499 0.46 0.008 0.017
2 0.446 0.461 0.012 0.023
2 0.417 0.486 0.055 0.077
2 0.463 0.462 0.021 0.035
2 0.529 0.468 0.056 0.095
11 0.067 0.434 0.014 0.023
2 0.337 0.454 0.03 0.023
2 0.365 0.457 0.016 0.029
2 0.394 0.455 0.02 0.021
2 0.755 0.469 0.028 0.018
2 0.783 0.475 0.024 0.014
2 0.826 0.473 0.037 0.02
2 0.864 0.472 0.015 0.015
11 0.362 0.381 0.073 0.049
