0 0.827 0.624 0.066 0.3
2 0.448 0.462 0.009 0.023
2 0.439 0.465 0.013 0.023
2 0.43 0.466 0.013 0.035
2 0.502 0.455 0.009 0.019
2 0.51 0.457 0.012 0.023
2 0.515 0.463 0.012 0.035
2 0.524 0.465 0.02 0.037
2 0.536 0.468 0.03 0.045
2 0.539 0.479 0.026 0.047
2 0.568 0.49 0.05 0.07
2 0.607 0.518 0.074 0.098
2 0.646 0.547 0.091 0.127
2 0.74 0.603 0.214 0.216
2 0.363 0.48 0.04 0.063
2 0.346 0.497 0.03 0.066
2 0.321 0.507 0.057 0.084
4 0.26 0.516 0.108 0.141
2 0.133 0.563 0.186 0.197
2 0.417 0.469 0.026 0.042
2 0.462 0.463 0.021 0.035
