2 0.387 0.46 0.083 0.1
2 0.484 0.441 0.045 0.046
2 0.452 0.445 0.024 0.043
2 0.436 0.438 0.012 0.024
2 0.332 0.451 0.014 0.031
2 0.312 0.454 0.022 0.033
2 0.252 0.458 0.075 0.057
2 0.541 0.419 0.024 0.058
2 0.526 0.43 0.012 0.037
2 0.515 0.43 0.011 0.034
4 0.592 0.409 0.078 0.15
1 0.834 0.439 0.047 0.131
5 0.826 0.477 0.09 0.092
2 0.976 0.518 0.046 0.151
2 0.94 0.445 0.119 0.099
2 0.887 0.458 0.05 0.043
2 0.296 0.46 0.018 0.044
8 0.12 0.362 0.018 0.036
8 0.514 0.154 0.022 0.09
8 0.679 0.344 0.009 0.029
7 0.421 0.364 0.01 0.019
7 0.487 0.369 0.012 0.019
11 0.52 0.345 0.009 0.02
8 0.145 0.36 0.016 0.022
11 0.664 0.276 0.023 0.019
11 0.677 0.225 0.027 0.015
10 0.535 0.165 0.018 0.071
10 0.155 0.023 0.022 0.041
10 0.122 0.02 0.02 0.037
7 0.44 0.392 0.008 0.019
