11 0.477 0.417 0.033 0.026
11 0.396 0.534 0.009 0.029
11 0.891 0.052 0.079 0.09
11 0.934 0.202 0.068 0.231
8 0.311 0.307 0.013 0.072
8 0.499 0.515 0.017 0.033
10 0.33 0.308 0.019 0.068
0 0.459 0.635 0.019 0.072
0 0.47 0.639 0.014 0.079
8 0.974 0.301 0.05 0.134
2 0.311 0.579 0.018 0.015
2 0.326 0.592 0.021 0.028
2 0.335 0.604 0.029 0.048
2 0.341 0.608 0.026 0.04
2 0.361 0.616 0.035 0.072
2 0.399 0.631 0.072 0.105
2 0.109 0.613 0.025 0.039
2 0.08 0.632 0.05 0.081
2 0.034 0.648 0.067 0.107
2 0.19 0.785 0.361 0.424
2 0.979 0.652 0.039 0.08
