11 0.865 0.063 0.058 0.126
2 0.408 0.254 0.013 0.015
2 0.373 0.253 0.021 0.013
2 0.396 0.254 0.01 0.02
2 0.346 0.253 0.023 0.017
2 0.328 0.257 0.011 0.022
2 0.318 0.26 0.012 0.033
2 0.31 0.256 0.018 0.033
2 0.302 0.261 0.016 0.026
2 0.295 0.259 0.015 0.039
2 0.279 0.265 0.027 0.05
2 0.262 0.268 0.022 0.048
2 0.227 0.27 0.058 0.074
2 0.413 0.259 0.015 0.03
2 0.426 0.265 0.032 0.046
2 0.436 0.281 0.039 0.057
0 0.392 0.282 0.022 0.076
1 0.348 0.271 0.018 0.072
5 0.348 0.292 0.017 0.061
0 0.459 0.261 0.012 0.052
0 0.623 0.279 0.015 0.074
2 0.828 0.286 0.064 0.068
2 0.906 0.238 0.058 0.037
2 0.773 0.29 0.056 0.074
2 0.704 0.285 0.087 0.091
2 0.868 0.453 0.26 0.427
