11 0.165 0.363 0.047 0.175
11 0.173 0.468 0.038 0.026
11 0.348 0.477 0.023 0.018
11 0.422 0.462 0.034 0.018
11 0.432 0.48 0.016 0.018
11 0.432 0.511 0.025 0.05
11 0.366 0.527 0.012 0.026
11 0.506 0.525 0.012 0.03
11 0.505 0.505 0.016 0.012
11 0.69 0.49 0.023 0.051
11 0.623 0.534 0.008 0.019
10 0.686 0.345 0.015 0.044
3 0.737 0.559 0.041 0.104
2 0.662 0.586 0.041 0.047
2 0.626 0.586 0.051 0.051
2 0.594 0.597 0.09 0.053
2 0.47 0.612 0.056 0.093
2 0.429 0.63 0.093 0.121
2 0.355 0.672 0.158 0.204
2 0.167 0.733 0.334 0.448
0 0.763 0.586 0.034 0.162
0 0.891 0.555 0.043 0.122
0 0.876 0.568 0.028 0.098
0 0.429 0.553 0.022 0.029
5 0.974 0.688 0.051 0.254
