11 0.541 0.262 0.039 0.05
11 0.587 0.256 0.042 0.053
11 0.655 0.252 0.053 0.046
11 0.438 0.33 0.018 0.019
11 0.438 0.351 0.007 0.019
11 0.715 0.327 0.012 0.037
11 0.617 0.357 0.013 0.015
11 0.966 0.329 0.009 0.017
11 0.454 0.385 0.009 0.021
11 0.849 0.34 0.011 0.019
2 0.739 0.357 0.037 0.044
2 0.829 0.355 0.018 0.019
11 0.585 0.383 0.006 0.017
11 0.616 0.391 0.007 0.017
11 0.523 0.392 0.009 0.023
2 0.651 0.387 0.035 0.05
2 0.813 0.357 0.021 0.015
11 0.283 0.387 0.011 0.017
11 0.121 0.015 0.153 0.029
