2 0.141 0.51 0.03 0.035
2 0.17 0.508 0.041 0.044
2 0.209 0.508 0.076 0.066
2 0.108 0.511 0.06 0.044
2 0.033 0.515 0.064 0.053
2 0.583 0.503 0.009 0.031
2 0.602 0.504 0.03 0.037
2 0.497 0.495 0.007 0.024
2 0.485 0.501 0.023 0.039
2 0.399 0.508 0.041 0.046
2 0.295 0.52 0.118 0.096
2 0.559 0.516 0.043 0.068
0 0.986 0.538 0.021 0.171
0 0.873 0.506 0.022 0.101
0 0.87 0.532 0.025 0.116
0 0.894 0.506 0.022 0.112
0 0.919 0.52 0.025 0.129
0 0.944 0.527 0.018 0.141
0 0.965 0.535 0.019 0.143
0 0.649 0.494 0.013 0.042
11 0.83 0.367 0.018 0.033
