2 0.12 0.419 0.241 0.229
2 0.21 0.414 0.19 0.166
2 0.274 0.404 0.088 0.121
2 0.331 0.412 0.042 0.081
2 0.36 0.412 0.04 0.052
2 0.399 0.396 0.066 0.047
2 0.943 0.47 0.109 0.153
2 0.836 0.453 0.154 0.116
2 0.742 0.432 0.085 0.099
2 0.698 0.42 0.067 0.085
2 0.602 0.396 0.043 0.05
2 0.566 0.397 0.034 0.038
2 0.54 0.394 0.022 0.026
2 0.52 0.392 0.019 0.028
2 0.503 0.382 0.011 0.016
2 0.448 0.392 0.019 0.028
2 0.467 0.384 0.011 0.019
2 0.481 0.382 0.013 0.019
2 0.491 0.379 0.008 0.016
7 0.39 0.26 0.016 0.035
7 0.59 0.281 0.016 0.028
