11 0.031 0.14 0.061 0.232
2 0.041 0.506 0.082 0.178
6 0.091 0.471 0.103 0.131
2 0.144 0.424 0.113 0.15
2 0.255 0.473 0.237 0.262
2 0.358 0.4 0.03 0.054
2 0.368 0.39 0.024 0.054
2 0.399 0.391 0.057 0.084
2 0.47 0.405 0.069 0.098
2 0.501 0.38 0.016 0.037
2 0.524 0.376 0.013 0.026
2 0.553 0.382 0.032 0.033
2 0.599 0.394 0.046 0.066
2 0.729 0.394 0.07 0.08
2 0.442 0.369 0.016 0.035
11 0.408 0.311 0.009 0.03
10 0.206 0.226 0.021 0.059
10 0.744 0.042 0.017 0.084
11 0.881 0.026 0.069 0.052
0 0.803 0.393 0.011 0.073
0 0.863 0.387 0.02 0.089
10 0.283 0.052 0.022 0.094
11 0.322 0.199 0.032 0.061
10 0.896 0.22 0.016 0.067
10 0.894 0.281 0.019 0.054
