7 0.656 0.068 0.02 0.095
10 0.669 0.078 0.014 0.085
10 0.633 0.074 0.018 0.092
11 0.231 0.403 0.029 0.056
11 0.253 0.391 0.018 0.022
11 0.314 0.449 0.011 0.022
11 0.353 0.455 0.015 0.029
11 0.211 0.462 0.014 0.019
11 0.71 0.279 0.029 0.022
11 0.686 0.273 0.015 0.029
11 0.692 0.297 0.016 0.024
11 0.249 0.418 0.011 0.027
7 0.675 0.379 0.015 0.032
0 0.66 0.489 0.037 0.117
2 0.204 0.481 0.016 0.027
2 0.22 0.485 0.018 0.027
2 0.266 0.489 0.019 0.034
2 0.305 0.489 0.018 0.034
2 0.318 0.488 0.016 0.032
2 0.337 0.493 0.025 0.032
2 0.283 0.512 0.056 0.075
2 0.426 0.524 0.158 0.284
2 0.788 0.489 0.075 0.097
2 0.815 0.482 0.082 0.102
3 0.923 0.394 0.149 0.316
7 0.012 0.428 0.022 0.044
