2 0.269 0.597 0.032 0.08
2 0.293 0.577 0.039 0.078
2 0.32 0.575 0.024 0.054
2 0.334 0.576 0.013 0.052
2 0.339 0.568 0.019 0.043
2 0.351 0.565 0.015 0.037
2 0.36 0.559 0.016 0.029
2 0.372 0.558 0.01 0.023
2 0.379 0.554 0.009 0.019
2 0.449 0.563 0.012 0.025
2 0.408 0.554 0.013 0.023
2 0.433 0.569 0.031 0.062
2 0.458 0.567 0.015 0.033
2 0.473 0.569 0.021 0.041
2 0.487 0.576 0.029 0.064
2 0.411 0.539 0.014 0.019
3 0.554 0.557 0.117 0.161
2 0.425 0.582 0.048 0.072
2 0.216 0.608 0.101 0.128
3 0.86 0.497 0.277 0.995
7 0.284 0.238 0.017 0.075
7 0.039 0.481 0.023 0.039
7 0.695 0.421 0.014 0.056
7 0.796 0.074 0.026 0.12
7 0.709 0.495 0.021 0.037
10 0.061 0.486 0.027 0.047
10 0.273 0.245 0.012 0.074
10 0.775 0.095 0.017 0.107
10 0.688 0.494 0.02 0.039
10 0.754 0.089 0.03 0.132
10 0.259 0.238 0.022 0.085
0 0.128 0.604 0.022 0.103
11 0.078 0.376 0.048 0.035
11 0.693 0.375 0.037 0.029
7 0.367 0.489 0.007 0.025
