7 0.104 0.193 0.011 0.038
7 0.583 0.257 0.01 0.036
7 0.722 0.09 0.026 0.08
7 0.811 0.348 0.011 0.053
7 0.826 0.343 0.014 0.02
7 0.183 0.216 0.016 0.058
7 0.121 0.18 0.013 0.036
7 0.029 0.186 0.01 0.027
10 0.006 0.139 0.012 0.046
8 0.201 0.261 0.007 0.018
10 0.418 0.201 0.014 0.081
10 0.819 0.219 0.015 0.063
10 0.794 0.266 0.015 0.048
10 0.784 0.376 0.011 0.023
10 0.748 0.377 0.008 0.017
11 0.033 0.2 0.013 0.037
11 0.061 0.2 0.02 0.023
11 0.063 0.178 0.025 0.03
11 0.804 0.344 0.01 0.023
11 0.696 0.369 0.014 0.016
2 0.935 0.439 0.038 0.017
2 0.953 0.447 0.067 0.034
2 0.752 0.441 0.114 0.132
2 0.486 0.447 0.347 0.414
0 0.334 0.346 0.011 0.043
0 0.296 0.335 0.01 0.05
0 0.272 0.325 0.011 0.041
0 0.062 0.272 0.019 0.06
0 0.088 0.289 0.022 0.131
0 0.704 0.434 0.013 0.087
0 0.826 0.4 0.013 0.033
0 0.843 0.43 0.015 0.08
0 0.877 0.437 0.026 0.092
1 0.162 0.29 0.012 0.03
1 0.143 0.301 0.024 0.091
1 0.115 0.291 0.039 0.1
1 0.047 0.264 0.023 0.057
1 0.032 0.27 0.018 0.047
6 0.158 0.324 0.019 0.044
6 0.119 0.319 0.066 0.054
6 0.06 0.29 0.042 0.033
2 0.017 0.282 0.035 0.058
11 0.829 0.318 0.014 0.023
11 0.754 0.107 0.04 0.031
