11 0.069 0.294 0.041 0.026
11 0.086 0.352 0.078 0.083
11 0.171 0.313 0.026 0.019
11 0.166 0.353 0.041 0.075
11 0.399 0.403 0.05 0.05
11 0.918 0.338 0.124 0.194
11 0.538 0.443 0.026 0.026
11 0.578 0.442 0.028 0.024
11 0.214 0.395 0.014 0.021
11 0.215 0.414 0.009 0.01
11 0.214 0.436 0.015 0.023
11 0.744 0.426 0.023 0.035
11 0.699 0.413 0.019 0.016
11 0.658 0.442 0.03 0.021
11 0.603 0.446 0.01 0.016
2 0.186 0.463 0.068 0.097
2 0.26 0.456 0.043 0.055
2 0.727 0.57 0.243 0.274
2 0.49 0.484 0.061 0.076
2 0.587 0.485 0.046 0.08
2 0.629 0.482 0.022 0.042
2 0.619 0.477 0.015 0.031
11 0.015 0.424 0.013 0.026
11 0.398 0.444 0.019 0.021
2 0.556 0.473 0.017 0.021
