7 0.449 0.52 0.006 0.021
7 0.501 0.513 0.007 0.021
7 0.473 0.539 0.006 0.014
7 0.484 0.538 0.005 0.016
2 0.114 0.716 0.228 0.36
2 0.259 0.655 0.137 0.18
2 0.33 0.621 0.075 0.133
2 0.366 0.612 0.042 0.097
2 0.393 0.606 0.025 0.064
2 0.41 0.6 0.018 0.052
2 0.424 0.583 0.023 0.04
2 0.437 0.58 0.014 0.029
2 0.45 0.578 0.015 0.023
2 0.89 0.613 0.216 0.406
4 0.731 0.608 0.148 0.232
2 0.64 0.604 0.087 0.133
2 0.6 0.587 0.057 0.113
2 0.564 0.588 0.032 0.071
2 0.546 0.583 0.024 0.054
2 0.524 0.574 0.019 0.036
2 0.511 0.571 0.013 0.029
2 0.5 0.571 0.011 0.019
