2 0.366 0.597 0.034 0.072
2 0.299 0.621 0.136 0.179
2 0.122 0.736 0.245 0.41
2 0.546 0.575 0.031 0.056
2 0.579 0.595 0.068 0.111
2 0.626 0.608 0.079 0.159
2 0.786 0.69 0.353 0.384
2 0.457 0.665 0.205 0.322
4 0.49 0.512 0.082 0.103
3 0.712 0.494 0.313 0.07
11 0.682 0.451 0.026 0.041
11 0.712 0.375 0.028 0.039
11 0.713 0.414 0.026 0.035
11 0.742 0.481 0.026 0.033
10 0.538 0.194 0.023 0.097
10 0.747 0.392 0.013 0.052
11 0.266 0.506 0.017 0.025
11 0.223 0.505 0.013 0.035
10 0.253 0.452 0.021 0.08
11 0.15 0.542 0.01 0.023
