7 0.652 0.124 0.011 0.094
9 0.334 0.216 0.006 0.028
8 0.025 0.038 0.017 0.057
7 0.008 0.042 0.016 0.073
11 0.128 0.228 0.018 0.037
11 0.459 0.197 0.019 0.024
3 0.368 0.25 0.026 0.051
11 0.461 0.227 0.01 0.02
11 0.442 0.231 0.009 0.015
3 0.428 0.257 0.036 0.051
2 0.396 0.261 0.018 0.029
2 0.337 0.256 0.015 0.022
2 0.325 0.258 0.018 0.018
2 0.328 0.274 0.019 0.029
2 0.327 0.277 0.023 0.024
2 0.321 0.285 0.025 0.037
2 0.304 0.257 0.01 0.017
2 0.295 0.249 0.012 0.017
2 0.283 0.249 0.01 0.015
2 0.268 0.244 0.017 0.017
2 0.216 0.282 0.02 0.026
2 0.198 0.307 0.033 0.044
2 0.255 0.272 0.065 0.046
2 0.106 0.333 0.06 0.075
7 0.644 0.249 0.017 0.035
10 0.64 0.119 0.015 0.092
2 0.16 0.338 0.074 0.081
2 0.258 0.359 0.128 0.145
2 0.298 0.301 0.038 0.051
2 0.411 0.388 0.157 0.226
2 0.043 0.342 0.084 0.123
2 0.941 0.316 0.077 0.118
2 0.99 0.35 0.017 0.057
