11 0.584 0.336 0.009 0.021
11 0.612 0.273 0.012 0.015
11 0.612 0.304 0.012 0.006
11 0.65 0.258 0.018 0.012
11 0.65 0.192 0.014 0.041
11 0.411 0.385 0.009 0.015
11 0.657 0.289 0.01 0.009
2 0.449 0.41 0.026 0.075
2 0.572 0.4 0.045 0.086
2 0.685 0.404 0.026 0.047
2 0.732 0.424 0.084 0.099
2 0.835 0.417 0.163 0.144
2 0.507 0.434 0.132 0.246
2 0.635 0.415 0.112 0.153
2 0.904 0.51 0.19 0.32
11 0.664 0.284 0.011 0.032
11 0.662 0.318 0.013 0.024
2 0.214 0.393 0.027 0.031
11 0.675 0.314 0.009 0.021
2 0.202 0.398 0.015 0.024
2 0.167 0.386 0.059 0.054
2 0.341 0.399 0.019 0.024
7 0.411 0.304 0.011 0.006
7 0.41 0.287 0.011 0.024
7 0.563 0.278 0.01 0.029
