2 0.076 0.631 0.153 0.356
2 0.905 0.507 0.188 0.26
2 0.985 0.575 0.027 0.16
2 0.176 0.516 0.063 0.05
3 0.338 0.474 0.064 0.075
2 0.402 0.496 0.07 0.106
2 0.155 0.513 0.059 0.052
2 0.242 0.507 0.05 0.048
2 0.274 0.496 0.032 0.035
2 0.299 0.496 0.015 0.04
2 0.463 0.477 0.014 0.035
2 0.452 0.473 0.011 0.019
2 0.49 0.492 0.063 0.077
2 0.525 0.466 0.014 0.025
2 0.54 0.466 0.015 0.033
2 0.65 0.615 0.331 0.439
7 0.395 0.373 0.009 0.023
7 0.558 0.327 0.009 0.029
7 0.512 0.437 0.008 0.021
11 0.396 0.406 0.012 0.021
11 0.689 0.355 0.02 0.015
11 0.228 0.123 0.033 0.096
11 0.234 0.285 0.029 0.046
8 0.845 0.281 0.018 0.029
8 0.676 0.311 0.009 0.019
8 0.547 0.316 0.011 0.025
2 0.558 0.43 0.014 0.023
11 0.621 0.319 0.011 0.025
7 0.493 0.45 0.007 0.017
11 0.524 0.438 0.009 0.01
11 0.535 0.437 0.008 0.017
