7 0.511 0.425 0.01 0.038
7 0.44 0.446 0.009 0.03
7 0.467 0.489 0.007 0.02
11 0.33 0.36 0.027 0.076
11 0.309 0.395 0.033 0.02
2 0.236 0.515 0.043 0.046
2 0.19 0.51 0.054 0.066
2 0.13 0.517 0.082 0.071
11 0.438 0.473 0.01 0.023
2 0.448 0.521 0.038 0.058
2 0.422 0.512 0.016 0.033
2 0.563 0.517 0.016 0.038
2 0.581 0.535 0.031 0.053
2 0.596 0.541 0.033 0.071
2 0.619 0.547 0.043 0.083
2 0.658 0.559 0.068 0.121
2 0.712 0.578 0.088 0.154
2 0.84 0.603 0.256 0.265
2 0.922 0.68 0.154 0.389
2 0.522 0.56 0.092 0.134
2 0.377 0.555 0.104 0.129
7 0.512 0.48 0.01 0.02
10 0.348 0.404 0.008 0.023
11 0.585 0.466 0.017 0.021
