7 0.5 0.186 0.015 0.066
7 0.738 0.276 0.015 0.054
7 0.743 0.397 0.022 0.033
10 0.493 0.191 0.015 0.054
10 0.141 0.268 0.032 0.075
10 0.948 0.221 0.026 0.094
10 0.986 0.315 0.026 0.075
11 0.124 0.424 0.032 0.12
11 0.301 0.345 0.032 0.023
0 0.68 0.502 0.016 0.066
0 0.664 0.502 0.012 0.066
1 0.655 0.495 0.015 0.066
5 0.654 0.518 0.016 0.042
2 0.481 0.52 0.013 0.026
3 0.51 0.488 0.022 0.066
2 0.464 0.507 0.029 0.047
2 0.403 0.497 0.094 0.141
2 0.566 0.508 0.113 0.18
2 0.111 0.506 0.222 0.105
2 0.065 0.684 0.131 0.377
2 0.029 0.501 0.059 0.064
