2 0.155 0.536 0.311 0.364
2 0.992 0.551 0.014 0.179
2 0.732 0.418 0.254 0.287
2 0.554 0.423 0.066 0.085
2 0.411 0.439 0.04 0.062
2 0.991 0.396 0.015 0.052
2 0.38 0.444 0.032 0.048
2 0.519 0.433 0.034 0.058
2 0.505 0.433 0.027 0.058
2 0.484 0.45 0.03 0.031
2 0.462 0.445 0.027 0.025
7 0.137 0.342 0.022 0.019
8 0.622 0.314 0.011 0.029
7 0.628 0.18 0.012 0.056
7 0.231 0.162 0.018 0.058
10 0.248 0.158 0.015 0.054
10 0.219 0.161 0.013 0.056
11 0.197 0.187 0.027 0.042
11 0.165 0.291 0.016 0.058
2 0.362 0.452 0.013 0.04
2 0.296 0.408 0.123 0.179
