2 0.367 0.515 0.025 0.039
2 0.345 0.52 0.042 0.049
2 0.307 0.521 0.048 0.051
2 0.266 0.529 0.052 0.053
2 0.19 0.539 0.104 0.068
2 0.565 0.494 0.012 0.017
2 0.577 0.497 0.014 0.022
2 0.591 0.484 0.029 0.041
2 0.601 0.501 0.02 0.051
2 0.616 0.507 0.029 0.068
2 0.641 0.511 0.057 0.085
2 0.67 0.537 0.068 0.117
2 0.759 0.578 0.161 0.185
2 0.908 0.644 0.182 0.354
2 0.526 0.494 0.02 0.027
2 0.498 0.499 0.026 0.027
2 0.443 0.505 0.076 0.068
2 0.023 0.562 0.045 0.102
7 0.479 0.455 0.011 0.022
7 0.546 0.453 0.012 0.022
7 0.557 0.476 0.007 0.019
11 0.649 0.413 0.019 0.039
