11 0.318 0.493 0.033 0.033
11 0.604 0.5 0.018 0.027
11 0.536 0.479 0.011 0.023
2 0.314 0.559 0.011 0.015
2 0.325 0.563 0.011 0.019
2 0.333 0.57 0.013 0.017
2 0.344 0.57 0.013 0.021
2 0.478 0.572 0.014 0.021
2 0.397 0.574 0.023 0.042
2 0.397 0.597 0.015 0.037
2 0.385 0.594 0.016 0.044
2 0.372 0.6 0.028 0.052
2 0.347 0.605 0.036 0.062
2 0.32 0.616 0.037 0.058
2 0.299 0.583 0.032 0.023
2 0.265 0.601 0.032 0.046
2 0.231 0.609 0.047 0.046
2 0.209 0.606 0.026 0.044
2 0.28 0.623 0.064 0.069
2 0.54 0.576 0.02 0.033
2 0.559 0.576 0.016 0.029
2 0.569 0.573 0.012 0.052
2 0.581 0.571 0.021 0.077
2 0.593 0.578 0.03 0.1
2 0.603 0.578 0.028 0.104
2 0.641 0.589 0.092 0.146
2 0.668 0.606 0.081 0.152
2 0.763 0.641 0.195 0.241
2 0.882 0.713 0.234 0.478
4 0.505 0.556 0.036 0.077
2 0.514 0.585 0.033 0.046
2 0.441 0.611 0.092 0.113
2 0.082 0.639 0.161 0.112
2 0.073 0.672 0.145 0.129
