11 0.355 0.468 0.05 0.034
11 0.467 0.465 0.017 0.036
11 0.468 0.506 0.012 0.025
11 0.636 0.458 0.031 0.093
11 0.667 0.424 0.036 0.079
11 0.583 0.439 0.016 0.016
11 0.579 0.468 0.014 0.043
8 0.594 0.511 0.016 0.025
8 0.575 0.513 0.01 0.021
8 0.639 0.308 0.021 0.095
8 0.504 0.328 0.015 0.066
8 0.485 0.325 0.012 0.07
8 0.009 0.208 0.018 0.098
10 0.031 0.223 0.012 0.088
2 0.347 0.552 0.021 0.034
2 0.301 0.551 0.036 0.046
2 0.263 0.549 0.024 0.029
2 0.234 0.562 0.033 0.052
2 0.069 0.576 0.048 0.086
2 0.144 0.589 0.133 0.184
3 0.194 0.529 0.059 0.093
2 0.42 0.574 0.106 0.089
2 0.536 0.679 0.186 0.265
2 0.78 0.586 0.079 0.064
2 0.928 0.879 0.141 0.234
