11 0.788 0.197 0.035 0.077
5 0.442 0.411 0.022 0.066
5 0.422 0.394 0.014 0.036
1 0.422 0.374 0.01 0.038
1 0.442 0.381 0.017 0.087
11 0.261 0.331 0.011 0.017
0 0.033 0.375 0.018 0.087
0 0.013 0.375 0.026 0.092
2 0.281 0.354 0.013 0.023
2 0.273 0.37 0.014 0.038
2 0.261 0.371 0.014 0.041
2 0.252 0.37 0.019 0.047
2 0.231 0.371 0.042 0.062
11 0.225 0.302 0.016 0.011
2 0.325 0.362 0.013 0.023
2 0.342 0.355 0.012 0.017
2 0.352 0.355 0.01 0.017
2 0.36 0.355 0.014 0.017
2 0.367 0.354 0.011 0.011
2 0.378 0.358 0.017 0.019
2 0.303 0.371 0.046 0.066
3 0.422 0.364 0.036 0.075
3 0.5 0.347 0.103 0.164
2 0.553 0.425 0.113 0.115
2 0.709 0.469 0.233 0.215
