11 0.961 0.3 0.02 0.07
11 0.625 0.356 0.031 0.027
2 0.552 0.436 0.014 0.025
2 0.55 0.448 0.015 0.033
2 0.525 0.433 0.013 0.023
2 0.509 0.443 0.027 0.047
2 0.537 0.455 0.032 0.052
2 0.487 0.437 0.019 0.031
2 0.474 0.447 0.015 0.025
2 0.444 0.452 0.013 0.029
2 0.433 0.454 0.013 0.033
2 0.425 0.456 0.015 0.029
2 0.412 0.456 0.019 0.033
2 0.398 0.459 0.021 0.027
2 0.368 0.465 0.022 0.025
2 0.354 0.461 0.013 0.031
2 0.331 0.473 0.056 0.062
2 0.306 0.478 0.015 0.045
2 0.278 0.479 0.043 0.052
2 0.241 0.481 0.043 0.056
2 0.186 0.495 0.074 0.066
2 0.102 0.515 0.084 0.074
2 0.086 0.487 0.024 0.025
