11 0.223 0.4 0.097 0.135
11 0.34 0.389 0.101 0.137
11 0.189 0.564 0.033 0.054
11 0.311 0.549 0.023 0.042
11 0.386 0.543 0.026 0.029
11 0.425 0.498 0.02 0.052
11 0.328 0.484 0.018 0.027
11 0.454 0.453 0.014 0.029
11 0.437 0.458 0.012 0.025
11 0.416 0.448 0.014 0.023
11 0.395 0.451 0.033 0.021
11 0.224 0.495 0.025 0.017
11 0.284 0.467 0.007 0.019
11 0.759 0.322 0.101 0.087
11 0.864 0.31 0.044 0.075
11 0.917 0.34 0.014 0.044
11 0.7 0.378 0.013 0.019
11 0.7 0.412 0.013 0.017
2 0.35 0.645 0.088 0.133
2 0.258 0.63 0.054 0.063
11 0.275 0.566 0.011 0.025
7 0.361 0.505 0.007 0.017
7 0.344 0.511 0.005 0.027
4 0.206 0.483 0.019 0.021
2 0.846 0.414 0.069 0.062
2 0.407 0.563 0.012 0.019
2 0.419 0.551 0.011 0.021
2 0.743 0.427 0.018 0.019
2 0.721 0.433 0.008 0.017
2 0.765 0.421 0.019 0.015
2 0.901 0.396 0.032 0.019
2 0.98 0.381 0.038 0.022
