11 0.571 0.474 0.063 0.04
11 0.584 0.515 0.017 0.015
11 0.635 0.549 0.009 0.012
11 0.555 0.539 0.013 0.02
11 0.523 0.558 0.01 0.018
11 0.372 0.538 0.02 0.012
11 0.364 0.564 0.008 0.023
2 0.33 0.625 0.081 0.152
2 0.94 0.676 0.119 0.277
7 0.658 0.103 0.019 0.112
10 0.623 0.105 0.031 0.112
7 0.49 0.559 0.008 0.017
7 0.48 0.559 0.005 0.014
7 0.421 0.55 0.01 0.008
7 0.388 0.538 0.005 0.019
7 0.398 0.566 0.005 0.011
4 0.443 0.595 0.031 0.067
2 0.425 0.586 0.013 0.018
2 0.413 0.581 0.014 0.012
2 0.396 0.581 0.017 0.024
2 0.411 0.593 0.015 0.019
2 0.394 0.606 0.017 0.026
2 0.409 0.615 0.023 0.035
2 0.467 0.577 0.015 0.022
2 0.487 0.577 0.028 0.012
2 0.492 0.581 0.02 0.007
2 0.51 0.603 0.017 0.032
2 0.494 0.614 0.031 0.062
2 0.528 0.607 0.024 0.043
2 0.468 0.628 0.056 0.087
2 0.579 0.631 0.044 0.061
2 0.691 0.652 0.113 0.172
0 0.608 0.62 0.012 0.047
0 0.621 0.62 0.011 0.037
2 0.761 0.64 0.037 0.076
0 0.876 0.636 0.02 0.069
0 0.541 0.623 0.016 0.059
