2 0.054 0.657 0.107 0.141
2 0.905 0.657 0.184 0.298
2 0.79 0.64 0.143 0.152
2 0.112 0.627 0.064 0.064
2 0.211 0.64 0.089 0.078
2 0.325 0.626 0.05 0.051
2 0.372 0.619 0.035 0.04
2 0.468 0.618 0.071 0.101
2 0.519 0.6 0.019 0.026
2 0.712 0.631 0.077 0.104
2 0.669 0.619 0.05 0.08
2 0.645 0.613 0.03 0.058
2 0.622 0.607 0.037 0.052
2 0.602 0.606 0.027 0.038
2 0.583 0.601 0.028 0.034
2 0.569 0.598 0.012 0.015
2 0.562 0.597 0.014 0.011
2 0.53 0.593 0.015 0.024
2 0.549 0.603 0.017 0.026
11 0.744 0.495 0.031 0.048
7 0.42 0.519 0.005 0.02
10 0.427 0.52 0.006 0.021
10 0.555 0.51 0.005 0.017
7 0.55 0.509 0.007 0.015
11 0.624 0.539 0.013 0.014
11 0.61 0.551 0.013 0.008
