7 0.485 0.47 0.008 0.044
7 0.338 0.433 0.021 0.073
7 0.577 0.476 0.011 0.057
7 0.844 0.498 0.023 0.068
8 0.864 0.563 0.021 0.037
10 0.834 0.577 0.017 0.042
10 0.333 0.524 0.018 0.043
10 0.361 0.526 0.012 0.037
10 0.317 0.525 0.009 0.031
10 0.307 0.524 0.007 0.029
11 0.371 0.529 0.03 0.059
11 0.288 0.521 0.014 0.024
11 0.334 0.578 0.031 0.057
11 0.386 0.623 0.011 0.024
11 0.469 0.598 0.026 0.018
11 0.469 0.615 0.026 0.017
11 0.449 0.624 0.011 0.02
11 0.86 0.395 0.022 0.046
11 0.866 0.461 0.025 0.024
11 0.875 0.481 0.036 0.017
11 0.662 0.557 0.019 0.013
11 0.509 0.469 0.017 0.029
8 0.664 0.617 0.012 0.022
2 0.413 0.681 0.013 0.022
2 0.426 0.681 0.017 0.026
2 0.441 0.681 0.024 0.053
2 0.362 0.679 0.013 0.026
2 0.379 0.678 0.021 0.024
2 0.267 0.681 0.021 0.035
2 0.242 0.692 0.038 0.044
2 0.206 0.7 0.027 0.035
2 0.099 0.726 0.198 0.248
3 0.556 0.649 0.061 0.037
2 0.517 0.683 0.025 0.035
2 0.543 0.682 0.022 0.029
2 0.561 0.681 0.023 0.028
2 0.582 0.681 0.015 0.029
2 0.604 0.677 0.019 0.033
2 0.631 0.687 0.038 0.046
4 0.931 0.65 0.072 0.035
4 0.75 0.653 0.096 0.042
4 0.736 0.665 0.039 0.051
4 0.761 0.671 0.058 0.077
4 0.83 0.675 0.137 0.103
4 0.948 0.677 0.099 0.095
4 0.327 0.67 0.064 0.112
2 0.465 0.687 0.054 0.088
2 0.685 0.724 0.117 0.132
