7 0.442 0.029 0.016 0.059
10 0.429 0.028 0.014 0.055
7 0.702 0.209 0.012 0.058
10 0.686 0.209 0.014 0.058
8 0.244 0.334 0.015 0.027
10 0.258 0.335 0.008 0.03
10 0.8 0.423 0.018 0.028
11 0.779 0.343 0.013 0.014
11 0.806 0.353 0.026 0.019
11 0.783 0.373 0.014 0.013
11 0.788 0.394 0.03 0.02
11 0.511 0.381 0.007 0.019
0 0.136 0.42 0.025 0.099
0 0.172 0.435 0.026 0.102
0 0.326 0.448 0.016 0.097
10 0.409 0.377 0.007 0.017
11 0.265 0.316 0.031 0.017
5 0.27 0.451 0.014 0.05
2 0.394 0.445 0.01 0.013
2 0.385 0.445 0.012 0.028
2 0.365 0.423 0.022 0.017
2 0.369 0.45 0.017 0.041
2 0.354 0.448 0.019 0.075
2 0.324 0.45 0.064 0.084
2 0.41 0.448 0.009 0.016
2 0.432 0.444 0.012 0.022
2 0.451 0.45 0.034 0.058
2 0.471 0.449 0.014 0.02
2 0.539 0.468 0.017 0.037
2 0.557 0.472 0.027 0.043
2 0.574 0.472 0.029 0.039
2 0.602 0.48 0.046 0.055
2 0.655 0.481 0.095 0.075
2 0.727 0.527 0.158 0.139
2 0.501 0.478 0.067 0.09
2 0.881 0.633 0.238 0.486
