7 0.491 0.447 0.01 0.023
2 0.565 0.491 0.023 0.031
2 0.576 0.491 0.021 0.031
2 0.593 0.492 0.016 0.033
2 0.611 0.492 0.021 0.041
2 0.633 0.495 0.024 0.056
2 0.652 0.496 0.029 0.074
2 0.688 0.502 0.044 0.087
2 0.738 0.504 0.075 0.107
2 0.797 0.523 0.095 0.13
2 0.93 0.518 0.138 0.2
2 0.462 0.49 0.014 0.029
2 0.451 0.495 0.017 0.027
2 0.434 0.491 0.021 0.035
2 0.412 0.495 0.026 0.035
2 0.392 0.498 0.019 0.045
2 0.372 0.499 0.024 0.043
2 0.349 0.503 0.027 0.064
2 0.316 0.512 0.038 0.066
2 0.273 0.512 0.061 0.095
2 0.206 0.524 0.084 0.109
2 0.113 0.546 0.106 0.151
2 0.03 0.587 0.058 0.128
2 0.541 0.488 0.017 0.025
2 0.5 0.489 0.013 0.023
2 0.515 0.484 0.012 0.021
7 0.535 0.446 0.01 0.023
2 0.475 0.485 0.015 0.019
