0 0.211 0.614 0.01 0.05
0 0.153 0.618 0.024 0.086
0 0.947 0.581 0.019 0.119
0 0.845 0.596 0.02 0.134
0 0.826 0.594 0.017 0.116
0 0.771 0.602 0.022 0.123
0 0.753 0.601 0.017 0.114
0 0.731 0.576 0.022 0.057
0 0.713 0.607 0.018 0.116
0 0.699 0.599 0.015 0.096
0 0.546 0.617 0.015 0.096
0 0.507 0.629 0.024 0.116
0 0.529 0.625 0.019 0.134
0 0.595 0.604 0.027 0.118
0 0.56 0.62 0.023 0.123
0 0.665 0.611 0.032 0.138
0 0.685 0.614 0.02 0.127
0 0.862 0.598 0.028 0.118
0 0.929 0.587 0.014 0.107
0 0.473 0.599 0.008 0.029
10 0.392 0.557 0.008 0.022
2 0.351 0.602 0.013 0.028
0 0.448 0.602 0.014 0.053
2 0.426 0.595 0.012 0.024
2 0.439 0.605 0.028 0.044
2 0.385 0.597 0.011 0.022
2 0.41 0.597 0.013 0.018
2 0.327 0.608 0.054 0.073
2 0.255 0.639 0.092 0.103
0 0.202 0.614 0.009 0.048
4 0.969 0.61 0.059 0.369
2 0.069 0.7 0.136 0.277
7 0.632 0.408 0.017 0.081
8 0.662 0.483 0.025 0.042
10 0.645 0.482 0.017 0.037
11 0.63 0.466 0.034 0.022
