7 0.464 0.293 0.011 0.044
7 0.607 0.325 0.01 0.038
7 0.631 0.439 0.009 0.014
0 0.352 0.52 0.011 0.055
0 0.346 0.507 0.01 0.037
0 0.339 0.5 0.011 0.034
0 0.23 0.524 0.019 0.082
0 0.195 0.531 0.022 0.099
0 0.169 0.519 0.028 0.114
0 0.215 0.531 0.021 0.087
0 0.364 0.518 0.015 0.061
2 0.639 0.491 0.023 0.049
2 0.627 0.502 0.026 0.049
2 0.563 0.489 0.013 0.024
2 0.788 0.499 0.021 0.035
2 0.824 0.562 0.069 0.172
2 0.456 0.518 0.032 0.043
3 0.509 0.482 0.099 0.127
2 0.401 0.519 0.06 0.073
2 0.3 0.545 0.097 0.098
2 0.13 0.575 0.089 0.137
2 0.59 0.529 0.072 0.102
2 0.715 0.581 0.186 0.262
2 0.921 0.576 0.154 0.252
2 0.052 0.453 0.103 0.746
