2 0.407 0.746 0.016 0.021
2 0.392 0.744 0.014 0.036
2 0.341 0.742 0.055 0.088
1 0.373 0.742 0.027 0.133
5 0.374 0.78 0.02 0.088
7 0.387 0.676 0.008 0.019
7 0.422 0.7 0.006 0.019
7 0.503 0.679 0.007 0.019
7 0.547 0.684 0.006 0.021
2 0.463 0.73 0.021 0.037
2 0.487 0.734 0.021 0.034
2 0.509 0.733 0.021 0.051
2 0.551 0.737 0.017 0.022
2 0.534 0.747 0.027 0.045
2 0.441 0.751 0.053 0.088
2 0.594 0.756 0.098 0.146
0 0.108 0.689 0.011 0.03
0 0.114 0.701 0.021 0.051
0 0.127 0.736 0.018 0.142
0 0.157 0.705 0.016 0.062
0 0.169 0.726 0.019 0.12
0 0.185 0.736 0.032 0.135
0 0.217 0.726 0.017 0.09
0 0.245 0.749 0.019 0.154
0 0.151 0.748 0.037 0.152
0 0.199 0.751 0.04 0.165
0 0.234 0.761 0.022 0.141
0 0.262 0.748 0.025 0.163
0 0.284 0.759 0.019 0.137
0 0.307 0.758 0.026 0.135
7 0.235 0.466 0.015 0.06
8 0.26 0.465 0.02 0.066
8 0.032 0.574 0.022 0.037
2 0.064 0.786 0.129 0.311
0 0.639 0.747 0.008 0.041
0 0.648 0.745 0.007 0.041
0 0.661 0.747 0.013 0.037
0 0.671 0.748 0.009 0.047
0 0.696 0.75 0.016 0.062
0 0.715 0.742 0.012 0.032
0 0.724 0.738 0.008 0.024
0 0.738 0.734 0.009 0.019
0 0.775 0.741 0.014 0.034
0 0.791 0.768 0.015 0.081
2 0.742 0.77 0.079 0.073
0 0.755 0.766 0.04 0.133
0 0.805 0.77 0.018 0.088
0 0.811 0.765 0.011 0.073
0 0.827 0.777 0.021 0.105
0 0.845 0.776 0.031 0.126
0 0.886 0.782 0.016 0.116
0 0.873 0.784 0.027 0.112
0 0.898 0.777 0.018 0.112
0 0.921 0.766 0.021 0.105
0 0.955 0.781 0.019 0.137
0 0.942 0.784 0.024 0.142
0 0.97 0.778 0.011 0.103
0 0.982 0.781 0.018 0.112
8 0.934 0.656 0.015 0.036
10 0.225 0.616 0.013 0.037
0 0.859 0.781 0.015 0.084
