2 0.571 0.792 0.011 0.025
2 0.584 0.796 0.019 0.03
2 0.594 0.799 0.011 0.036
2 0.609 0.795 0.029 0.053
2 0.629 0.799 0.038 0.057
2 0.659 0.808 0.043 0.066
2 0.696 0.806 0.067 0.07
2 0.747 0.811 0.086 0.076
2 0.831 0.806 0.143 0.1
2 0.553 0.791 0.014 0.023
2 0.425 0.79 0.024 0.03
2 0.406 0.791 0.015 0.028
2 0.386 0.786 0.023 0.034
2 0.366 0.793 0.029 0.036
2 0.336 0.787 0.041 0.053
2 0.294 0.795 0.06 0.066
2 0.217 0.8 0.077 0.097
2 0.493 0.776 0.01 0.015
2 0.475 0.777 0.013 0.017
2 0.522 0.792 0.057 0.085
2 0.45 0.789 0.024 0.028
2 0.093 0.827 0.185 0.341
2 0.937 0.819 0.124 0.163
11 0.625 0.69 0.018 0.034
11 0.389 0.674 0.011 0.028
11 0.995 0.592 0.007 0.083
