11 0.8 0.28 0.023 0.036
11 0.811 0.321 0.047 0.031
11 0.582 0.408 0.019 0.016
11 0.577 0.425 0.011 0.021
2 0.428 0.505 0.012 0.017
2 0.418 0.499 0.011 0.019
2 0.398 0.506 0.01 0.016
2 0.387 0.509 0.013 0.026
2 0.376 0.512 0.011 0.017
2 0.363 0.506 0.019 0.035
2 0.45 0.506 0.01 0.019
2 0.461 0.512 0.016 0.038
2 0.472 0.522 0.019 0.038
2 0.488 0.525 0.038 0.052
2 0.736 0.522 0.059 0.042
2 0.56 0.556 0.083 0.144
4 0.662 0.583 0.202 0.215
2 0.846 0.746 0.301 0.419
2 0.321 0.524 0.017 0.042
2 0.309 0.525 0.016 0.045
2 0.284 0.523 0.044 0.064
2 0.263 0.536 0.046 0.066
2 0.085 0.552 0.134 0.165
2 0.153 0.577 0.228 0.166
