11 0.356 0.408 0.019 0.017
11 0.355 0.435 0.014 0.029
11 0.305 0.435 0.012 0.021
11 0.326 0.442 0.012 0.023
11 0.746 0.412 0.019 0.033
11 0.856 0.362 0.021 0.017
11 0.653 0.44 0.011 0.027
11 0.445 0.441 0.014 0.008
8 0.385 0.424 0.008 0.017
8 0.433 0.395 0.013 0.021
8 0.511 0.412 0.012 0.017
8 0.379 0.448 0.009 0.019
11 0.379 0.391 0.012 0.042
7 0.434 0.415 0.012 0.015
11 0.467 0.438 0.008 0.023
2 0.433 0.468 0.019 0.021
2 0.454 0.474 0.028 0.05
2 0.566 0.47 0.014 0.033
2 0.41 0.469 0.022 0.027
2 0.604 0.473 0.032 0.035
2 0.656 0.482 0.047 0.044
2 0.512 0.513 0.112 0.189
2 0.375 0.474 0.021 0.017
