11 0.166 0.366 0.038 0.068
11 0.167 0.435 0.02 0.062
11 0.517 0.287 0.019 0.029
11 0.557 0.422 0.03 0.049
11 0.306 0.485 0.019 0.038
11 0.343 0.443 0.012 0.096
11 0.458 0.474 0.018 0.021
11 0.683 0.351 0.055 0.068
2 0.026 0.562 0.053 0.108
2 0.901 0.549 0.196 0.14
2 0.075 0.561 0.051 0.068
2 0.122 0.559 0.066 0.064
2 0.177 0.544 0.041 0.051
2 0.208 0.539 0.033 0.049
2 0.238 0.536 0.031 0.043
2 0.261 0.533 0.026 0.036
2 0.278 0.534 0.025 0.03
2 0.293 0.537 0.012 0.032
2 0.798 0.512 0.029 0.03
2 0.733 0.509 0.019 0.04
2 0.351 0.533 0.017 0.019
2 0.364 0.534 0.011 0.017
2 0.374 0.534 0.014 0.017
2 0.39 0.531 0.014 0.017
2 0.442 0.531 0.011 0.017
2 0.45 0.528 0.017 0.04
2 0.477 0.531 0.038 0.068
2 0.419 0.537 0.041 0.062
2 0.621 0.522 0.073 0.036
2 0.327 0.543 0.039 0.049
