11 0.182 0.229 0.059 0.031
11 0.517 0.084 0.024 0.051
10 0.388 0.116 0.02 0.079
10 0.553 0.096 0.02 0.084
10 0.54 0.332 0.009 0.028
7 0.58 0.338 0.009 0.028
11 0.63 0.372 0.023 0.015
10 0.983 0.241 0.013 0.048
10 0.79 0.397 0.009 0.031
7 0.673 0.453 0.007 0.071
2 0.008 0.406 0.016 0.038
2 0.011 0.466 0.021 0.087
2 0.049 0.414 0.063 0.059
2 0.46 0.47 0.049 0.125
2 0.569 0.392 0.085 0.02
4 0.743 0.454 0.067 0.033
2 0.836 0.456 0.023 0.02
2 0.855 0.461 0.019 0.025
2 0.883 0.464 0.052 0.041
2 0.968 0.466 0.032 0.038
2 0.4 0.485 0.113 0.148
2 0.188 0.543 0.375 0.331
2 0.583 0.599 0.281 0.401
2 0.921 0.462 0.093 0.043
10 0.005 0.319 0.007 0.051
2 0.008 0.407 0.015 0.046
2 0.819 0.462 0.035 0.028
2 0.696 0.458 0.024 0.033
