2 0.107 0.553 0.209 0.42
2 0.278 0.499 0.11 0.116
2 0.893 0.582 0.209 0.474
2 0.746 0.52 0.149 0.2
2 0.338 0.461 0.087 0.106
2 0.397 0.443 0.037 0.058
2 0.42 0.442 0.016 0.048
2 0.433 0.444 0.018 0.027
2 0.661 0.483 0.115 0.15
2 0.595 0.476 0.068 0.121
2 0.565 0.458 0.053 0.075
2 0.544 0.45 0.036 0.064
2 0.523 0.444 0.026 0.056
2 0.51 0.447 0.018 0.037
2 0.5 0.445 0.019 0.025
2 0.489 0.444 0.013 0.019
2 0.481 0.442 0.012 0.019
2 0.464 0.442 0.02 0.027
7 0.444 0.409 0.012 0.019
7 0.478 0.413 0.011 0.023
11 0.509 0.418 0.008 0.021
11 0.365 0.368 0.013 0.025
