2 0.369 0.581 0.022 0.048
2 0.26 0.551 0.04 0.029
2 0.209 0.585 0.047 0.063
2 0.261 0.63 0.124 0.132
2 0.144 0.578 0.097 0.116
2 0.32 0.581 0.086 0.119
2 0.498 0.578 0.024 0.032
0 0.113 0.764 0.226 0.465
2 0.433 0.662 0.145 0.198
4 0.431 0.511 0.114 0.206
2 0.592 0.541 0.018 0.019
2 0.758 0.547 0.106 0.025
3 0.903 0.52 0.191 0.077
11 0.369 0.473 0.016 0.025
11 0.562 0.457 0.016 0.031
11 0.553 0.429 0.019 0.013
11 0.563 0.496 0.016 0.032
11 0.672 0.444 0.028 0.013
11 0.626 0.491 0.012 0.022
11 0.564 0.307 0.026 0.066
11 0.702 0.472 0.012 0.009
11 0.685 0.497 0.011 0.012
11 0.705 0.488 0.016 0.009
11 0.869 0.329 0.012 0.026
11 0.874 0.405 0.013 0.044
11 0.895 0.458 0.016 0.028
11 0.875 0.472 0.02 0.015
11 0.291 0.486 0.02 0.035
11 0.344 0.491 0.017 0.018
2 0.344 0.508 0.019 0.018
2 0.55 0.482 0.008 0.026
2 0.652 0.508 0.007 0.015
10 0.515 0.452 0.006 0.026
10 0.646 0.436 0.006 0.025
10 0.653 0.438 0.007 0.028
8 0.654 0.396 0.008 0.018
8 0.241 0.448 0.008 0.016
0 0.673 0.544 0.012 0.03
