7 0.519 0.327 0.014 0.065
7 0.37 0.367 0.015 0.056
7 0.736 0.317 0.013 0.064
8 0.72 0.319 0.012 0.055
11 0.438 0.328 0.049 0.028
8 0.8 0.451 0.014 0.035
2 0.787 0.514 0.083 0.068
2 0.722 0.519 0.033 0.045
2 0.858 0.528 0.037 0.043
2 0.921 0.539 0.123 0.08
2 0.539 0.518 0.029 0.04
2 0.593 0.519 0.04 0.036
2 0.514 0.502 0.026 0.029
2 0.464 0.502 0.017 0.026
2 0.388 0.504 0.031 0.04
2 0.359 0.503 0.027 0.045
2 0.326 0.497 0.043 0.057
2 0.272 0.501 0.037 0.038
2 0.16 0.496 0.077 0.083
2 0.209 0.499 0.023 0.035
2 0.036 0.493 0.071 0.08
