2 0.03 0.332 0.058 0.082
2 0.102 0.326 0.084 0.065
2 0.147 0.324 0.048 0.064
2 0.271 0.331 0.046 0.044
2 0.333 0.345 0.127 0.075
2 0.383 0.347 0.074 0.078
2 0.455 0.341 0.07 0.08
2 0.527 0.351 0.076 0.057
2 0.592 0.353 0.058 0.046
2 0.623 0.351 0.025 0.037
2 0.65 0.349 0.032 0.036
2 0.664 0.351 0.019 0.03
2 0.793 0.369 0.025 0.054
2 0.805 0.376 0.025 0.061
2 0.828 0.383 0.059 0.083
2 0.867 0.388 0.069 0.091
2 0.913 0.402 0.097 0.122
2 0.956 0.423 0.087 0.176
2 0.994 0.48 0.01 0.114
11 0.891 0.254 0.018 0.025
11 0.89 0.287 0.035 0.044
11 0.97 0.271 0.019 0.029
2 0.675 0.353 0.013 0.028
2 0.744 0.355 0.027 0.028
