10 0.121 0.165 0.017 0.051
10 0.704 0.329 0.022 0.033
10 0.098 0.312 0.01 0.033
11 0.095 0.219 0.017 0.02
11 0.257 0.278 0.042 0.018
11 0.688 0.266 0.029 0.02
11 0.703 0.226 0.03 0.014
11 0.699 0.211 0.022 0.021
11 0.529 0.387 0.011 0.021
11 0.267 0.385 0.015 0.034
11 0.217 0.35 0.026 0.017
11 0.211 0.316 0.022 0.018
4 0.505 0.409 0.036 0.09
3 0.473 0.404 0.034 0.111
2 0.063 0.437 0.107 0.062
2 0.191 0.458 0.153 0.188
2 0.701 0.457 0.138 0.155
4 0.371 0.395 0.177 0.327
11 0.58 0.344 0.02 0.012
8 0.595 0.364 0.011 0.024
