0 0.027 0.598 0.03 0.083
0 0.062 0.579 0.029 0.079
2 0.13 0.574 0.06 0.062
2 0.21 0.564 0.039 0.055
2 0.308 0.619 0.085 0.115
2 0.369 0.588 0.032 0.049
4 0.395 0.552 0.038 0.079
2 0.419 0.557 0.012 0.028
2 0.425 0.546 0.012 0.023
2 0.453 0.54 0.01 0.011
2 0.457 0.551 0.014 0.017
2 0.462 0.565 0.02 0.032
7 0.503 0.413 0.012 0.038
10 0.49 0.414 0.008 0.032
7 0.342 0.451 0.011 0.034
10 0.353 0.447 0.012 0.034
7 0.223 0.526 0.012 0.021
11 0.293 0.447 0.011 0.017
11 0.579 0.412 0.014 0.023
11 0.628 0.479 0.03 0.055
11 0.661 0.464 0.02 0.017
11 0.678 0.492 0.016 0.034
10 0.667 0.526 0.018 0.026
8 0.682 0.527 0.014 0.023
8 0.563 0.542 0.011 0.015
2 0.796 0.619 0.158 0.147
0 0.677 0.585 0.019 0.043
2 0.644 0.605 0.074 0.051
4 0.717 0.594 0.036 0.047
10 0.015 0.466 0.014 0.038
10 0.652 0.507 0.011 0.032
