7 0.592 0.405 0.008 0.026
11 0.665 0.411 0.02 0.031
0 0.958 0.539 0.028 0.118
0 0.925 0.551 0.037 0.14
0 0.891 0.55 0.029 0.135
0 0.851 0.549 0.026 0.13
1 0.503 0.522 0.014 0.059
1 0.645 0.565 0.047 0.187
5 0.644 0.614 0.044 0.125
5 0.504 0.541 0.014 0.035
2 0.54 0.517 0.014 0.021
2 0.558 0.519 0.019 0.023
2 0.516 0.521 0.013 0.019
2 0.493 0.524 0.015 0.042
2 0.474 0.526 0.031 0.064
2 0.462 0.531 0.023 0.059
2 0.45 0.538 0.023 0.069
2 0.412 0.533 0.068 0.106
2 0.396 0.551 0.047 0.113
2 0.296 0.512 0.19 0.286
2 0.622 0.531 0.099 0.173
0 0.691 0.543 0.012 0.052
2 0.732 0.562 0.084 0.118
5 0.97 0.617 0.057 0.132
2 0.153 0.592 0.303 0.359
11 0.984 0.217 0.027 0.066
