2 0.954 0.71 0.038 0.037
2 0.98 0.713 0.024 0.033
2 0.811 0.731 0.03 0.032
2 0.782 0.74 0.043 0.03
2 0.745 0.739 0.032 0.029
2 0.704 0.742 0.04 0.033
2 0.459 0.741 0.014 0.019
2 0.305 0.741 0.012 0.01
2 0.133 0.756 0.032 0.037
2 0.1 0.762 0.035 0.041
2 0.036 0.764 0.041 0.046
2 0.062 0.762 0.049 0.041
2 0.278 0.745 0.008 0.014
2 0.347 0.74 0.011 0.011
2 0.321 0.744 0.006 0.013
2 0.29 0.743 0.016 0.014
2 0.255 0.748 0.018 0.019
2 0.182 0.752 0.014 0.013
2 0.008 0.772 0.016 0.041
11 0.147 0.581 0.017 0.025
11 0.373 0.624 0.026 0.014
11 0.721 0.442 0.013 0.045
11 0.984 0.365 0.03 0.048
10 0.127 0.586 0.01 0.04
10 0.699 0.455 0.016 0.057
10 0.796 0.396 0.022 0.076
10 0.937 0.189 0.071 0.27
8 0.248 0.592 0.011 0.04
8 0.385 0.673 0.01 0.04
8 0.469 0.693 0.009 0.016
0 0.841 0.732 0.012 0.043
10 0.973 0.13 0.053 0.249
