8 0.419 0.439 0.01 0.017
8 0.383 0.446 0.008 0.017
11 0.404 0.444 0.018 0.013
2 0.38 0.504 0.016 0.047
2 0.366 0.506 0.019 0.064
2 0.347 0.512 0.03 0.081
2 0.287 0.521 0.096 0.15
2 0.194 0.564 0.171 0.204
2 0.422 0.507 0.014 0.028
2 0.437 0.508 0.018 0.026
2 0.451 0.505 0.018 0.028
2 0.458 0.509 0.01 0.028
2 0.466 0.51 0.017 0.03
2 0.48 0.509 0.017 0.036
2 0.491 0.521 0.018 0.064
2 0.642 0.55 0.135 0.196
2 0.083 0.621 0.165 0.387
2 0.523 0.526 0.066 0.083
2 0.794 0.587 0.317 0.276
11 0.282 0.391 0.016 0.015
