8 0.46 0.257 0.013 0.065
8 0.335 0.369 0.007 0.037
10 0.342 0.373 0.006 0.034
10 0.323 0.369 0.011 0.046
10 0.44 0.256 0.017 0.061
10 0.654 0.405 0.029 0.056
10 0.608 0.436 0.009 0.038
11 0.15 0.384 0.019 0.014
11 0.162 0.44 0.027 0.046
11 0.209 0.428 0.024 0.038
11 0.208 0.475 0.03 0.05
10 0.22 0.395 0.011 0.038
11 0.264 0.385 0.055 0.032
11 0.238 0.419 0.016 0.068
11 0.609 0.464 0.014 0.011
11 0.607 0.475 0.011 0.006
11 0.609 0.484 0.012 0.009
11 0.61 0.495 0.01 0.011
11 0.931 0.498 0.01 0.028
8 0.984 0.473 0.007 0.022
10 0.979 0.475 0.007 0.023
11 0.792 0.478 0.014 0.031
2 0.39 0.54 0.035 0.034
2 0.043 0.532 0.012 0.011
2 0.02 0.537 0.012 0.013
2 0.017 0.552 0.014 0.015
2 0.034 0.551 0.013 0.018
0 0.401 0.538 0.007 0.024
0 0.411 0.533 0.007 0.02
0 0.416 0.541 0.006 0.037
0 0.411 0.542 0.006 0.034
0 0.427 0.54 0.009 0.036
0 0.436 0.54 0.005 0.034
0 0.442 0.541 0.006 0.034
0 0.451 0.545 0.008 0.041
0 0.627 0.562 0.009 0.054
0 0.61 0.558 0.01 0.047
0 0.603 0.554 0.012 0.056
0 0.584 0.553 0.008 0.061
0 0.598 0.557 0.009 0.056
0 0.578 0.561 0.01 0.052
0 0.592 0.558 0.009 0.059
2 0.972 0.564 0.053 0.06
2 0.861 0.553 0.031 0.036
2 0.888 0.56 0.045 0.05
2 0.819 0.559 0.067 0.055
2 0.918 0.567 0.073 0.06
2 0.352 0.561 0.079 0.085
2 0.106 0.568 0.179 0.107
2 0.28 0.561 0.184 0.126
4 0.515 0.536 0.126 0.142
2 0.722 0.561 0.078 0.063
11 0.896 0.508 0.012 0.019
11 0.879 0.504 0.011 0.009
2 0.885 0.876 0.225 0.242
