11 0.941 0.213 0.029 0.062
11 0.955 0.269 0.03 0.057
11 0.926 0.262 0.021 0.035
11 0.821 0.331 0.041 0.029
11 0.183 0.366 0.023 0.04
7 0.28 0.256 0.01 0.048
7 0.171 0.314 0.011 0.051
11 0.059 0.294 0.046 0.033
7 0.483 0.337 0.007 0.039
11 0.628 0.31 0.029 0.033
11 0.63 0.379 0.022 0.017
11 0.641 0.4 0.02 0.015
10 0.084 0.343 0.017 0.037
10 0.172 0.405 0.013 0.026
10 0.186 0.405 0.012 0.029
11 0.183 0.431 0.015 0.026
10 0.643 0.434 0.013 0.033
10 0.841 0.388 0.022 0.04
10 0.813 0.391 0.014 0.042
0 0.993 0.501 0.012 0.112
11 0.057 0.336 0.034 0.039
2 0.107 0.542 0.215 0.414
0 0.751 0.501 0.012 0.07
0 0.734 0.521 0.02 0.081
0 0.682 0.503 0.011 0.057
0 0.672 0.506 0.011 0.044
0 0.638 0.493 0.008 0.039
0 0.626 0.494 0.008 0.044
0 0.611 0.508 0.018 0.079
4 0.431 0.451 0.068 0.105
7 0.378 0.431 0.008 0.022
10 0.288 0.259 0.01 0.044
2 0.382 0.495 0.035 0.056
2 0.499 0.501 0.014 0.026
3 0.538 0.48 0.057 0.096
2 0.478 0.501 0.028 0.05
2 0.435 0.521 0.071 0.09
2 0.546 0.513 0.044 0.057
2 0.968 0.508 0.063 0.097
