9 0.35 0.487 0.005 0.025
9 0.387 0.47 0.006 0.016
10 0.391 0.468 0.006 0.016
10 0.454 0.53 0.01 0.012
11 0.538 0.323 0.026 0.068
11 0.539 0.392 0.026 0.058
11 0.451 0.499 0.009 0.016
11 0.448 0.518 0.013 0.012
11 0.295 0.534 0.01 0.012
11 0.297 0.548 0.008 0.023
11 0.29 0.521 0.009 0.01
11 0.407 0.473 0.013 0.023
11 0.065 0.481 0.02 0.031
2 0.345 0.57 0.016 0.031
2 0.425 0.568 0.013 0.047
2 0.433 0.574 0.017 0.056
2 0.212 0.591 0.034 0.074
2 0.172 0.611 0.082 0.093
2 0.121 0.642 0.101 0.109
2 0.328 0.582 0.035 0.047
2 0.26 0.608 0.087 0.12
2 0.455 0.576 0.041 0.068
3 0.385 0.552 0.068 0.148
2 0.049 0.669 0.098 0.138
