11 0.63 0.612 0.01 0.03
11 0.736 0.553 0.01 0.025
11 0.742 0.572 0.017 0.014
2 0.743 0.735 0.307 0.322
2 0.302 0.691 0.02 0.013
2 0.329 0.691 0.021 0.013
2 0.281 0.7 0.02 0.023
2 0.371 0.683 0.015 0.014
2 0.386 0.681 0.016 0.014
2 0.438 0.681 0.014 0.014
2 0.421 0.686 0.02 0.034
2 0.2 0.711 0.03 0.038
2 0.148 0.73 0.048 0.052
2 0.077 0.72 0.032 0.034
2 0.052 0.725 0.038 0.038
2 0.006 0.757 0.012 0.063
6 0.023 0.766 0.03 0.065
1 0.02 0.738 0.017 0.052
1 0.031 0.73 0.012 0.05
11 0.362 0.658 0.009 0.021
3 0.505 0.658 0.016 0.036
