0 0.878 0.613 0.063 0.231
0 0.816 0.593 0.056 0.213
0 0.666 0.605 0.049 0.221
0 0.389 0.567 0.014 0.062
11 0.422 0.363 0.019 0.047
11 0.242 0.494 0.026 0.014
11 0.287 0.504 0.016 0.011
10 0.217 0.492 0.006 0.025
7 0.212 0.492 0.006 0.027
11 0.266 0.523 0.013 0.012
0 0.6 0.561 0.03 0.145
0 0.377 0.557 0.01 0.04
2 0.329 0.606 0.093 0.124
2 0.267 0.597 0.041 0.075
3 0.042 0.609 0.084 0.11
2 0.087 0.605 0.007 0.034
2 0.095 0.604 0.013 0.032
2 0.111 0.602 0.022 0.032
2 0.135 0.599 0.023 0.029
2 0.149 0.583 0.012 0.02
2 0.161 0.58 0.011 0.019
2 0.193 0.568 0.006 0.014
2 0.176 0.585 0.018 0.035
2 0.199 0.58 0.015 0.021
2 0.188 0.581 0.006 0.021
2 0.216 0.574 0.018 0.031
2 0.192 0.55 0.008 0.02
10 0.963 0.331 0.032 0.05
0 0.241 0.57 0.011 0.053
