2 0.473 0.458 0.183 0.257
2 0.733 0.45 0.092 0.053
2 0.784 0.46 0.041 0.043
2 0.819 0.46 0.072 0.051
11 0.535 0.329 0.023 0.036
11 0.346 0.327 0.016 0.019
11 0.265 0.344 0.012 0.04
11 0.25 0.346 0.01 0.036
11 0.566 0.394 0.014 0.03
11 0.588 0.393 0.011 0.032
11 0.124 0.257 0.096 0.13
11 0.344 0.091 0.135 0.152
11 0.475 0.106 0.105 0.132
11 0.721 0.301 0.096 0.121
11 0.837 0.36 0.014 0.045
7 0.556 0.377 0.007 0.023
10 0.397 0.371 0.007 0.019
11 0.216 0.338 0.01 0.019
11 0.221 0.388 0.008 0.017
11 0.344 0.176 0.137 0.064
11 0.474 0.193 0.101 0.052
2 0.906 0.453 0.029 0.047
11 0.602 0.393 0.013 0.035
