10 0.724 0.302 0.014 0.047
10 0.372 0.199 0.016 0.066
10 0.665 0.046 0.018 0.088
7 0.513 0.459 0.009 0.016
7 0.505 0.459 0.008 0.012
7 0.727 0.416 0.012 0.019
7 0.573 0.458 0.008 0.014
8 0.511 0.411 0.009 0.012
8 0.693 0.053 0.018 0.08
2 0.519 0.476 0.01 0.012
2 0.511 0.479 0.012 0.014
2 0.686 0.483 0.033 0.029
2 0.718 0.486 0.044 0.028
2 0.815 0.492 0.056 0.04
2 0.947 0.5 0.065 0.042
2 0.904 0.5 0.039 0.031
2 0.987 0.518 0.024 0.054
0 0.874 0.505 0.009 0.024
0 0.789 0.48 0.008 0.033
11 0.723 0.364 0.024 0.021
11 0.652 0.455 0.008 0.017
11 0.626 0.472 0.012 0.035
2 0.65 0.484 0.031 0.033
8 0.661 0.413 0.009 0.026
2 0.135 0.473 0.032 0.035
2 0.188 0.478 0.026 0.027
