8 0.611 0.354 0.006 0.024
8 0.471 0.375 0.006 0.022
8 0.655 0.379 0.004 0.022
9 0.684 0.435 0.006 0.017
9 0.43 0.425 0.01 0.013
11 0.457 0.38 0.015 0.011
11 0.642 0.359 0.026 0.013
11 0.677 0.36 0.013 0.028
2 0.532 0.43 0.009 0.024
4 0.502 0.427 0.047 0.026
4 0.459 0.443 0.088 0.054
2 0.502 0.456 0.039 0.037
0 0.404 0.455 0.006 0.03
0 0.394 0.455 0.007 0.035
0 0.387 0.451 0.007 0.035
0 0.375 0.449 0.012 0.035
3 0.298 0.434 0.059 0.063
0 0.587 0.458 0.006 0.033
2 0.591 0.447 0.023 0.02
3 0.558 0.441 0.045 0.072
2 0.606 0.473 0.029 0.048
2 0.546 0.489 0.065 0.081
2 0.65 0.477 0.062 0.118
0 0.687 0.471 0.009 0.046
0 0.706 0.463 0.009 0.024
2 0.72 0.492 0.048 0.074
2 0.783 0.493 0.124 0.128
6 0.938 0.544 0.034 0.07
0 0.345 0.464 0.012 0.03
0 0.334 0.459 0.01 0.048
