2 0.144 0.448 0.135 0.119
2 0.424 0.444 0.083 0.124
2 0.904 0.523 0.182 0.486
8 0.248 0.352 0.011 0.017
8 0.21 0.351 0.011 0.019
8 0.536 0.356 0.011 0.019
10 0.31 0.364 0.014 0.017
7 0.353 0.271 0.007 0.034
7 0.469 0.285 0.011 0.029
10 0.361 0.271 0.011 0.039
10 0.473 0.284 0.005 0.036
7 0.417 0.35 0.012 0.027
7 0.39 0.357 0.011 0.022
11 0.101 0.358 0.046 0.049
11 0.313 0.33 0.012 0.012
11 0.318 0.351 0.015 0.015
11 0.527 0.33 0.012 0.012
11 0.557 0.266 0.022 0.034
11 0.566 0.311 0.022 0.012
4 0.368 0.387 0.049 0.083
2 0.398 0.376 0.014 0.022
2 0.454 0.368 0.012 0.017
2 0.472 0.375 0.016 0.034
2 0.473 0.396 0.016 0.027
2 0.482 0.399 0.012 0.029
2 0.49 0.407 0.018 0.024
2 0.519 0.413 0.02 0.061
2 0.53 0.413 0.026 0.08
2 0.572 0.414 0.09 0.117
2 0.747 0.479 0.268 0.291
2 0.439 0.367 0.015 0.019
2 0.41 0.37 0.016 0.024
