11 0.622 0.386 0.013 0.016
11 0.611 0.419 0.015 0.034
11 0.553 0.429 0.023 0.034
11 0.494 0.511 0.012 0.013
11 0.133 0.512 0.01 0.028
7 0.112 0.313 0.017 0.056
7 0.393 0.371 0.01 0.036
7 0.445 0.363 0.008 0.033
10 0.095 0.31 0.016 0.054
10 0.382 0.371 0.008 0.034
0 0.07 0.591 0.016 0.065
0 0.145 0.584 0.012 0.057
0 0.19 0.578 0.013 0.036
2 0.063 0.771 0.125 0.411
2 0.241 0.571 0.048 0.077
2 0.361 0.557 0.009 0.024
2 0.351 0.558 0.015 0.049
2 0.3 0.569 0.091 0.137
2 0.42 0.546 0.105 0.206
2 0.524 0.549 0.057 0.085
2 0.613 0.566 0.107 0.189
2 0.752 0.594 0.277 0.295
