7 0.554 0.328 0.005 0.027
7 0.572 0.357 0.007 0.022
7 0.646 0.348 0.004 0.024
7 0.652 0.363 0.004 0.019
2 0.618 0.402 0.02 0.01
2 0.632 0.402 0.014 0.01
2 0.656 0.414 0.012 0.019
2 0.637 0.415 0.012 0.027
2 0.628 0.431 0.018 0.049
2 0.608 0.441 0.042 0.068
2 0.49 0.407 0.018 0.024
2 0.469 0.422 0.04 0.056
2 0.456 0.434 0.044 0.075
2 0.419 0.436 0.063 0.107
4 0.783 0.377 0.194 0.359
0 0.675 0.414 0.01 0.039
0 0.688 0.425 0.008 0.051
2 0.685 0.426 0.014 0.029
2 0.665 0.426 0.016 0.029
2 0.537 0.478 0.127 0.172
2 0.34 0.437 0.134 0.138
0 0.919 0.424 0.008 0.039
0 0.899 0.464 0.023 0.119
0 0.745 0.466 0.049 0.226
0 0.872 0.478 0.092 0.294
10 0.689 0.371 0.008 0.022
10 0.684 0.369 0.008 0.032
0 0.742 0.309 0.038 0.151
2 0.502 0.028 0.016 0.053
2 0.005 0.417 0.01 0.075
11 0.568 0.374 0.011 0.022
