8 0.298 0.358 0.015 0.066
8 0.459 0.256 0.015 0.085
8 0.585 0.575 0.007 0.025
8 0.169 0.535 0.01 0.027
8 0.184 0.531 0.012 0.027
8 0.785 0.518 0.01 0.035
7 0.315 0.369 0.012 0.049
7 0.766 0.519 0.009 0.029
7 0.451 0.589 0.006 0.016
0 0.533 0.629 0.012 0.033
0 0.496 0.643 0.016 0.062
11 0.197 0.502 0.027 0.023
11 0.181 0.486 0.034 0.012
7 0.212 0.435 0.015 0.049
11 0.786 0.458 0.029 0.035
11 0.786 0.424 0.014 0.025
11 0.78 0.384 0.051 0.027
11 0.679 0.558 0.024 0.021
11 0.477 0.586 0.007 0.016
11 0.378 0.583 0.01 0.01
2 0.63 0.661 0.068 0.076
2 0.415 0.619 0.013 0.021
2 0.371 0.625 0.027 0.039
2 0.4 0.624 0.014 0.021
2 0.429 0.618 0.009 0.012
2 0.44 0.618 0.01 0.021
2 0.717 0.703 0.191 0.216
2 0.87 0.785 0.256 0.332
3 0.467 0.618 0.023 0.035
0 0.269 0.614 0.009 0.054
0 0.257 0.623 0.012 0.052
11 0.787 0.322 0.03 0.043
11 0.808 0.354 0.04 0.03
7 0.578 0.576 0.006 0.023
