11 0.902 0.421 0.016 0.021
11 0.899 0.373 0.035 0.06
11 0.455 0.467 0.014 0.026
11 0.402 0.46 0.023 0.026
11 0.407 0.446 0.016 0.013
11 0.509 0.469 0.009 0.011
11 0.041 0.524 0.011 0.021
11 0.522 0.469 0.011 0.019
4 0.709 0.45 0.166 0.139
4 0.275 0.503 0.025 0.075
4 0.314 0.494 0.057 0.114
4 0.567 0.487 0.05 0.073
4 0.518 0.5 0.032 0.047
4 0.476 0.505 0.036 0.022
2 0.486 0.486 0.012 0.022
2 0.472 0.488 0.012 0.015
2 0.457 0.498 0.013 0.015
2 0.4 0.505 0.008 0.03
2 0.393 0.499 0.007 0.032
2 0.361 0.546 0.088 0.127
2 0.013 0.676 0.026 0.193
2 0.408 0.501 0.014 0.022
