2 0.447 0.382 0.016 0.019
2 0.434 0.382 0.012 0.019
2 0.427 0.382 0.011 0.019
2 0.415 0.387 0.012 0.019
2 0.384 0.389 0.022 0.028
2 0.368 0.384 0.013 0.028
2 0.355 0.389 0.015 0.028
2 0.336 0.375 0.025 0.019
2 0.33 0.4 0.036 0.03
2 0.486 0.377 0.013 0.019
2 0.511 0.382 0.012 0.019
2 0.527 0.394 0.022 0.042
2 0.471 0.393 0.02 0.03
2 0.492 0.387 0.013 0.023
2 0.558 0.409 0.057 0.087
2 0.028 0.38 0.055 0.066
2 0.078 0.435 0.156 0.105
2 0.066 0.374 0.016 0.017
2 0.159 0.398 0.078 0.084
2 0.218 0.383 0.018 0.021
11 0.594 0.349 0.017 0.023
11 0.641 0.349 0.026 0.052
11 0.673 0.371 0.02 0.035
2 0.595 0.381 0.013 0.021
2 0.67 0.394 0.022 0.028
2 0.619 0.398 0.03 0.042
2 0.761 0.43 0.041 0.073
2 0.706 0.404 0.017 0.023
2 0.885 0.402 0.229 0.295
