11 0.758 0.233 0.032 0.104
11 0.784 0.364 0.036 0.063
11 0.585 0.378 0.03 0.054
11 0.442 0.35 0.043 0.048
11 0.422 0.389 0.01 0.025
11 0.284 0.378 0.047 0.025
11 0.191 0.418 0.01 0.023
11 0.159 0.431 0.006 0.016
11 0.071 0.423 0.012 0.021
11 0.093 0.381 0.03 0.043
11 0.062 0.383 0.026 0.043
11 0.305 0.428 0.013 0.011
2 0.389 0.434 0.01 0.02
2 0.368 0.434 0.015 0.027
2 0.29 0.437 0.019 0.021
2 0.27 0.44 0.015 0.018
2 0.239 0.44 0.013 0.021
2 0.226 0.443 0.025 0.034
2 0.206 0.444 0.011 0.021
2 0.037 0.46 0.032 0.032
2 0.838 0.423 0.062 0.038
2 0.723 0.437 0.068 0.047
2 0.578 0.457 0.076 0.09
11 0.758 0.154 0.015 0.045
