11 0.204 0.401 0.109 0.111
11 0.316 0.411 0.102 0.108
11 0.408 0.419 0.06 0.06
11 0.422 0.386 0.027 0.02
11 0.383 0.553 0.009 0.019
11 0.504 0.555 0.012 0.02
11 0.503 0.57 0.01 0.01
11 0.492 0.58 0.009 0.03
2 0.223 0.576 0.058 0.06
2 0.279 0.581 0.06 0.052
2 0.341 0.588 0.033 0.026
2 0.381 0.592 0.02 0.018
2 0.423 0.595 0.021 0.019
2 0.449 0.592 0.026 0.022
2 0.403 0.593 0.016 0.018
2 0.537 0.591 0.015 0.011
2 0.157 0.575 0.057 0.052
2 0.511 0.598 0.026 0.027
2 0.553 0.606 0.02 0.016
2 0.528 0.598 0.011 0.023
11 0.832 0.48 0.024 0.045
11 0.819 0.433 0.028 0.046
11 0.807 0.473 0.017 0.031
11 0.818 0.594 0.021 0.05
8 0.532 0.568 0.006 0.012
2 0.538 0.605 0.017 0.018
