2 0.317 0.534 0.017 0.041
2 0.307 0.51 0.016 0.012
2 0.303 0.537 0.023 0.056
2 0.277 0.534 0.042 0.074
2 0.266 0.545 0.035 0.07
2 0.241 0.549 0.061 0.082
2 0.197 0.552 0.07 0.122
2 0.103 0.55 0.166 0.225
2 0.379 0.543 0.007 0.019
2 0.384 0.543 0.007 0.031
2 0.389 0.541 0.008 0.039
2 0.393 0.544 0.012 0.041
2 0.41 0.551 0.024 0.039
2 0.405 0.548 0.024 0.049
2 0.427 0.553 0.031 0.06
2 0.469 0.564 0.074 0.101
2 0.505 0.587 0.072 0.101
2 0.557 0.608 0.106 0.146
2 0.708 0.624 0.273 0.311
2 0.041 0.579 0.08 0.285
2 0.881 0.669 0.235 0.447
4 0.353 0.49 0.022 0.025
2 0.352 0.542 0.054 0.087
