11 0.737 0.367 0.032 0.055
11 0.441 0.547 0.021 0.033
11 0.452 0.567 0.019 0.014
11 0.7 0.478 0.025 0.01
11 0.614 0.515 0.009 0.038
10 0.005 0.469 0.011 0.043
10 0.015 0.485 0.016 0.059
10 0.472 0.472 0.016 0.036
10 0.457 0.478 0.013 0.035
10 0.447 0.481 0.012 0.033
10 0.611 0.424 0.019 0.085
10 0.718 0.38 0.018 0.05
0 0.535 0.652 0.019 0.083
2 0.279 0.805 0.39 0.383
2 0.839 0.75 0.318 0.412
2 0.459 0.773 0.076 0.18
2 0.638 0.745 0.164 0.194
2 0.457 0.69 0.092 0.069
4 0.748 0.624 0.086 0.104
10 0.731 0.519 0.023 0.044
8 0.434 0.591 0.021 0.017
