11 0.031 0.426 0.025 0.014
11 0.261 0.451 0.026 0.014
11 0.275 0.474 0.016 0.016
11 0.671 0.48 0.019 0.017
11 0.716 0.453 0.027 0.033
11 0.716 0.423 0.015 0.024
11 0.58 0.513 0.015 0.021
7 0.368 0.412 0.005 0.028
7 0.51 0.403 0.008 0.033
10 0.355 0.42 0.012 0.043
10 0.505 0.404 0.008 0.038
10 0.267 0.418 0.011 0.035
7 0.266 0.501 0.013 0.017
0 0.595 0.579 0.008 0.042
0 0.611 0.576 0.007 0.04
0 0.626 0.58 0.01 0.036
0 0.638 0.582 0.01 0.035
0 0.75 0.595 0.015 0.075
0 0.731 0.6 0.013 0.069
0 0.709 0.575 0.01 0.038
0 0.264 0.548 0.01 0.036
0 0.281 0.557 0.013 0.054
0 0.536 0.568 0.008 0.031
0 0.548 0.567 0.01 0.031
2 0.052 0.586 0.1 0.163
2 0.142 0.562 0.124 0.147
2 0.313 0.562 0.039 0.047
2 0.426 0.569 0.032 0.05
2 0.331 0.56 0.01 0.031
2 0.34 0.557 0.011 0.029
2 0.348 0.558 0.009 0.028
2 0.357 0.561 0.008 0.026
2 0.365 0.555 0.011 0.023
3 0.486 0.552 0.037 0.068
3 0.461 0.55 0.026 0.054
2 0.672 0.592 0.056 0.04
2 0.379 0.549 0.014 0.017
2 0.398 0.548 0.013 0.021
