2 0.352 0.417 0.006 0.012
2 0.36 0.419 0.005 0.014
2 0.369 0.419 0.008 0.016
2 0.381 0.42 0.008 0.015
2 0.391 0.418 0.008 0.015
2 0.401 0.418 0.011 0.015
2 0.415 0.42 0.008 0.016
2 0.422 0.42 0.008 0.015
2 0.429 0.42 0.008 0.016
2 0.436 0.42 0.008 0.014
2 0.444 0.42 0.007 0.019
2 0.451 0.421 0.009 0.023
2 0.463 0.422 0.01 0.024
2 0.474 0.424 0.012 0.026
2 0.481 0.425 0.011 0.029
2 0.49 0.431 0.01 0.024
2 0.502 0.431 0.013 0.03
2 0.513 0.43 0.015 0.038
2 0.53 0.431 0.028 0.05
2 0.569 0.435 0.067 0.094
2 0.593 0.446 0.081 0.105
2 0.62 0.463 0.061 0.111
2 0.687 0.486 0.161 0.197
2 0.854 0.553 0.288 0.415
2 0.344 0.424 0.01 0.027
2 0.333 0.426 0.011 0.031
2 0.32 0.426 0.016 0.038
2 0.31 0.431 0.015 0.041
2 0.298 0.43 0.021 0.049
2 0.274 0.434 0.037 0.052
2 0.246 0.437 0.039 0.057
2 0.195 0.443 0.078 0.075
2 0.113 0.465 0.092 0.094
2 0.038 0.471 0.076 0.132
8 0.35 0.368 0.009 0.023
8 0.383 0.37 0.01 0.027
