7 0.776 0.196 0.021 0.039
7 0.544 0.313 0.009 0.025
7 0.587 0.307 0.011 0.022
7 0.526 0.329 0.009 0.019
7 0.491 0.329 0.006 0.015
7 0.449 0.316 0.006 0.02
7 0.477 0.346 0.004 0.015
11 0.361 0.31 0.015 0.037
11 0.649 0.302 0.015 0.032
11 0.769 0.24 0.028 0.042
2 0.553 0.364 0.018 0.023
2 0.47 0.368 0.025 0.034
2 0.498 0.364 0.034 0.056
2 0.534 0.367 0.018 0.032
2 0.587 0.373 0.03 0.037
2 0.567 0.376 0.014 0.032
2 0.52 0.365 0.011 0.019
2 0.444 0.369 0.025 0.029
8 0.781 0.309 0.013 0.02
11 0.768 0.128 0.025 0.017
