2 0.215 0.565 0.349 0.374
2 0.473 0.478 0.048 0.068
2 0.416 0.47 0.052 0.092
10 0.206 0.309 0.036 0.06
10 0.83 0.295 0.011 0.047
10 0.897 0.47 0.008 0.024
8 0.536 0.267 0.006 0.048
8 0.842 0.294 0.008 0.058
8 0.917 0.472 0.015 0.028
8 0.334 0.373 0.019 0.034
11 0.246 0.192 0.022 0.037
11 0.243 0.228 0.066 0.05
11 0.915 0.391 0.03 0.02
11 0.901 0.404 0.018 0.014
11 0.356 0.341 0.026 0.021
11 0.342 0.318 0.027 0.021
0 0.957 0.558 0.022 0.098
0 0.742 0.517 0.012 0.061
0 0.62 0.489 0.011 0.041
0 0.601 0.487 0.007 0.033
0 0.567 0.477 0.006 0.031
0 0.673 0.501 0.011 0.047
0 0.613 0.485 0.006 0.04
0 0.607 0.487 0.006 0.036
0 0.381 0.459 0.009 0.055
0 0.36 0.45 0.015 0.051
0 0.041 0.473 0.062 0.252
0 0.072 0.476 0.036 0.22
0 0.119 0.42 0.034 0.077
0 0.156 0.383 0.03 0.023
2 0.101 0.439 0.026 0.08
11 0.251 0.319 0.006 0.049
11 0.122 0.029 0.048 0.058
