11 0.714 0.419 0.018 0.029
11 0.456 0.399 0.017 0.025
11 0.657 0.436 0.008 0.023
8 0.075 0.324 0.028 0.047
11 0.186 0.318 0.024 0.03
11 0.212 0.24 0.055 0.057
11 0.89 0.377 0.022 0.027
2 0.595 0.461 0.009 0.023
2 0.578 0.462 0.019 0.029
2 0.61 0.471 0.021 0.032
2 0.692 0.463 0.022 0.027
2 0.707 0.473 0.035 0.021
2 0.734 0.499 0.069 0.063
2 0.801 0.532 0.11 0.107
2 0.632 0.457 0.024 0.02
2 0.516 0.46 0.012 0.032
2 0.504 0.466 0.016 0.029
2 0.486 0.466 0.014 0.034
2 0.472 0.464 0.016 0.047
2 0.446 0.457 0.044 0.057
2 0.426 0.469 0.04 0.057
2 0.385 0.469 0.062 0.075
2 0.346 0.483 0.08 0.075
2 0.26 0.489 0.134 0.097
2 0.662 0.462 0.03 0.021
4 0.038 0.358 0.075 0.569
0 0.88 0.503 0.022 0.097
0 0.955 0.558 0.065 0.245
