0 0.559 0.39 0.02 0.108
0 0.547 0.397 0.029 0.127
0 0.514 0.402 0.03 0.112
0 0.472 0.387 0.021 0.063
0 0.444 0.423 0.028 0.169
0 0.438 0.368 0.011 0.026
0 0.413 0.379 0.009 0.042
0 0.408 0.364 0.011 0.026
2 0.237 0.385 0.018 0.047
2 0.215 0.375 0.029 0.061
2 0.184 0.385 0.057 0.084
2 0.15 0.398 0.073 0.171
2 0.269 0.382 0.032 0.084
7 0.188 0.067 0.012 0.059
7 0.178 0.251 0.009 0.023
7 0.239 0.282 0.005 0.028
7 0.345 0.276 0.009 0.021
2 0.076 0.468 0.152 0.391
2 0.34 0.449 0.169 0.265
10 0.209 0.069 0.017 0.062
