2 0.434 0.54 0.009 0.012
2 0.438 0.544 0.009 0.017
2 0.443 0.549 0.015 0.024
2 0.455 0.563 0.024 0.038
2 0.379 0.545 0.013 0.015
2 0.371 0.555 0.012 0.029
2 0.364 0.561 0.015 0.032
2 0.357 0.568 0.015 0.034
2 0.348 0.566 0.012 0.037
2 0.275 0.576 0.04 0.067
2 0.242 0.587 0.062 0.057
2 0.33 0.569 0.034 0.046
2 0.391 0.553 0.028 0.032
2 0.41 0.543 0.014 0.015
2 0.487 0.573 0.052 0.072
7 0.527 0.051 0.028 0.095
8 0.494 0.048 0.032 0.096
7 0.467 0.514 0.01 0.023
11 0.539 0.481 0.023 0.04
11 0.74 0.342 0.045 0.026
11 0.408 0.528 0.006 0.012
