2 0.266 0.59 0.05 0.066
2 0.305 0.588 0.028 0.057
2 0.333 0.587 0.029 0.043
2 0.363 0.583 0.028 0.038
2 0.388 0.586 0.02 0.023
2 0.417 0.589 0.028 0.034
2 0.443 0.587 0.03 0.026
2 0.471 0.585 0.012 0.017
2 0.485 0.587 0.011 0.021
2 0.498 0.592 0.017 0.028
2 0.51 0.6 0.019 0.03
2 0.525 0.598 0.018 0.04
2 0.543 0.605 0.038 0.053
7 0.486 0.543 0.01 0.019
7 0.416 0.54 0.014 0.017
7 0.446 0.564 0.011 0.015
8 0.573 0.311 0.024 0.07
7 0.586 0.311 0.019 0.066
8 0.603 0.307 0.017 0.062
11 0.683 0.365 0.074 0.045
7 0.769 0.533 0.023 0.036
7 0.477 0.566 0.012 0.017
2 0.574 0.604 0.023 0.043
