8 0.782 0.157 0.013 0.049
8 0.71 0.15 0.012 0.054
8 0.632 0.138 0.014 0.054
7 0.572 0.136 0.013 0.054
10 0.722 0.145 0.011 0.049
10 0.52 0.134 0.017 0.049
10 0.53 0.135 0.013 0.054
10 0.452 0.125 0.011 0.058
10 0.331 0.124 0.015 0.06
10 0.316 0.128 0.011 0.067
11 0.298 0.124 0.021 0.047
11 0.184 0.113 0.02 0.047
10 0.212 0.109 0.014 0.063
11 0.21 0.298 0.013 0.024
11 0.058 0.293 0.018 0.078
10 0.069 0.258 0.014 0.054
2 0.434 0.341 0.022 0.029
2 0.408 0.347 0.03 0.041
2 0.24 0.336 0.015 0.015
2 0.225 0.337 0.015 0.02
2 0.209 0.34 0.015 0.023
2 0.193 0.339 0.028 0.021
2 0.159 0.34 0.033 0.023
2 0.082 0.343 0.018 0.02
2 0.106 0.342 0.023 0.024
2 0.059 0.344 0.02 0.018
2 0.132 0.339 0.021 0.028
2 0.343 0.338 0.025 0.023
2 0.32 0.341 0.033 0.026
2 0.761 0.335 0.017 0.031
2 0.786 0.334 0.021 0.037
2 0.824 0.333 0.022 0.038
2 0.802 0.34 0.033 0.04
2 0.902 0.335 0.03 0.052
2 0.861 0.338 0.052 0.057
2 0.955 0.37 0.089 0.126
2 0.713 0.343 0.09 0.156
2 0.564 0.397 0.258 0.433
