11 0.67 0.427 0.016 0.038
11 0.653 0.446 0.038 0.017
11 0.584 0.548 0.023 0.021
0 0.686 0.598 0.009 0.023
0 0.678 0.606 0.01 0.024
0 0.614 0.601 0.014 0.027
0 0.605 0.618 0.013 0.065
0 0.592 0.617 0.014 0.061
0 0.556 0.626 0.023 0.083
0 0.518 0.648 0.038 0.113
2 0.524 0.638 0.042 0.061
2 0.49 0.633 0.038 0.076
2 0.377 0.62 0.022 0.054
2 0.34 0.6 0.041 0.026
2 0.348 0.696 0.077 0.177
2 0.706 0.628 0.067 0.042
2 0.636 0.67 0.11 0.125
2 0.99 0.828 0.02 0.097
2 0.431 0.651 0.102 0.132
2 0.771 0.714 0.226 0.203
2 0.172 0.736 0.344 0.521
11 0.661 0.391 0.024 0.021
7 0.436 0.565 0.009 0.025
