2 0.568 0.353 0.012 0.024
2 0.578 0.357 0.011 0.015
2 0.565 0.375 0.011 0.017
2 0.544 0.387 0.014 0.012
2 0.537 0.39 0.012 0.017
2 0.535 0.401 0.012 0.019
2 0.527 0.395 0.015 0.017
2 0.522 0.404 0.015 0.022
2 0.551 0.392 0.012 0.027
2 0.547 0.408 0.015 0.024
2 0.499 0.421 0.034 0.056
2 0.494 0.435 0.03 0.044
2 0.442 0.435 0.029 0.053
2 0.342 0.404 0.173 0.265
2 0.075 0.407 0.15 0.124
2 0.884 0.454 0.082 0.126
2 0.905 0.465 0.051 0.134
11 0.682 0.438 0.044 0.073
11 0.951 0.499 0.093 0.335
11 0.671 0.375 0.018 0.034
11 0.068 0.164 0.048 0.069
0 0.572 0.415 0.016 0.061
0 0.613 0.417 0.012 0.061
0 0.63 0.399 0.015 0.044
