7 0.609 0.045 0.023 0.091
10 0.578 0.046 0.028 0.092
10 0.161 0.397 0.014 0.073
8 0.591 0.423 0.009 0.05
11 0.127 0.421 0.026 0.039
11 0.224 0.392 0.014 0.012
11 0.514 0.39 0.015 0.027
11 0.281 0.449 0.013 0.014
11 0.266 0.457 0.01 0.023
11 0.958 0.433 0.011 0.021
8 0.005 0.199 0.01 0.078
10 0.019 0.204 0.014 0.068
10 0.164 0.462 0.01 0.021
10 0.146 0.464 0.015 0.025
3 0.354 0.477 0.038 0.064
2 0.341 0.525 0.048 0.071
2 0.409 0.486 0.046 0.032
2 0.475 0.496 0.033 0.028
2 0.968 0.465 0.012 0.016
2 0.959 0.475 0.01 0.014
2 0.949 0.483 0.015 0.016
2 0.934 0.487 0.018 0.028
2 0.909 0.495 0.024 0.03
2 0.885 0.49 0.025 0.037
2 0.869 0.495 0.019 0.03
2 0.851 0.502 0.025 0.046
2 0.827 0.508 0.032 0.048
11 0.654 0.014 0.034 0.028
2 0.95 0.703 0.1 0.403
