11 0.557 0.416 0.015 0.019
11 0.579 0.444 0.032 0.056
11 0.221 0.465 0.016 0.033
2 0.359 0.476 0.012 0.019
2 0.351 0.482 0.015 0.021
2 0.339 0.488 0.015 0.023
2 0.325 0.494 0.02 0.03
2 0.404 0.479 0.013 0.014
2 0.41 0.487 0.016 0.016
2 0.418 0.499 0.021 0.035
2 0.433 0.507 0.036 0.042
2 0.305 0.503 0.032 0.045
2 0.544 0.547 0.123 0.122
2 0.63 0.596 0.181 0.164
2 0.266 0.526 0.042 0.052
2 0.45 0.525 0.037 0.042
2 0.943 0.508 0.104 0.052
2 0.075 0.575 0.15 0.176
2 0.835 0.764 0.33 0.464
2 0.38 0.481 0.013 0.016
