2 0.654 0.793 0.055 0.126
0 0.602 0.783 0.048 0.123
2 0.568 0.772 0.02 0.106
2 0.541 0.772 0.03 0.079
2 0.513 0.771 0.023 0.063
2 0.467 0.787 0.073 0.126
2 0.427 0.765 0.019 0.039
2 0.388 0.759 0.017 0.055
2 0.373 0.766 0.014 0.06
2 0.358 0.782 0.013 0.058
2 0.33 0.779 0.04 0.087
2 0.279 0.8 0.07 0.153
2 0.1 0.825 0.2 0.181
2 0.22 0.812 0.051 0.111
11 0.693 0.56 0.041 0.075
11 0.697 0.616 0.024 0.03
7 0.467 0.7 0.017 0.026
7 0.404 0.708 0.02 0.043
11 0.522 0.676 0.013 0.037
2 0.405 0.753 0.013 0.046
2 0.917 0.799 0.162 0.222
