2 0.154 0.411 0.307 0.422
2 0.749 0.385 0.199 0.279
2 0.492 0.396 0.125 0.185
2 0.355 0.388 0.092 0.127
2 0.416 0.365 0.046 0.064
2 0.578 0.357 0.042 0.068
2 0.301 0.376 0.035 0.091
11 0.821 0.12 0.055 0.035
11 0.576 0.192 0.025 0.03
11 0.568 0.253 0.016 0.04
11 0.639 0.231 0.026 0.014
11 0.162 0.169 0.061 0.035
7 0.291 0.137 0.017 0.061
8 0.307 0.125 0.013 0.066
7 0.506 0.196 0.021 0.042
7 0.5 0.282 0.009 0.019
8 0.849 0.185 0.041 0.049
7 0.446 0.285 0.018 0.028
7 0.364 0.311 0.012 0.023
7 0.384 0.315 0.013 0.014
0 0.645 0.335 0.017 0.143
