11 0.114 0.365 0.017 0.023
11 0.493 0.35 0.018 0.015
11 0.515 0.366 0.013 0.017
11 0.416 0.361 0.014 0.013
2 0.434 0.365 0.011 0.015
2 0.411 0.37 0.011 0.013
2 0.442 0.381 0.012 0.017
2 0.446 0.384 0.012 0.023
2 0.454 0.385 0.019 0.03
2 0.489 0.386 0.019 0.036
2 0.461 0.381 0.01 0.013
2 0.305 0.388 0.017 0.019
2 0.365 0.377 0.016 0.011
2 0.358 0.379 0.011 0.011
2 0.344 0.384 0.014 0.015
2 0.358 0.384 0.02 0.019
2 0.376 0.381 0.01 0.013
2 0.178 0.4 0.035 0.03
2 0.203 0.399 0.037 0.032
2 0.384 0.381 0.01 0.017
2 0.393 0.379 0.01 0.011
2 0.008 0.412 0.017 0.051
2 0.511 0.402 0.051 0.068
2 0.472 0.394 0.03 0.04
2 0.428 0.389 0.03 0.051
2 0.398 0.379 0.01 0.015
2 0.573 0.393 0.038 0.043
11 0.815 0.341 0.023 0.049
