7 0.334 0.323 0.011 0.043
7 0.453 0.278 0.011 0.052
7 0.349 0.496 0.008 0.011
10 0.323 0.324 0.012 0.044
10 0.469 0.284 0.01 0.053
7 0.538 0.457 0.012 0.016
11 0.524 0.425 0.023 0.018
11 0.535 0.409 0.021 0.016
11 0.499 0.332 0.072 0.032
11 0.416 0.33 0.048 0.027
11 0.421 0.43 0.02 0.014
2 0.376 0.56 0.042 0.05
3 0.427 0.528 0.063 0.096
11 0.447 0.469 0.019 0.018
0 0.598 0.533 0.022 0.107
0 0.563 0.528 0.017 0.064
0 0.537 0.529 0.014 0.057
0 0.499 0.544 0.016 0.071
0 0.486 0.542 0.012 0.068
0 0.639 0.492 0.018 0.075
0 0.939 0.462 0.035 0.121
2 0.08 0.606 0.033 0.05
2 0.973 0.447 0.054 0.119
2 0.039 0.625 0.078 0.167
2 0.8 0.449 0.336 0.735
3 0.216 0.48 0.262 0.412
0 0.52 0.544 0.015 0.077
