2 0.196 0.516 0.076 0.063
5 0.15 0.549 0.048 0.036
1 0.142 0.536 0.026 0.085
0 0.241 0.517 0.018 0.066
0 0.275 0.501 0.012 0.053
0 0.483 0.5 0.019 0.08
0 0.494 0.5 0.022 0.085
0 0.561 0.485 0.019 0.075
5 0.241 0.601 0.067 0.121
5 0.24 0.612 0.066 0.124
5 0.208 0.627 0.111 0.136
5 0.22 0.614 0.108 0.129
5 0.197 0.63 0.119 0.155
5 0.147 0.651 0.15 0.158
5 0.052 0.636 0.051 0.158
5 0.043 0.644 0.066 0.175
8 0.297 0.438 0.011 0.029
8 0.422 0.339 0.007 0.034
10 0.414 0.336 0.01 0.039
10 0.432 0.336 0.01 0.039
10 0.356 0.36 0.008 0.027
10 0.37 0.353 0.01 0.024
8 0.365 0.355 0.01 0.032
11 0.481 0.339 0.015 0.029
11 0.533 0.381 0.012 0.032
11 0.569 0.386 0.011 0.027
11 0.619 0.328 0.023 0.041
11 0.325 0.385 0.044 0.034
8 0.54 0.431 0.011 0.029
8 0.531 0.433 0.012 0.024
2 0.385 0.651 0.257 0.435
