2 0.507 0.43 0.018 0.028
2 0.522 0.441 0.019 0.036
2 0.53 0.443 0.024 0.028
2 0.542 0.454 0.019 0.043
2 0.567 0.469 0.043 0.06
2 0.608 0.483 0.045 0.083
2 0.645 0.47 0.065 0.133
2 0.751 0.48 0.202 0.223
2 0.427 0.42 0.013 0.015
2 0.442 0.439 0.016 0.026
7 0.395 0.403 0.011 0.026
7 0.447 0.352 0.008 0.023
7 0.478 0.362 0.005 0.019
2 0.38 0.445 0.025 0.028
2 0.35 0.48 0.086 0.1
2 0.423 0.447 0.031 0.034
2 0.472 0.447 0.037 0.051
11 0.616 0.258 0.047 0.028
11 0.618 0.299 0.028 0.038
2 0.879 0.533 0.238 0.278
2 0.17 0.485 0.154 0.15
2 0.303 0.458 0.063 0.082
2 0.459 0.399 0.014 0.02
2 0.474 0.407 0.013 0.023
