2 0.413 0.553 0.014 0.021
2 0.449 0.548 0.019 0.023
2 0.38 0.525 0.017 0.017
2 0.353 0.517 0.013 0.015
2 0.341 0.517 0.012 0.017
2 0.329 0.518 0.01 0.018
2 0.323 0.538 0.017 0.021
2 0.15 0.466 0.022 0.021
2 0.169 0.499 0.016 0.02
2 0.3 0.51 0.014 0.02
2 0.189 0.561 0.077 0.08
2 0.435 0.562 0.028 0.029
2 0.682 0.621 0.163 0.164
2 0.375 0.54 0.02 0.015
2 0.342 0.549 0.03 0.038
2 0.322 0.494 0.017 0.017
2 0.254 0.494 0.025 0.029
11 0.705 0.502 0.022 0.038
11 0.285 0.471 0.028 0.021
11 0.31 0.472 0.022 0.024
11 0.335 0.476 0.023 0.02
11 0.297 0.488 0.007 0.011
