2 0.114 0.539 0.225 0.223
2 0.255 0.472 0.05 0.068
2 0.29 0.472 0.024 0.034
2 0.371 0.457 0.035 0.06
2 0.398 0.438 0.029 0.034
2 0.499 0.465 0.098 0.117
2 0.716 0.455 0.132 0.119
2 0.661 0.422 0.083 0.134
2 0.608 0.422 0.036 0.07
2 0.585 0.417 0.022 0.06
2 0.577 0.415 0.022 0.051
11 0.567 0.372 0.012 0.013
7 0.49 0.359 0.012 0.021
11 0.658 0.326 0.019 0.036
11 0.831 0.199 0.031 0.036
7 0.529 0.357 0.011 0.009
7 0.507 0.378 0.01 0.009
11 0.492 0.384 0.008 0.019
11 0.537 0.372 0.018 0.013
2 0.536 0.398 0.024 0.021
