2 0.35 0.649 0.324 0.4
2 0.838 0.555 0.317 0.365
2 0.664 0.515 0.166 0.201
2 0.583 0.494 0.067 0.121
2 0.21 0.523 0.039 0.072
2 0.181 0.517 0.037 0.069
2 0.078 0.555 0.087 0.079
2 0.128 0.542 0.047 0.042
2 0.419 0.462 0.093 0.092
2 0.467 0.466 0.037 0.075
8 0.246 0.368 0.013 0.043
8 0.331 0.337 0.011 0.039
8 0.458 0.3 0.011 0.027
8 0.466 0.335 0.011 0.032
11 0.125 0.437 0.011 0.025
11 0.024 0.458 0.024 0.014
11 0.206 0.42 0.015 0.017
11 0.561 0.326 0.024 0.051
11 0.525 0.286 0.021 0.055
11 0.528 0.325 0.025 0.014
11 0.542 0.352 0.015 0.013
11 0.967 0.02 0.063 0.029
11 0.977 0.116 0.041 0.09
