2 0.481 0.501 0.078 0.067
2 0.434 0.55 0.151 0.157
4 0.186 0.589 0.372 0.461
2 0.769 0.517 0.071 0.118
2 0.695 0.53 0.112 0.182
2 0.598 0.613 0.229 0.343
2 0.982 0.551 0.034 0.058
10 0.638 0.406 0.012 0.034
10 0.721 0.411 0.008 0.037
10 0.766 0.434 0.011 0.03
11 0.679 0.42 0.024 0.024
11 0.35 0.343 0.02 0.028
8 0.224 0.355 0.015 0.019
10 0.379 0.308 0.015 0.064
10 0.898 0.316 0.024 0.135
8 0.921 0.331 0.022 0.092
10 0.94 0.333 0.018 0.088
10 0.934 0.418 0.023 0.036
11 0.921 0.225 0.032 0.067
8 0.801 0.485 0.007 0.033
10 0.815 0.484 0.007 0.027
10 0.815 0.511 0.006 0.019
11 0.807 0.508 0.013 0.021
