10 0.005 0.195 0.01 0.043
8 0.02 0.189 0.017 0.066
8 0.241 0.052 0.02 0.068
7 0.218 0.053 0.024 0.066
10 0.255 0.07 0.016 0.066
8 0.27 0.365 0.017 0.021
8 0.319 0.362 0.013 0.026
8 0.495 0.29 0.017 0.038
8 0.509 0.379 0.017 0.013
11 0.497 0.326 0.02 0.017
11 0.585 0.027 0.057 0.047
11 0.659 0.108 0.033 0.21
11 0.583 0.183 0.056 0.04
10 0.603 0.242 0.016 0.057
10 0.625 0.249 0.028 0.053
10 0.573 0.097 0.018 0.085
4 0.272 0.395 0.053 0.036
2 0.269 0.426 0.019 0.03
2 0.047 0.443 0.093 0.145
4 0.147 0.499 0.249 0.251
2 0.055 0.661 0.11 0.317
10 0.437 0.364 0.008 0.019
2 0.417 0.567 0.488 0.421
2 0.95 0.471 0.097 0.111
2 0.85 0.482 0.154 0.123
2 0.756 0.441 0.08 0.051
2 0.626 0.47 0.031 0.074
0 0.573 0.431 0.023 0.043
0 0.646 0.477 0.032 0.145
0 0.68 0.476 0.037 0.155
0 0.698 0.486 0.016 0.094
0 0.715 0.503 0.018 0.094
0 0.755 0.48 0.013 0.121
0 0.88 0.459 0.035 0.164
0 0.85 0.455 0.042 0.198
0 0.773 0.462 0.032 0.159
0 0.737 0.467 0.037 0.176
