2 0.111 0.529 0.127 0.104
2 0.48 0.496 0.055 0.083
2 0.579 0.512 0.046 0.066
2 0.424 0.494 0.016 0.024
2 0.247 0.512 0.078 0.061
0 0.287 0.501 0.015 0.083
0 0.237 0.482 0.011 0.044
0 0.328 0.494 0.01 0.068
2 0.308 0.504 0.033 0.05
2 0.338 0.499 0.018 0.044
2 0.353 0.495 0.014 0.041
2 0.361 0.492 0.012 0.044
2 0.375 0.5 0.014 0.032
2 0.389 0.493 0.011 0.032
2 0.4 0.492 0.008 0.034
2 0.409 0.492 0.007 0.024
2 0.547 0.504 0.036 0.039
2 0.521 0.499 0.019 0.029
2 0.512 0.496 0.016 0.034
11 0.294 0.414 0.011 0.015
11 0.296 0.431 0.011 0.019
11 0.42 0.292 0.008 0.029
11 0.55 0.444 0.011 0.022
11 0.553 0.46 0.014 0.01
11 0.442 0.371 0.01 0.014
11 0.88 0.346 0.031 0.05
