7 0.094 0.033 0.02 0.066
10 0.115 0.038 0.019 0.072
7 0.074 0.037 0.016 0.074
7 0.133 0.385 0.014 0.021
0 0.044 0.472 0.029 0.111
0 0.196 0.457 0.019 0.077
0 0.156 0.453 0.013 0.064
11 0.133 0.323 0.023 0.013
11 0.147 0.339 0.026 0.015
11 0.598 0.237 0.067 0.023
7 0.551 0.204 0.016 0.047
7 0.668 0.384 0.016 0.023
10 0.655 0.386 0.013 0.023
1 0.878 0.484 0.012 0.057
5 0.871 0.503 0.054 0.049
0 0.765 0.488 0.033 0.13
11 0.948 0.219 0.038 0.034
11 0.928 0.272 0.051 0.043
8 0.976 0.307 0.043 0.062
11 0.89 0.371 0.014 0.023
0 0.626 0.456 0.012 0.066
0 0.615 0.456 0.01 0.049
2 0.441 0.434 0.014 0.017
2 0.427 0.436 0.014 0.013
2 0.417 0.442 0.016 0.013
2 0.398 0.426 0.02 0.015
2 0.404 0.457 0.016 0.051
2 0.37 0.458 0.055 0.083
2 0.224 0.482 0.062 0.079
2 0.457 0.433 0.025 0.019
2 0.478 0.436 0.011 0.013
2 0.499 0.436 0.014 0.013
2 0.514 0.437 0.016 0.011
2 0.529 0.435 0.017 0.019
2 0.541 0.44 0.025 0.017
2 0.585 0.472 0.067 0.098
2 0.295 0.48 0.114 0.138
2 0.501 0.551 0.16 0.23
