11 0.535 0.471 0.041 0.073
11 0.921 0.532 0.014 0.024
11 0.307 0.464 0.045 0.035
2 0.221 0.464 0.028 0.012
2 0.906 0.57 0.057 0.038
2 0.959 0.577 0.049 0.042
2 0.261 0.517 0.011 0.012
2 0.276 0.515 0.015 0.01
2 0.291 0.513 0.015 0.007
2 0.252 0.534 0.008 0.021
2 0.246 0.542 0.018 0.028
2 0.24 0.555 0.016 0.035
2 0.22 0.528 0.018 0.012
2 0.202 0.53 0.013 0.024
2 0.22 0.56 0.038 0.052
2 0.122 0.551 0.024 0.042
2 0.17 0.571 0.078 0.102
2 0.31 0.626 0.171 0.267
2 0.061 0.608 0.122 0.194
4 0.394 0.479 0.048 0.04
2 0.866 0.555 0.024 0.037
