2 0.5 0.43 0.008 0.016
2 0.492 0.429 0.01 0.019
2 0.484 0.431 0.011 0.02
2 0.477 0.431 0.009 0.021
2 0.469 0.434 0.008 0.015
2 0.463 0.438 0.007 0.015
2 0.455 0.436 0.01 0.021
2 0.447 0.438 0.008 0.014
2 0.438 0.443 0.012 0.021
2 0.427 0.441 0.016 0.031
2 0.409 0.445 0.025 0.036
2 0.537 0.423 0.004 0.011
2 0.542 0.425 0.006 0.014
2 0.546 0.429 0.007 0.017
2 0.551 0.432 0.01 0.02
2 0.559 0.431 0.015 0.034
2 0.566 0.438 0.019 0.047
2 0.576 0.448 0.024 0.044
2 0.339 0.449 0.056 0.072
4 0.621 0.464 0.06 0.081
4 0.523 0.424 0.025 0.056
0 0.914 0.489 0.015 0.131
0 0.88 0.487 0.027 0.16
11 0.888 0.048 0.021 0.055
11 0.935 0.062 0.041 0.029
8 0.933 0.264 0.025 0.057
7 0.967 0.268 0.02 0.059
11 0.907 0.147 0.022 0.042
2 0.385 0.444 0.038 0.03
