7 0.521 0.395 0.009 0.028
7 0.46 0.396 0.008 0.012
7 0.445 0.37 0.005 0.019
11 0.432 0.364 0.02 0.014
7 0.418 0.364 0.006 0.028
7 0.377 0.36 0.01 0.021
11 0.361 0.366 0.021 0.01
10 0.346 0.359 0.007 0.028
11 0.493 0.372 0.011 0.023
11 0.481 0.41 0.009 0.019
11 0.459 0.419 0.01 0.016
0 0.533 0.446 0.009 0.047
2 0.589 0.445 0.042 0.045
2 0.551 0.447 0.024 0.042
2 0.48 0.451 0.046 0.054
2 0.433 0.434 0.015 0.029
2 0.408 0.447 0.038 0.055
2 0.38 0.439 0.015 0.026
2 0.366 0.44 0.019 0.031
2 0.342 0.443 0.035 0.043
2 0.271 0.451 0.072 0.078
4 0.769 0.422 0.224 0.23
