7 0.302 0.336 0.021 0.052
11 0.288 0.345 0.017 0.049
11 0.246 0.352 0.023 0.046
11 0.196 0.33 0.04 0.043
11 0.652 0.361 0.033 0.073
7 0.613 0.371 0.019 0.046
8 0.844 0.038 0.035 0.076
11 0.621 0.447 0.026 0.026
9 0.635 0.476 0.028 0.029
0 0.524 0.553 0.018 0.062
0 0.539 0.554 0.011 0.046
0 0.559 0.555 0.018 0.067
0 0.582 0.551 0.014 0.052
0 0.609 0.557 0.02 0.064
0 0.734 0.552 0.022 0.08
2 0.466 0.546 0.029 0.049
2 0.447 0.551 0.028 0.052
2 0.429 0.563 0.025 0.044
2 0.328 0.558 0.043 0.067
2 0.379 0.544 0.072 0.1
2 0.033 0.534 0.065 0.157
2 0.174 0.54 0.254 0.278
2 0.821 0.544 0.16 0.096
2 0.969 0.538 0.06 0.06
2 0.914 0.527 0.053 0.056
11 0.844 0.161 0.034 0.138
11 0.848 0.239 0.029 0.051
8 0.319 0.341 0.014 0.061
