11 0.671 0.46 0.03 0.053
11 0.087 0.433 0.015 0.038
7 0.251 0.453 0.008 0.017
8 0.273 0.453 0.008 0.017
8 0.286 0.479 0.006 0.014
7 0.157 0.479 0.007 0.014
7 0.291 0.49 0.006 0.011
11 0.307 0.504 0.006 0.016
2 0.231 0.498 0.024 0.013
2 0.254 0.503 0.015 0.017
2 0.269 0.503 0.012 0.017
3 0.287 0.519 0.021 0.055
2 0.264 0.521 0.042 0.018
2 0.263 0.555 0.044 0.081
2 0.354 0.578 0.056 0.067
2 0.42 0.587 0.093 0.117
2 0.497 0.62 0.134 0.134
2 0.656 0.665 0.24 0.233
2 0.143 0.521 0.01 0.03
2 0.134 0.524 0.011 0.027
2 0.126 0.528 0.014 0.028
2 0.114 0.53 0.02 0.033
2 0.107 0.533 0.011 0.028
2 0.093 0.534 0.026 0.038
2 0.081 0.538 0.022 0.038
2 0.062 0.541 0.03 0.044
2 0.039 0.544 0.034 0.044
2 0.016 0.546 0.032 0.061
2 0.16 0.511 0.02 0.03
2 0.196 0.568 0.1 0.161
