2 0.733 0.541 0.013 0.023
2 0.718 0.544 0.013 0.023
2 0.659 0.545 0.033 0.041
2 0.196 0.511 0.102 0.059
2 0.333 0.52 0.129 0.082
2 0.758 0.553 0.042 0.056
2 0.689 0.544 0.056 0.087
2 0.612 0.565 0.08 0.132
11 0.922 0.329 0.023 0.034
11 0.915 0.492 0.046 0.076
11 0.819 0.43 0.034 0.046
11 0.387 0.411 0.027 0.043
11 0.535 0.47 0.04 0.046
11 0.632 0.388 0.115 0.069
11 0.773 0.39 0.123 0.074
11 0.353 0.397 0.037 0.066
11 0.353 0.459 0.037 0.064
11 0.277 0.419 0.019 0.047
11 0.014 0.354 0.028 0.08
11 0.425 0.466 0.016 0.031
11 0.546 0.015 0.023 0.028
7 0.549 0.09 0.03 0.112
7 0.921 0.4 0.033 0.117
10 0.9 0.43 0.016 0.056
10 0.862 0.434 0.017 0.044
11 0.547 0.353 0.01 0.021
7 0.546 0.377 0.011 0.038
7 0.748 0.411 0.011 0.033
10 0.478 0.455 0.009 0.043
10 0.294 0.417 0.011 0.064
11 0.295 0.372 0.012 0.018
11 0.463 0.475 0.012 0.024
