2 0.522 0.266 0.031 0.041
2 0.646 0.274 0.057 0.072
2 0.845 0.33 0.289 0.311
2 0.931 0.583 0.136 0.342
2 0.547 0.263 0.017 0.023
2 0.568 0.259 0.007 0.024
2 0.574 0.26 0.006 0.022
2 0.582 0.263 0.009 0.028
2 0.592 0.266 0.012 0.033
2 0.602 0.267 0.011 0.034
2 0.614 0.268 0.019 0.042
2 0.489 0.247 0.006 0.01
2 0.498 0.246 0.005 0.01
2 0.169 0.341 0.149 0.143
7 0.456 0.138 0.011 0.026
7 0.613 0.103 0.01 0.029
7 0.524 0.219 0.007 0.014
7 0.535 0.204 0.006 0.012
7 0.485 0.205 0.004 0.009
8 0.368 0.221 0.008 0.022
8 0.213 0.23 0.015 0.024
11 0.726 0.162 0.022 0.014
11 0.452 0.211 0.007 0.015
11 0.252 0.137 0.019 0.022
11 0.267 0.17 0.02 0.016
11 0.373 0.179 0.012 0.014
11 0.545 0.2 0.006 0.014
2 0.448 0.261 0.015 0.019
