0 0.748 0.876 0.051 0.206
1 0.906 0.881 0.097 0.227
6 0.898 0.914 0.094 0.164
10 0.973 0.607 0.041 0.046
7 0.949 0.514 0.044 0.129
10 0.903 0.527 0.033 0.119
7 0.614 0.22 0.041 0.158
7 0.027 0.621 0.03 0.106
8 0.077 0.6 0.027 0.131
8 0.08 0.727 0.025 0.052
11 0.02 0.517 0.036 0.035
11 0.968 0.683 0.033 0.073
11 0.98 0.787 0.037 0.114
11 0.387 0.798 0.012 0.04
11 0.321 0.738 0.014 0.021
2 0.574 0.876 0.015 0.025
2 0.562 0.88 0.021 0.029
2 0.483 0.907 0.039 0.071
2 0.438 0.903 0.081 0.108
2 0.543 0.888 0.035 0.037
2 0.614 0.868 0.012 0.023
2 0.62 0.874 0.015 0.029
2 0.625 0.876 0.015 0.033
2 0.641 0.882 0.041 0.058
2 0.39 0.921 0.115 0.107
