7 0.753 0.075 0.019 0.086
8 0.773 0.07 0.019 0.086
8 0.727 0.075 0.027 0.1
9 0.924 0.368 0.017 0.043
8 0.907 0.371 0.015 0.041
7 0.534 0.458 0.005 0.018
7 0.501 0.46 0.005 0.014
8 0.51 0.468 0.003 0.014
8 0.529 0.468 0.004 0.014
2 0.484 0.484 0.013 0.013
2 0.468 0.488 0.01 0.011
2 0.457 0.491 0.011 0.016
2 0.448 0.491 0.008 0.016
2 0.408 0.498 0.017 0.027
2 0.385 0.5 0.023 0.03
2 0.342 0.506 0.047 0.057
2 0.28 0.513 0.075 0.075
2 0.164 0.527 0.123 0.114
2 0.528 0.478 0.008 0.016
2 0.539 0.484 0.011 0.013
2 0.55 0.486 0.012 0.011
2 0.565 0.492 0.012 0.018
2 0.574 0.492 0.01 0.025
2 0.587 0.49 0.013 0.032
2 0.609 0.492 0.026 0.043
2 0.638 0.497 0.042 0.05
3 0.78 0.489 0.152 0.195
11 0.568 0.464 0.008 0.016
11 0.76 0.383 0.011 0.021
