2 0.582 0.42 0.011 0.012
2 0.592 0.423 0.009 0.019
2 0.584 0.432 0.013 0.019
4 0.569 0.419 0.02 0.04
2 0.557 0.417 0.009 0.01
2 0.549 0.419 0.011 0.01
2 0.542 0.425 0.011 0.015
2 0.562 0.433 0.015 0.025
2 0.551 0.433 0.013 0.017
2 0.557 0.45 0.016 0.031
4 0.518 0.416 0.02 0.03
2 0.496 0.427 0.011 0.015
2 0.487 0.431 0.012 0.017
2 0.474 0.435 0.02 0.033
2 0.461 0.435 0.016 0.025
2 0.436 0.435 0.019 0.017
2 0.402 0.452 0.043 0.06
2 0.455 0.47 0.044 0.054
2 0.505 0.456 0.027 0.037
2 0.537 0.47 0.04 0.067
2 0.742 0.451 0.039 0.033
2 0.675 0.422 0.021 0.021
2 0.958 0.539 0.083 0.168
2 0.186 0.452 0.03 0.033
11 0.09 0.405 0.021 0.04
11 0.091 0.448 0.021 0.033
11 0.84 0.336 0.073 0.125
11 0.857 0.42 0.026 0.044
11 0.618 0.419 0.011 0.021
2 0.021 0.477 0.043 0.075
10 0.498 0.394 0.007 0.019
10 0.513 0.387 0.008 0.021
10 0.54 0.386 0.007 0.019
