11 0.603 0.195 0.083 0.107
2 0.244 0.503 0.15 0.197
2 0.358 0.477 0.048 0.064
11 0.406 0.064 0.112 0.121
2 0.837 0.462 0.098 0.076
2 0.749 0.455 0.059 0.062
2 0.908 0.433 0.052 0.054
2 0.964 0.455 0.068 0.073
2 0.005 0.496 0.008 0.021
2 0.03 0.489 0.041 0.032
2 0.067 0.486 0.019 0.028
2 0.103 0.478 0.026 0.03
2 0.126 0.474 0.027 0.019
2 0.318 0.469 0.027 0.032
2 0.391 0.455 0.012 0.019
2 0.361 0.452 0.018 0.008
2 0.414 0.444 0.012 0.032
2 0.441 0.437 0.009 0.012
2 0.705 0.455 0.052 0.04
2 0.674 0.455 0.03 0.032
2 0.655 0.452 0.013 0.028
2 0.587 0.453 0.018 0.018
2 0.569 0.45 0.018 0.024
2 0.641 0.455 0.012 0.03
2 0.548 0.455 0.015 0.019
11 0.614 0.055 0.101 0.098
7 0.383 0.416 0.005 0.017
7 0.439 0.416 0.007 0.014
2 0.373 0.429 0.011 0.012
2 0.363 0.432 0.009 0.014
2 0.352 0.436 0.009 0.012
2 0.333 0.451 0.01 0.012
