7 0.416 0.416 0.011 0.015
7 0.472 0.43 0.011 0.012
0 0.036 0.472 0.029 0.117
5 0.051 0.511 0.015 0.07
5 0.065 0.508 0.01 0.075
5 0.081 0.508 0.022 0.08
2 0.419 0.494 0.014 0.012
3 0.452 0.478 0.032 0.07
2 0.443 0.501 0.039 0.065
2 0.343 0.486 0.02 0.03
2 0.331 0.491 0.031 0.04
2 0.305 0.488 0.034 0.055
2 0.279 0.489 0.05 0.062
2 0.497 0.494 0.029 0.042
2 0.501 0.516 0.021 0.06
4 0.541 0.472 0.07 0.197
2 0.593 0.496 0.127 0.234
2 0.366 0.498 0.048 0.06
2 0.227 0.502 0.078 0.072
11 0.385 0.445 0.013 0.017
2 0.67 0.588 0.234 0.294
0 0.149 0.481 0.015 0.1
5 0.157 0.502 0.022 0.062
5 0.11 0.516 0.02 0.052
