11 0.614 0.406 0.022 0.021
2 0.519 0.432 0.009 0.015
2 0.51 0.432 0.009 0.01
2 0.505 0.431 0.009 0.012
2 0.493 0.433 0.009 0.012
2 0.479 0.433 0.007 0.017
2 0.465 0.43 0.009 0.015
2 0.461 0.432 0.009 0.015
2 0.449 0.43 0.009 0.01
2 0.445 0.431 0.006 0.017
2 0.438 0.434 0.008 0.019
2 0.422 0.43 0.012 0.01
2 0.409 0.433 0.009 0.017
2 0.402 0.437 0.011 0.017
2 0.376 0.44 0.012 0.023
2 0.371 0.435 0.006 0.021
2 0.36 0.426 0.014 0.012
2 0.36 0.442 0.014 0.019
2 0.348 0.439 0.015 0.029
4 0.327 0.44 0.028 0.035
2 0.432 0.436 0.011 0.015
2 0.452 0.439 0.013 0.017
2 0.471 0.437 0.013 0.025
2 0.486 0.434 0.006 0.019
2 0.39 0.443 0.02 0.029
3 0.245 0.414 0.128 0.141
4 0.164 0.43 0.115 0.135
2 0.067 0.463 0.133 0.131
2 0.101 0.43 0.021 0.023
2 0.417 0.446 0.021 0.023
2 0.72 0.427 0.013 0.01
