11 0.253 0.376 0.014 0.036
11 0.255 0.417 0.019 0.038
0 0.044 0.566 0.022 0.076
0 0.707 0.507 0.019 0.076
0 0.786 0.512 0.025 0.082
0 0.907 0.507 0.019 0.071
0 0.139 0.556 0.014 0.071
2 0.19 0.578 0.081 0.132
2 0.328 0.542 0.027 0.05
2 0.353 0.54 0.026 0.046
2 0.428 0.531 0.05 0.084
2 0.557 0.52 0.035 0.065
2 0.626 0.508 0.033 0.059
2 0.257 0.628 0.195 0.244
2 0.497 0.549 0.096 0.162
2 0.595 0.532 0.064 0.082
11 0.571 0.435 0.01 0.02
11 0.954 0.346 0.011 0.042
0 0.853 0.512 0.034 0.063
2 0.358 0.523 0.06 0.057
11 0.255 0.456 0.018 0.028
7 0.508 0.437 0.007 0.026
8 0.512 0.442 0.021 0.011
9 0.384 0.455 0.006 0.026
11 0.439 0.439 0.009 0.021
