7 0.568 0.33 0.009 0.026
7 0.419 0.351 0.009 0.026
11 0.417 0.379 0.015 0.016
11 0.632 0.351 0.017 0.035
11 0.831 0.3 0.022 0.07
11 0.421 0.316 0.009 0.021
0 0.631 0.455 0.012 0.056
0 0.615 0.447 0.011 0.035
0 0.605 0.447 0.009 0.04
0 0.591 0.448 0.007 0.028
2 0.381 0.441 0.057 0.066
2 0.749 0.461 0.037 0.049
2 0.688 0.465 0.088 0.1
4 0.538 0.473 0.053 0.048
4 0.116 0.426 0.116 0.059
2 0.021 0.418 0.042 0.056
2 0.526 0.462 0.073 0.127
2 0.502 0.449 0.03 0.061
2 0.493 0.435 0.018 0.029
2 0.571 0.449 0.019 0.029
11 0.609 0.407 0.007 0.03
