11 0.53 0.366 0.02 0.03
11 0.516 0.379 0.018 0.032
11 0.49 0.397 0.013 0.033
11 0.314 0.398 0.019 0.023
11 0.313 0.367 0.013 0.017
11 0.237 0.341 0.025 0.043
11 0.237 0.391 0.018 0.036
11 0.705 0.286 0.029 0.017
11 0.703 0.32 0.028 0.017
0 0.671 0.482 0.03 0.102
2 0.568 0.473 0.148 0.132
2 0.417 0.461 0.016 0.021
2 0.443 0.448 0.038 0.06
2 0.461 0.467 0.048 0.073
0 0.218 0.465 0.019 0.06
8 0.552 0.24 0.011 0.053
8 0.097 0.038 0.025 0.077
7 0.129 0.051 0.02 0.102
11 0.517 0.409 0.011 0.028
11 0.013 0.275 0.027 0.023
