2 0.677 0.631 0.048 0.083
2 0.572 0.627 0.059 0.12
2 0.61 0.618 0.036 0.088
2 0.531 0.619 0.014 0.019
2 0.521 0.613 0.011 0.017
2 0.51 0.614 0.009 0.013
2 0.505 0.615 0.001 0.015
2 0.49 0.613 0.009 0.021
2 0.501 0.613 0.008 0.019
2 0.467 0.614 0.009 0.013
2 0.456 0.613 0.012 0.015
2 0.422 0.613 0.018 0.021
2 0.346 0.619 0.016 0.03
2 0.105 0.67 0.209 0.215
2 0.325 0.618 0.022 0.039
2 0.392 0.623 0.038 0.049
2 0.443 0.613 0.015 0.021
2 0.48 0.615 0.013 0.017
2 0.892 0.646 0.214 0.345
0 0.615 0.63 0.016 0.09
1 0.642 0.637 0.034 0.18
5 0.639 0.675 0.032 0.142
10 0.146 0.268 0.028 0.077
10 0.652 0.378 0.009 0.052
10 0.631 0.376 0.012 0.052
7 0.124 0.267 0.016 0.084
7 0.641 0.372 0.009 0.054
11 0.104 0.405 0.03 0.037
11 0.09 0.447 0.019 0.007
11 0.107 0.461 0.007 0.017
11 0.098 0.475 0.027 0.017
10 0.084 0.544 0.017 0.031
11 0.743 0.46 0.026 0.017
10 0.759 0.545 0.014 0.026
10 0.52 0.55 0.002 0.022
10 0.516 0.555 0.004 0.017
10 0.421 0.542 0.004 0.026
