8 0.419 0.409 0.006 0.017
11 0.406 0.394 0.011 0.01
7 0.495 0.408 0.004 0.017
7 0.514 0.404 0.006 0.017
2 0.519 0.423 0.01 0.021
2 0.529 0.434 0.014 0.042
2 0.547 0.433 0.035 0.054
2 0.545 0.445 0.018 0.047
2 0.822 0.445 0.097 0.078
2 0.929 0.425 0.089 0.059
2 0.427 0.439 0.04 0.038
2 0.403 0.444 0.017 0.028
2 0.382 0.447 0.035 0.036
2 0.346 0.444 0.033 0.062
2 0.323 0.454 0.036 0.064
2 0.283 0.454 0.071 0.095
2 0.23 0.469 0.085 0.106
2 0.163 0.468 0.092 0.159
2 0.475 0.429 0.027 0.036
2 0.574 0.452 0.043 0.057
2 0.08 0.473 0.161 0.395
