2 0.037 0.647 0.073 0.143
2 0.11 0.645 0.075 0.078
2 0.212 0.602 0.135 0.091
2 0.311 0.598 0.069 0.065
2 0.344 0.591 0.062 0.043
2 0.735 0.584 0.102 0.108
2 0.674 0.582 0.042 0.086
2 0.64 0.583 0.041 0.073
2 0.612 0.586 0.032 0.064
2 0.506 0.578 0.018 0.036
2 0.877 0.602 0.169 0.151
7 0.45 0.5 0.01 0.022
7 0.546 0.478 0.009 0.028
7 0.538 0.546 0.01 0.017
7 0.499 0.529 0.009 0.014
2 0.399 0.583 0.023 0.037
2 0.565 0.577 0.033 0.039
2 0.545 0.58 0.012 0.032
2 0.538 0.578 0.011 0.03
2 0.528 0.57 0.011 0.032
2 0.484 0.572 0.013 0.021
