7 0.553 0.373 0.008 0.028
7 0.441 0.373 0.009 0.028
11 0.835 0.297 0.015 0.035
11 0.723 0.315 0.013 0.037
0 0.551 0.418 0.008 0.019
0 0.543 0.429 0.011 0.033
0 0.984 0.419 0.032 0.176
0 0.139 0.494 0.018 0.068
2 0.339 0.446 0.029 0.033
2 0.439 0.436 0.02 0.028
2 0.499 0.428 0.011 0.026
2 0.505 0.431 0.013 0.035
2 0.628 0.443 0.04 0.07
2 0.695 0.408 0.066 0.037
2 0.797 0.467 0.144 0.145
2 0.404 0.439 0.016 0.033
2 0.392 0.44 0.021 0.045
2 0.251 0.481 0.042 0.07
3 0.417 0.431 0.026 0.045
6 0.087 0.517 0.076 0.082
6 0.069 0.532 0.069 0.103
6 0.034 0.529 0.067 0.129
6 0.03 0.527 0.06 0.134
3 0.474 0.419 0.022 0.04
2 0.477 0.433 0.021 0.03
2 0.518 0.432 0.025 0.037
2 0.564 0.454 0.053 0.073
2 0.68 0.493 0.153 0.169
2 0.367 0.447 0.04 0.059
2 0.299 0.467 0.053 0.07
2 0.193 0.493 0.091 0.103
