7 0.371 0.448 0.007 0.028
7 0.495 0.392 0.009 0.033
7 0.536 0.435 0.009 0.03
7 0.624 0.404 0.009 0.028
10 0.365 0.45 0.008 0.028
10 0.139 0.475 0.008 0.021
10 0.131 0.474 0.008 0.023
10 0.207 0.452 0.012 0.03
11 0.697 0.312 0.033 0.07
11 0.694 0.208 0.045 0.082
11 0.404 0.463 0.011 0.021
11 0.566 0.454 0.011 0.021
0 0.657 0.482 0.009 0.04
2 0.401 0.517 0.009 0.019
2 0.376 0.519 0.015 0.023
2 0.361 0.523 0.02 0.03
2 0.329 0.536 0.02 0.019
2 0.299 0.544 0.013 0.026
2 0.287 0.546 0.02 0.03
2 0.458 0.511 0.012 0.021
2 0.473 0.511 0.008 0.021
2 0.497 0.506 0.013 0.021
2 0.435 0.512 0.011 0.014
2 0.316 0.54 0.016 0.023
2 0.553 0.498 0.02 0.019
2 0.577 0.494 0.017 0.028
2 0.603 0.49 0.012 0.021
2 0.63 0.483 0.022 0.033
2 0.647 0.482 0.013 0.026
2 0.69 0.489 0.022 0.049
2 0.733 0.47 0.053 0.082
2 0.82 0.46 0.058 0.047
2 0.871 0.481 0.094 0.08
2 0.449 0.518 0.02 0.033
2 0.483 0.515 0.021 0.035
2 0.528 0.51 0.028 0.049
2 0.179 0.643 0.269 0.253
2 0.955 0.468 0.09 0.11
3 0.021 0.578 0.042 0.122
