7 0.544 0.217 0.016 0.066
11 0.697 0.321 0.011 0.045
7 0.149 0.32 0.02 0.071
11 0.427 0.44 0.008 0.014
11 0.505 0.45 0.008 0.012
8 0.527 0.219 0.014 0.061
10 0.558 0.224 0.012 0.061
9 0.204 0.17 0.019 0.09
9 0.353 0.274 0.014 0.062
9 0.376 0.312 0.013 0.021
9 0.388 0.365 0.01 0.016
9 0.64 0.29 0.016 0.023
7 0.338 0.416 0.01 0.031
7 0.124 0.386 0.019 0.024
8 0.142 0.383 0.012 0.024
8 0.893 0.49 0.012 0.026
7 0.903 0.493 0.01 0.023
11 0.687 0.438 0.015 0.042
11 0.869 0.392 0.019 0.014
11 0.893 0.419 0.017 0.016
11 0.874 0.455 0.018 0.012
11 0.874 0.406 0.014 0.014
11 0.606 0.46 0.011 0.054
2 0.46 0.483 0.011 0.023
2 0.451 0.482 0.012 0.014
2 0.44 0.479 0.011 0.026
2 0.422 0.477 0.018 0.017
2 0.411 0.479 0.014 0.023
2 0.402 0.486 0.011 0.029
2 0.474 0.49 0.008 0.019
2 0.466 0.487 0.007 0.014
2 0.403 0.503 0.015 0.04
2 0.394 0.502 0.021 0.054
2 0.368 0.51 0.048 0.081
2 0.634 0.525 0.039 0.042
2 0.673 0.535 0.044 0.04
2 0.698 0.538 0.012 0.043
2 0.442 0.507 0.03 0.023
3 0.492 0.494 0.036 0.073
2 0.513 0.508 0.009 0.021
0 0.335 0.489 0.009 0.035
0 0.329 0.492 0.008 0.038
0 0.522 0.504 0.008 0.038
0 0.547 0.515 0.009 0.042
0 0.554 0.511 0.009 0.045
0 0.561 0.514 0.004 0.047
0 0.566 0.522 0.008 0.038
0 0.574 0.516 0.011 0.038
0 0.588 0.514 0.011 0.036
0 0.597 0.52 0.007 0.049
0 0.609 0.521 0.011 0.057
0 0.676 0.542 0.01 0.054
0 0.667 0.544 0.009 0.055
0 0.966 0.601 0.021 0.107
0 0.947 0.601 0.015 0.097
0 0.962 0.611 0.015 0.092
0 0.923 0.581 0.013 0.061
0 0.86 0.594 0.009 0.083
0 0.832 0.586 0.015 0.076
0 0.303 0.484 0.015 0.038
0 0.291 0.485 0.008 0.038
0 0.286 0.485 0.006 0.035
0 0.279 0.491 0.009 0.061
0 0.274 0.489 0.009 0.066
0 0.261 0.488 0.01 0.05
0 0.252 0.491 0.016 0.064
0 0.234 0.503 0.014 0.062
0 0.175 0.505 0.015 0.102
0 0.159 0.522 0.019 0.132
0 0.849 0.6 0.018 0.102
0 0.903 0.601 0.018 0.094
0 0.933 0.606 0.019 0.127
0 0.884 0.587 0.017 0.102
0 0.079 0.489 0.008 0.094
0 0.106 0.497 0.014 0.092
0 0.064 0.511 0.016 0.139
0 0.005 0.498 0.01 0.133
0 0.132 0.503 0.016 0.127
0 0.12 0.501 0.014 0.101
1 0.036 0.474 0.021 0.075
6 0.034 0.528 0.029 0.092
6 0.283 0.547 0.025 0.04
0 0.297 0.515 0.009 0.017
2 0.961 0.832 0.075 0.201
1 0.723 0.529 0.016 0.028
5 0.722 0.552 0.022 0.029
11 0.366 0.458 0.009 0.014
8 0.465 0.452 0.008 0.011
8 0.418 0.444 0.007 0.009
8 0.4 0.459 0.01 0.009
8 0.39 0.454 0.006 0.014
