11 0.365 0.375 0.012 0.021
11 0.475 0.409 0.02 0.017
11 0.545 0.35 0.028 0.047
11 0.546 0.383 0.016 0.015
2 0.425 0.449 0.011 0.015
2 0.41 0.449 0.014 0.019
2 0.381 0.45 0.043 0.03
2 0.332 0.455 0.02 0.015
2 0.26 0.45 0.03 0.026
2 0.231 0.458 0.033 0.038
2 0.068 0.471 0.08 0.077
2 0.438 0.448 0.012 0.021
2 0.444 0.453 0.012 0.015
2 0.2 0.459 0.05 0.049
2 0.458 0.458 0.018 0.047
2 0.476 0.459 0.031 0.049
2 0.486 0.47 0.043 0.053
11 0.599 0.327 0.033 0.015
2 0.015 0.473 0.03 0.089
0 0.529 0.457 0.029 0.113
5 0.531 0.501 0.017 0.077
2 0.996 0.323 0.004 0.032
2 0.984 0.327 0.029 0.049
2 0.98 0.347 0.014 0.023
2 0.963 0.349 0.029 0.032
2 0.917 0.352 0.028 0.047
2 0.89 0.362 0.042 0.068
2 0.872 0.389 0.037 0.066
2 0.841 0.403 0.062 0.089
2 0.769 0.444 0.116 0.121
11 0.758 0.304 0.023 0.045
11 0.759 0.344 0.02 0.036
0 0.912 0.48 0.051 0.232
0 0.944 0.552 0.037 0.089
