7 0.062 0.108 0.013 0.056
7 0.664 0.133 0.015 0.049
7 0.39 0.266 0.007 0.026
7 0.485 0.286 0.008 0.023
8 0.652 0.128 0.012 0.054
8 0.05 0.24 0.022 0.037
11 0.694 0.133 0.033 0.063
11 0.371 0.272 0.017 0.019
11 0.499 0.285 0.018 0.016
0 0.183 0.332 0.016 0.073
0 0.172 0.336 0.013 0.061
2 0.317 0.341 0.021 0.045
2 0.44 0.33 0.009 0.021
2 0.431 0.331 0.012 0.028
2 0.421 0.334 0.018 0.026
2 0.397 0.341 0.04 0.054
2 0.536 0.35 0.015 0.033
2 0.553 0.351 0.018 0.03
2 0.564 0.352 0.024 0.037
2 0.576 0.358 0.025 0.045
2 0.596 0.359 0.032 0.042
2 0.452 0.334 0.02 0.026
2 0.513 0.354 0.037 0.042
2 0.622 0.372 0.046 0.059
2 0.351 0.352 0.063 0.094
2 0.825 0.443 0.348 0.403
11 0.064 0.197 0.027 0.012
