0 0.064 0.535 0.033 0.132
0 0.162 0.501 0.021 0.094
2 0.359 0.484 0.014 0.029
2 0.346 0.49 0.024 0.042
2 0.573 0.483 0.04 0.053
2 0.568 0.519 0.052 0.072
2 0.378 0.47 0.025 0.035
2 0.403 0.472 0.026 0.042
2 0.452 0.532 0.11 0.152
7 0.105 0.339 0.021 0.068
8 0.096 0.412 0.021 0.033
7 0.68 0.102 0.02 0.097
11 0.749 0.145 0.075 0.031
11 0.938 0.401 0.046 0.033
11 0.874 0.356 0.014 0.024
11 0.868 0.393 0.024 0.024
7 0.937 0.348 0.013 0.073
2 0.936 0.693 0.126 0.419
2 0.317 0.497 0.04 0.057
2 0.66 0.552 0.16 0.204
11 0.139 0.082 0.037 0.125
