0 0.386 0.357 0.013 0.053
2 0.401 0.36 0.014 0.026
2 0.351 0.378 0.05 0.048
2 0.317 0.377 0.029 0.04
2 0.288 0.383 0.031 0.05
2 0.209 0.404 0.106 0.085
3 0.179 0.36 0.192 0.119
2 0.485 0.351 0.024 0.026
2 0.466 0.346 0.023 0.03
2 0.434 0.364 0.063 0.094
7 0.44 0.298 0.009 0.026
2 0.119 0.513 0.237 0.301
3 0.544 0.313 0.09 0.175
0 0.643 0.341 0.027 0.142
0 0.709 0.347 0.038 0.176
0 0.768 0.311 0.022 0.136
0 0.937 0.317 0.054 0.233
0 0.877 0.354 0.082 0.324
0 0.817 0.323 0.041 0.178
0 0.68 0.319 0.018 0.081
0 0.665 0.322 0.016 0.072
0 0.622 0.323 0.014 0.09
0 0.608 0.32 0.017 0.058
