2 0.63 0.511 0.019 0.064
2 0.638 0.517 0.018 0.09
2 0.697 0.52 0.102 0.178
2 0.812 0.546 0.233 0.271
2 0.914 0.633 0.171 0.352
2 0.207 0.61 0.326 0.297
2 0.48 0.457 0.028 0.036
11 0.462 0.373 0.012 0.026
11 0.433 0.403 0.014 0.007
11 0.947 0.222 0.043 0.041
11 0.687 0.374 0.025 0.013
11 0.493 0.385 0.008 0.006
11 0.425 0.426 0.011 0.013
11 0.283 0.326 0.042 0.077
11 0.282 0.384 0.016 0.039
7 0.502 0.335 0.006 0.032
11 0.445 0.381 0.008 0.017
11 0.488 0.403 0.011 0.009
2 0.503 0.422 0.012 0.017
4 0.563 0.441 0.117 0.294
11 0.675 0.393 0.024 0.011
11 0.425 0.386 0.016 0.009
11 0.478 0.385 0.004 0.015
11 0.496 0.394 0.009 0.006
0 0.635 0.443 0.007 0.039
