2 0.282 0.444 0.033 0.036
2 0.264 0.458 0.034 0.053
2 0.229 0.469 0.044 0.054
2 0.191 0.479 0.04 0.061
2 0.141 0.486 0.071 0.088
2 0.064 0.49 0.085 0.129
2 0.021 0.495 0.042 0.146
11 0.497 0.372 0.023 0.01
11 0.637 0.338 0.022 0.043
11 0.768 0.389 0.015 0.036
11 0.847 0.367 0.011 0.017
11 0.495 0.411 0.011 0.019
7 0.475 0.383 0.012 0.022
10 0.433 0.385 0.012 0.022
2 0.472 0.422 0.027 0.031
2 0.489 0.45 0.038 0.056
2 0.519 0.46 0.039 0.08
2 0.666 0.468 0.084 0.111
2 0.746 0.48 0.145 0.128
8 0.539 0.372 0.011 0.017
8 0.542 0.402 0.006 0.022
2 0.572 0.469 0.109 0.15
2 0.379 0.557 0.237 0.332
2 0.882 0.505 0.231 0.568
10 0.448 0.397 0.009 0.015
