0 0.13 0.464 0.021 0.076
0 0.169 0.47 0.025 0.094
0 0.197 0.46 0.017 0.085
0 0.433 0.458 0.02 0.076
0 0.839 0.458 0.011 0.052
0 0.851 0.45 0.007 0.054
0 0.862 0.451 0.008 0.043
0 0.893 0.441 0.008 0.04
1 0.906 0.442 0.015 0.069
2 0.498 0.466 0.066 0.09
2 0.643 0.475 0.121 0.166
2 0.553 0.439 0.033 0.057
0 0.371 0.464 0.02 0.075
2 0.401 0.456 0.04 0.059
2 0.458 0.452 0.023 0.087
2 0.783 0.476 0.063 0.064
2 0.749 0.467 0.053 0.064
2 0.716 0.463 0.024 0.059
7 0.423 0.256 0.008 0.043
7 0.805 0.146 0.01 0.064
8 0.785 0.146 0.017 0.061
8 0.911 0.22 0.015 0.055
8 0.934 0.364 0.013 0.031
7 0.245 0.344 0.01 0.04
7 0.225 0.38 0.019 0.029
7 0.948 0.364 0.013 0.028
7 0.45 0.378 0.008 0.021
7 0.526 0.384 0.004 0.016
11 0.32 0.271 0.045 0.026
11 0.236 0.282 0.022 0.017
7 0.691 0.41 0.011 0.019
11 0.417 0.378 0.014 0.014
11 0.719 0.389 0.017 0.033
11 0.877 0.355 0.019 0.031
11 0.871 0.206 0.033 0.049
11 0.924 0.308 0.03 0.016
11 0.916 0.287 0.017 0.016
11 0.336 0.364 0.014 0.024
0 0.919 0.477 0.015 0.087
2 0.944 0.477 0.071 0.062
2 0.857 0.47 0.059 0.052
