11 0.522 0.321 0.062 0.023
11 0.561 0.338 0.025 0.031
11 0.575 0.386 0.014 0.028
11 0.622 0.382 0.025 0.012
11 0.418 0.421 0.014 0.021
11 0.169 0.366 0.051 0.017
8 0.185 0.357 0.008 0.042
7 0.196 0.355 0.01 0.038
8 0.487 0.347 0.008 0.003
7 0.487 0.324 0.012 0.049
8 0.472 0.321 0.008 0.047
11 0.51 0.45 0.026 0.009
10 0.621 0.428 0.019 0.031
11 0.856 0.375 0.023 0.04
11 0.855 0.412 0.02 0.033
11 0.872 0.393 0.023 0.01
11 0.858 0.346 0.027 0.023
11 0.959 0.409 0.01 0.028
11 0.992 0.433 0.013 0.024
8 0.163 0.418 0.022 0.017
2 0.415 0.512 0.048 0.075
2 0.337 0.567 0.17 0.199
2 0.213 0.499 0.134 0.156
2 0.693 0.516 0.095 0.056
2 0.805 0.507 0.106 0.068
2 0.943 0.509 0.107 0.073
2 0.134 0.646 0.265 0.518
2 0.541 0.655 0.301 0.407
8 0.575 0.409 0.007 0.023
