11 0.107 0.54 0.037 0.064
11 0.316 0.519 0.02 0.006
11 0.313 0.536 0.011 0.019
8 0.044 0.537 0.014 0.042
10 0.056 0.54 0.008 0.044
7 0.586 0.565 0.007 0.031
7 0.62 0.561 0.008 0.035
2 0.051 0.702 0.102 0.128
2 0.513 0.721 0.19 0.293
2 0.357 0.681 0.14 0.165
2 0.618 0.658 0.069 0.123
2 0.656 0.647 0.058 0.079
6 0.849 0.642 0.033 0.085
0 0.935 0.646 0.042 0.168
0 0.898 0.617 0.027 0.119
5 0.727 0.675 0.03 0.082
5 0.741 0.659 0.025 0.065
5 0.793 0.674 0.067 0.101
8 0.143 0.611 0.009 0.021
8 0.694 0.6 0.008 0.031
8 0.524 0.536 0.011 0.025
8 0.575 0.534 0.006 0.029
11 0.683 0.564 0.008 0.027
