11 0.751 0.439 0.027 0.046
11 0.801 0.517 0.035 0.047
11 0.545 0.606 0.015 0.036
11 0.589 0.564 0.012 0.023
11 0.572 0.612 0.025 0.026
11 0.618 0.637 0.014 0.023
11 0.958 0.325 0.081 0.061
11 0.261 0.619 0.009 0.014
11 0.231 0.622 0.011 0.015
7 0.425 0.605 0.009 0.013
2 0.225 0.653 0.014 0.026
2 0.21 0.655 0.023 0.028
2 0.239 0.655 0.014 0.036
2 0.253 0.655 0.014 0.031
2 0.262 0.655 0.012 0.032
2 0.294 0.665 0.037 0.046
2 0.425 0.642 0.019 0.051
4 0.393 0.642 0.055 0.1
2 0.451 0.686 0.077 0.111
2 0.704 0.669 0.055 0.053
2 0.668 0.727 0.164 0.178
8 0.903 0.457 0.068 0.076
