2 0.932 0.587 0.131 0.405
2 0.919 0.495 0.095 0.133
2 0.806 0.46 0.057 0.071
2 0.496 0.461 0.047 0.066
2 0.555 0.464 0.036 0.049
2 0.609 0.452 0.037 0.049
2 0.654 0.458 0.038 0.042
2 0.736 0.458 0.089 0.097
2 0.536 0.461 0.017 0.031
2 0.583 0.45 0.023 0.036
11 0.445 0.412 0.012 0.021
11 0.653 0.394 0.009 0.016
8 0.865 0.205 0.016 0.05
7 0.886 0.195 0.016 0.075
8 0.33 0.397 0.015 0.021
7 0.341 0.367 0.017 0.035
11 0.355 0.395 0.019 0.021
11 0.456 0.275 0.051 0.023
11 0.914 0.23 0.033 0.035
7 0.525 0.276 0.011 0.045
7 0.62 0.389 0.011 0.012
7 0.537 0.389 0.01 0.019
7 0.523 0.426 0.01 0.017
7 0.495 0.419 0.011 0.017
1 0.312 0.47 0.019 0.121
5 0.315 0.505 0.02 0.092
0 0.073 0.473 0.037 0.184
0 0.287 0.472 0.015 0.075
0 0.395 0.46 0.011 0.047
0 0.436 0.461 0.011 0.042
11 0.206 0.347 0.019 0.049
8 0.024 0.322 0.022 0.028
8 0.955 0.374 0.011 0.024
11 0.34 0.319 0.02 0.021
11 0.52 0.389 0.013 0.012
2 0.882 0.503 0.049 0.076
