7 0.474 0.272 0.014 0.062
7 0.383 0.43 0.009 0.039
7 0.471 0.446 0.009 0.035
7 0.531 0.484 0.009 0.021
7 0.421 0.478 0.006 0.021
8 0.495 0.267 0.014 0.052
8 0.631 0.455 0.008 0.021
7 0.643 0.463 0.013 0.023
7 0.035 0.41 0.01 0.025
8 0.049 0.408 0.009 0.025
11 0.066 0.343 0.032 0.027
11 0.07 0.295 0.034 0.058
11 0.506 0.456 0.013 0.019
11 0.347 0.428 0.014 0.019
0 0.046 0.504 0.028 0.08
0 0.107 0.505 0.016 0.066
0 0.092 0.517 0.017 0.07
0 0.631 0.543 0.015 0.043
2 0.473 0.522 0.012 0.023
2 0.484 0.525 0.015 0.021
2 0.495 0.531 0.013 0.027
2 0.502 0.535 0.016 0.035
2 0.51 0.54 0.017 0.045
2 0.458 0.528 0.021 0.031
2 0.541 0.554 0.065 0.103
2 0.206 0.53 0.088 0.091
2 0.374 0.613 0.19 0.245
2 0.295 0.539 0.072 0.122
2 0.791 0.617 0.321 0.229
2 0.995 0.647 0.008 0.063
