11 0.176 0.278 0.132 0.119
11 0.181 0.21 0.056 0.032
11 0.352 0.194 0.046 0.032
11 0.349 0.276 0.144 0.137
11 0.435 0.298 0.026 0.05
11 0.569 0.286 0.21 0.117
11 0.635 0.428 0.021 0.053
11 0.418 0.424 0.024 0.048
11 0.282 0.512 0.019 0.021
11 0.371 0.48 0.011 0.02
2 0.442 0.555 0.029 0.048
2 0.277 0.546 0.013 0.02
2 0.277 0.565 0.008 0.014
2 0.305 0.549 0.019 0.018
2 0.179 0.547 0.02 0.021
2 0.253 0.564 0.042 0.052
2 0.324 0.55 0.017 0.023
2 0.516 0.549 0.039 0.046
2 0.467 0.558 0.042 0.057
2 0.571 0.559 0.069 0.087
2 0.101 0.583 0.104 0.099
2 0.013 0.6 0.026 0.172
2 0.865 0.61 0.271 0.343
11 0.672 0.49 0.025 0.049
