2 0.378 0.406 0.015 0.021
2 0.368 0.416 0.019 0.026
2 0.354 0.418 0.02 0.031
2 0.328 0.397 0.025 0.014
2 0.319 0.432 0.024 0.046
2 0.244 0.431 0.047 0.066
2 0.456 0.396 0.014 0.02
2 0.441 0.4 0.021 0.018
2 0.5 0.4 0.031 0.035
2 0.562 0.419 0.015 0.037
2 0.614 0.402 0.092 0.087
2 0.622 0.412 0.099 0.088
2 0.238 0.449 0.045 0.093
2 0.116 0.482 0.226 0.25
2 0.417 0.4 0.017 0.026
2 0.681 0.424 0.196 0.099
2 0.949 0.492 0.101 0.191
11 0.534 0.169 0.041 0.014
11 0.885 0.217 0.05 0.031
2 0.291 0.439 0.05 0.061
11 0.886 0.265 0.016 0.068
11 0.52 0.307 0.016 0.026
