2 0.058 0.439 0.039 0.032
2 0.022 0.444 0.045 0.06
2 0.219 0.457 0.12 0.07
2 0.286 0.452 0.02 0.04
2 0.336 0.45 0.031 0.04
2 0.309 0.454 0.052 0.052
2 0.386 0.452 0.046 0.06
2 0.451 0.445 0.022 0.017
2 0.427 0.462 0.04 0.057
2 0.592 0.472 0.022 0.06
2 0.948 0.498 0.104 0.128
2 0.795 0.464 0.079 0.063
2 0.878 0.445 0.053 0.02
2 0.63 0.462 0.057 0.053
2 0.682 0.475 0.156 0.107
2 0.867 0.516 0.228 0.145
2 0.508 0.471 0.14 0.108
0 0.108 0.468 0.027 0.13
10 0.634 0.27 0.016 0.018
10 0.647 0.271 0.011 0.015
