11 0.622 0.379 0.016 0.024
10 0.207 0.444 0.012 0.017
7 0.312 0.375 0.007 0.025
10 0.305 0.374 0.006 0.026
10 0.375 0.433 0.003 0.014
10 0.378 0.433 0.004 0.016
7 0.421 0.387 0.005 0.02
10 0.416 0.386 0.004 0.02
2 0.375 0.483 0.009 0.017
2 0.369 0.487 0.011 0.025
2 0.333 0.485 0.01 0.031
2 0.255 0.5 0.035 0.061
2 0.227 0.507 0.042 0.062
2 0.21 0.515 0.029 0.058
2 0.187 0.511 0.036 0.077
2 0.471 0.483 0.022 0.024
2 0.476 0.495 0.019 0.047
2 0.495 0.505 0.049 0.071
2 0.534 0.48 0.014 0.014
2 0.565 0.484 0.042 0.017
2 0.61 0.484 0.037 0.027
2 0.504 0.519 0.043 0.073
2 0.535 0.533 0.067 0.099
2 0.574 0.556 0.096 0.135
2 0.659 0.593 0.164 0.19
11 0.271 0.45 0.011 0.008
11 0.336 0.442 0.006 0.004
11 0.339 0.42 0.006 0.005
11 0.339 0.45 0.008 0.004
11 0.479 0.432 0.012 0.008
2 0.319 0.49 0.026 0.038
2 0.351 0.488 0.03 0.044
2 0.42 0.548 0.111 0.172
3 0.407 0.441 0.054 0.062
2 0.095 0.576 0.19 0.245
2 0.828 0.677 0.277 0.457
