2 0.502 0.535 0.027 0.032
2 0.406 0.54 0.028 0.037
2 0.437 0.543 0.033 0.037
2 0.642 0.552 0.013 0.024
2 0.663 0.541 0.018 0.024
2 0.686 0.557 0.015 0.024
2 0.667 0.551 0.019 0.016
2 0.668 0.569 0.028 0.042
2 0.318 0.536 0.016 0.029
2 0.357 0.545 0.07 0.079
2 0.618 0.566 0.034 0.048
2 0.707 0.569 0.025 0.037
2 0.067 0.572 0.134 0.206
2 0.863 0.671 0.272 0.267
2 0.2 0.539 0.06 0.071
0 0.296 0.527 0.012 0.048
11 0.485 0.365 0.028 0.058
11 0.484 0.408 0.039 0.026
11 0.638 0.463 0.015 0.021
11 0.669 0.463 0.012 0.021
11 0.694 0.473 0.015 0.029
11 0.751 0.498 0.015 0.016
11 0.788 0.533 0.009 0.024
11 0.61 0.506 0.013 0.026
7 0.485 0.323 0.018 0.026
7 0.699 0.203 0.019 0.087
7 0.712 0.524 0.01 0.021
7 0.662 0.499 0.013 0.019
8 0.718 0.203 0.012 0.087
6 0.749 0.588 0.021 0.032
0 0.75 0.557 0.015 0.04
