11 0.221 0.198 0.035 0.062
11 0.445 0.298 0.013 0.015
11 0.744 0.233 0.022 0.017
11 0.729 0.266 0.033 0.029
0 0.593 0.375 0.011 0.042
10 0.431 0.302 0.007 0.023
2 0.867 0.511 0.264 0.206
2 0.964 0.439 0.069 0.121
2 0.792 0.411 0.091 0.081
2 0.696 0.439 0.129 0.121
3 0.481 0.337 0.035 0.058
2 0.457 0.337 0.015 0.025
2 0.251 0.301 0.03 0.027
2 0.292 0.311 0.019 0.017
2 0.325 0.313 0.019 0.019
2 0.343 0.315 0.013 0.019
2 0.359 0.32 0.007 0.017
2 0.37 0.318 0.013 0.012
2 0.433 0.339 0.009 0.012
2 0.406 0.329 0.007 0.017
2 0.416 0.329 0.009 0.012
2 0.126 0.281 0.023 0.029
