11 0.267 0.203 0.032 0.044
11 0.358 0.308 0.023 0.033
11 0.356 0.333 0.016 0.025
11 0.523 0.31 0.016 0.021
11 0.524 0.335 0.019 0.033
11 0.572 0.316 0.025 0.055
11 0.701 0.185 0.046 0.062
2 0.421 0.388 0.013 0.019
2 0.404 0.397 0.021 0.033
2 0.399 0.407 0.019 0.035
2 0.387 0.41 0.022 0.058
2 0.378 0.418 0.022 0.067
2 0.365 0.42 0.036 0.087
2 0.336 0.43 0.051 0.102
2 0.299 0.446 0.096 0.189
2 0.438 0.391 0.012 0.017
2 0.441 0.396 0.009 0.019
2 0.448 0.403 0.013 0.033
2 0.457 0.407 0.016 0.037
2 0.471 0.408 0.025 0.052
2 0.492 0.419 0.036 0.073
2 0.532 0.436 0.084 0.11
2 0.616 0.479 0.135 0.206
2 0.206 0.473 0.171 0.277
2 0.804 0.534 0.391 0.383
2 0.103 0.514 0.206 0.439
2 0.935 0.649 0.13 0.268
