0 0.038 0.525 0.016 0.083
0 0.087 0.518 0.017 0.065
2 0.173 0.514 0.057 0.053
2 0.238 0.505 0.07 0.077
2 0.378 0.525 0.122 0.199
2 0.764 0.523 0.275 0.309
2 0.983 0.706 0.034 0.267
2 0.979 0.495 0.04 0.094
1 0.936 0.504 0.053 0.107
0 0.641 0.464 0.018 0.055
0 0.61 0.487 0.014 0.057
0 0.623 0.489 0.009 0.07
0 0.649 0.453 0.012 0.03
0 0.549 0.499 0.025 0.087
1 0.476 0.487 0.011 0.033
1 0.464 0.488 0.01 0.034
5 0.475 0.501 0.011 0.031
5 0.465 0.5 0.009 0.033
2 0.291 0.501 0.046 0.054
2 0.551 0.495 0.053 0.085
2 0.531 0.489 0.042 0.084
2 0.502 0.495 0.022 0.043
2 0.489 0.494 0.015 0.036
11 0.118 0.228 0.037 0.027
11 0.613 0.25 0.02 0.018
11 0.6 0.296 0.019 0.043
11 0.601 0.353 0.024 0.017
11 0.614 0.375 0.022 0.018
10 0.816 0.339 0.041 0.051
10 0.506 0.28 0.009 0.034
10 0.094 0.171 0.022 0.078
7 0.514 0.277 0.01 0.046
8 0.613 0.418 0.014 0.023
7 0.294 0.349 0.01 0.034
2 0.011 0.518 0.02 0.129
7 0.455 0.439 0.005 0.021
7 0.448 0.456 0.006 0.014
