8 0.094 0.126 0.034 0.088
7 0.509 0.162 0.028 0.079
7 0.623 0.162 0.023 0.063
7 0.764 0.3 0.039 0.03
11 0.355 0.339 0.024 0.048
10 0.387 0.373 0.025 0.034
11 0.244 0.303 0.023 0.088
11 0.431 0.385 0.015 0.034
11 0.481 0.417 0.008 0.016
11 0.359 0.446 0.011 0.016
11 0.361 0.465 0.012 0.022
11 0.555 0.413 0.011 0.01
2 0.561 0.451 0.015 0.023
2 0.513 0.453 0.016 0.022
2 0.522 0.449 0.008 0.014
2 0.49 0.456 0.01 0.018
2 0.479 0.456 0.011 0.018
2 0.453 0.456 0.018 0.029
2 0.542 0.455 0.025 0.041
2 0.286 0.482 0.086 0.088
2 0.641 0.435 0.029 0.024
2 0.644 0.446 0.021 0.024
2 0.844 0.412 0.08 0.05
2 0.925 0.41 0.148 0.061
