2 0.07 0.632 0.137 0.238
2 0.191 0.567 0.161 0.172
2 0.306 0.548 0.079 0.081
2 0.363 0.531 0.057 0.072
2 0.5 0.494 0.036 0.059
2 0.608 0.472 0.036 0.041
2 0.577 0.477 0.028 0.037
2 0.426 0.506 0.051 0.049
2 0.531 0.508 0.056 0.075
2 0.561 0.503 0.016 0.046
11 0.632 0.41 0.017 0.031
11 0.692 0.361 0.038 0.087
11 0.749 0.262 0.026 0.076
11 0.725 0.264 0.017 0.055
7 0.492 0.383 0.01 0.021
7 0.549 0.368 0.009 0.021
7 0.622 0.389 0.011 0.018
8 0.447 0.429 0.007 0.012
8 0.578 0.416 0.007 0.009
0 0.664 0.47 0.009 0.058
11 0.636 0.484 0.009 0.038
0 0.951 0.453 0.05 0.149
0 0.898 0.458 0.032 0.142
0 0.772 0.454 0.009 0.043
11 0.519 0.339 0.013 0.018
0 0.863 0.462 0.019 0.105
