7 0.7 0.146 0.018 0.056
7 0.325 0.053 0.015 0.068
10 0.007 0.222 0.013 0.045
11 0.037 0.112 0.026 0.03
11 0.03 0.081 0.049 0.035
11 0.934 0.263 0.022 0.028
11 0.978 0.258 0.042 0.037
0 0.06 0.38 0.03 0.15
0 0.116 0.36 0.021 0.096
0 0.082 0.377 0.026 0.143
0 0.046 0.375 0.016 0.141
0 0.138 0.347 0.015 0.066
2 0.316 0.375 0.038 0.084
2 0.355 0.379 0.04 0.054
2 0.406 0.382 0.011 0.028
2 0.491 0.392 0.015 0.033
3 0.514 0.384 0.021 0.045
4 0.445 0.338 0.065 0.089
4 0.224 0.317 0.169 0.253
4 0.654 0.37 0.153 0.246
2 0.381 0.397 0.04 0.061
2 0.509 0.404 0.029 0.033
2 0.539 0.408 0.025 0.037
2 0.452 0.428 0.082 0.129
2 0.278 0.392 0.102 0.155
2 0.892 0.494 0.215 0.335
0 0.839 0.424 0.015 0.035
