10 0.263 0.359 0.007 0.03
10 0.25 0.421 0.012 0.021
10 0.293 0.432 0.012 0.013
7 0.362 0.376 0.007 0.026
10 0.409 0.435 0.012 0.015
11 0.332 0.379 0.025 0.017
11 0.252 0.383 0.014 0.011
11 0.303 0.414 0.019 0.013
11 0.315 0.431 0.007 0.021
11 0.548 0.387 0.029 0.019
11 0.537 0.443 0.011 0.023
11 0.59 0.405 0.014 0.009
11 0.39 0.437 0.013 0.013
10 0.59 0.44 0.012 0.023
2 0.419 0.473 0.012 0.023
2 0.402 0.469 0.024 0.045
2 0.335 0.474 0.025 0.036
2 0.261 0.483 0.037 0.055
2 0.221 0.478 0.069 0.074
2 0.177 0.494 0.084 0.077
2 0.087 0.498 0.122 0.123
2 0.55 0.48 0.026 0.028
2 0.516 0.489 0.05 0.074
4 0.726 0.493 0.08 0.091
0 0.602 0.468 0.01 0.026
0 0.592 0.467 0.011 0.019
5 0.31 0.477 0.023 0.028
2 0.366 0.49 0.065 0.083
2 0.457 0.497 0.083 0.128
2 0.644 0.497 0.092 0.106
2 0.018 0.501 0.036 0.155
0 0.581 0.477 0.008 0.038
0 0.776 0.465 0.01 0.028
0 0.83 0.46 0.007 0.023
0 0.842 0.47 0.013 0.034
0 0.881 0.499 0.016 0.096
5 0.918 0.533 0.056 0.053
11 0.82 0.317 0.013 0.021
11 0.828 0.358 0.014 0.032
11 0.812 0.356 0.014 0.028
10 0.64 0.426 0.013 0.019
2 0.804 0.519 0.129 0.102
2 0.948 0.732 0.101 0.301
