11 0.431 0.421 0.035 0.023
11 0.519 0.394 0.036 0.021
11 0.517 0.448 0.092 0.086
11 0.43 0.458 0.083 0.063
11 0.621 0.409 0.04 0.021
11 0.621 0.447 0.06 0.054
11 0.714 0.427 0.038 0.02
11 0.715 0.451 0.077 0.031
11 0.787 0.469 0.033 0.043
11 0.789 0.515 0.027 0.046
11 0.79 0.55 0.016 0.026
11 0.979 0.481 0.039 0.093
11 0.727 0.539 0.009 0.015
11 0.726 0.554 0.021 0.021
2 0.447 0.602 0.043 0.038
2 0.407 0.607 0.028 0.037
2 0.358 0.616 0.079 0.087
2 0.2 0.642 0.251 0.257
2 0.622 0.595 0.006 0.014
2 0.618 0.598 0.009 0.018
2 0.614 0.6 0.011 0.023
2 0.612 0.605 0.011 0.028
2 0.599 0.608 0.028 0.043
2 0.632 0.591 0.015 0.034
2 0.633 0.601 0.016 0.026
2 0.645 0.618 0.041 0.06
2 0.689 0.64 0.079 0.119
2 0.741 0.584 0.039 0.021
2 0.816 0.679 0.239 0.219
2 0.989 0.708 0.018 0.124
2 0.527 0.634 0.152 0.291
