2 0.496 0.49 0.013 0.023
2 0.484 0.495 0.013 0.023
2 0.464 0.501 0.009 0.023
4 0.44 0.489 0.049 0.082
0 0.35 0.497 0.02 0.041
4 0.521 0.481 0.016 0.041
2 0.761 0.505 0.097 0.096
2 0.681 0.532 0.077 0.097
2 0.88 0.521 0.192 0.176
2 0.248 0.546 0.063 0.074
2 0.386 0.542 0.117 0.185
8 0.389 0.439 0.009 0.031
7 0.387 0.393 0.006 0.032
8 0.294 0.437 0.009 0.033
10 0.305 0.374 0.009 0.033
10 0.314 0.376 0.007 0.043
10 0.322 0.376 0.007 0.038
7 0.605 0.357 0.007 0.025
7 0.483 0.363 0.007 0.028
10 0.692 0.316 0.013 0.046
10 0.709 0.315 0.013 0.043
10 0.714 0.38 0.009 0.036
11 0.842 0.322 0.019 0.018
11 0.723 0.405 0.013 0.015
11 0.829 0.251 0.033 0.064
11 0.102 0.537 0.024 0.036
11 0.101 0.578 0.027 0.041
11 0.198 0.461 0.011 0.026
11 0.036 0.352 0.014 0.015
11 0.033 0.369 0.017 0.015
11 0.024 0.42 0.02 0.02
10 0.057 0.354 0.016 0.046
11 0.1 0.287 0.056 0.094
0 0.14 0.537 0.017 0.061
0 0.077 0.511 0.02 0.037
0 0.029 0.52 0.01 0.025
0 0.004 0.525 0.007 0.031
0 0.014 0.526 0.011 0.028
10 0.04 0.462 0.016 0.028
2 0.077 0.6 0.155 0.155
2 0.561 0.526 0.1 0.186
2 0.955 0.54 0.089 0.245
10 0.059 0.467 0.018 0.03
11 0.047 0.323 0.018 0.015
11 0.285 0.426 0.011 0.009
10 0.286 0.468 0.015 0.019
10 0.724 0.442 0.017 0.019
10 0.85 0.409 0.018 0.036
