2 0.293 0.508 0.192 0.211
2 0.592 0.485 0.075 0.132
2 0.871 0.524 0.15 0.227
2 0.035 0.447 0.069 0.097
2 0.969 0.515 0.06 0.09
2 0.158 0.451 0.116 0.099
2 0.051 0.419 0.087 0.085
2 0.519 0.471 0.043 0.061
2 0.713 0.487 0.045 0.059
3 0.659 0.464 0.04 0.075
2 0.692 0.482 0.025 0.052
2 0.687 0.467 0.019 0.026
2 0.636 0.464 0.017 0.024
2 0.624 0.46 0.01 0.023
2 0.538 0.469 0.013 0.043
2 0.548 0.471 0.015 0.049
2 0.561 0.465 0.014 0.036
11 0.343 0.232 0.019 0.024
11 0.337 0.256 0.024 0.021
11 0.349 0.302 0.03 0.026
11 0.795 0.409 0.024 0.014
11 0.887 0.334 0.017 0.024
11 0.798 0.374 0.011 0.021
11 0.34 0.36 0.018 0.012
11 0.71 0.413 0.009 0.012
11 0.715 0.43 0.009 0.01
11 0.715 0.439 0.01 0.012
11 0.992 0.313 0.014 0.029
