11 0.655 0.171 0.06 0.031
11 0.456 0.38 0.018 0.015
11 0.11 0.347 0.038 0.027
11 0.748 0.305 0.037 0.024
11 0.753 0.282 0.009 0.021
7 0.576 0.144 0.015 0.07
7 0.276 0.244 0.015 0.05
10 0.591 0.145 0.015 0.063
7 0.436 0.38 0.009 0.034
7 0.481 0.369 0.009 0.018
5 0.934 0.474 0.092 0.115
1 0.932 0.436 0.074 0.202
0 0.575 0.445 0.011 0.047
0 0.593 0.435 0.01 0.037
0 0.603 0.439 0.01 0.041
0 0.609 0.437 0.009 0.048
0 0.622 0.441 0.011 0.052
0 0.632 0.435 0.01 0.053
0 0.655 0.43 0.012 0.06
0 0.644 0.446 0.017 0.083
0 0.728 0.401 0.015 0.023
0 0.722 0.445 0.021 0.076
0 0.683 0.427 0.007 0.037
0 0.697 0.441 0.021 0.086
0 0.743 0.44 0.022 0.129
0 0.801 0.441 0.028 0.131
0 0.965 0.398 0.024 0.08
0 0.986 0.431 0.026 0.128
2 0.493 0.439 0.015 0.027
2 0.511 0.436 0.021 0.034
2 0.526 0.438 0.013 0.036
2 0.535 0.443 0.021 0.039
2 0.474 0.437 0.026 0.051
2 0.442 0.448 0.028 0.041
2 0.087 0.523 0.173 0.174
4 0.246 0.417 0.208 0.314
2 0.555 0.441 0.032 0.048
11 0.6 0.378 0.007 0.028
11 0.655 0.17 0.061 0.04
0 0.872 0.464 0.062 0.275
0 0.842 0.434 0.023 0.135
2 0.419 0.441 0.021 0.034
