9 0.532 0.398 0.008 0.022
9 0.435 0.387 0.01 0.025
10 0.527 0.397 0.011 0.022
10 0.431 0.389 0.013 0.025
2 0.483 0.468 0.011 0.03
2 0.438 0.469 0.013 0.052
2 0.434 0.469 0.013 0.052
2 0.427 0.469 0.015 0.062
2 0.42 0.472 0.018 0.067
2 0.401 0.474 0.042 0.102
2 0.49 0.467 0.01 0.022
2 0.491 0.468 0.01 0.025
2 0.499 0.468 0.014 0.025
2 0.503 0.474 0.011 0.027
2 0.511 0.47 0.018 0.035
2 0.523 0.474 0.018 0.032
2 0.533 0.478 0.015 0.04
2 0.545 0.473 0.022 0.05
2 0.571 0.475 0.043 0.075
2 0.572 0.484 0.032 0.052
2 0.592 0.491 0.049 0.072
2 0.614 0.498 0.038 0.08
2 0.646 0.504 0.067 0.102
2 0.687 0.513 0.084 0.12
2 0.827 0.617 0.346 0.356
2 0.947 0.478 0.106 0.142
2 0.924 0.823 0.151 0.349
2 0.459 0.473 0.048 0.077
2 0.096 0.618 0.191 0.406
