0 0.407 0.435 0.015 0.081
11 0.174 0.273 0.024 0.029
11 0.59 0.349 0.014 0.02
11 0.589 0.364 0.015 0.018
11 0.59 0.388 0.011 0.027
11 0.607 0.401 0.007 0.027
11 0.625 0.367 0.02 0.045
10 0.343 0.378 0.013 0.018
10 0.528 0.366 0.008 0.022
11 0.76 0.269 0.02 0.033
2 0.397 0.43 0.032 0.057
2 0.358 0.434 0.06 0.09
2 0.32 0.45 0.067 0.096
2 0.268 0.465 0.077 0.131
2 0.458 0.431 0.037 0.047
2 0.575 0.432 0.016 0.029
2 0.563 0.435 0.023 0.043
2 0.618 0.43 0.016 0.02
2 0.511 0.49 0.115 0.165
2 0.713 0.502 0.219 0.241
2 0.122 0.49 0.243 0.251
10 0.488 0.38 0.007 0.015
2 0.424 0.288 0.024 0.014
