10 0.244 0.267 0.029 0.115
10 0.284 0.273 0.024 0.068
7 0.267 0.256 0.017 0.097
7 0.637 0.213 0.02 0.101
10 0.616 0.216 0.026 0.091
7 0.627 0.383 0.03 0.046
11 0.651 0.291 0.052 0.035
11 0.881 0.373 0.032 0.033
11 0.852 0.381 0.026 0.049
11 0.773 0.426 0.015 0.049
11 0.652 0.461 0.014 0.077
11 0.492 0.245 0.052 0.066
11 0.422 0.414 0.03 0.016
11 0.437 0.428 0.026 0.021
11 0.473 0.376 0.015 0.074
10 0.444 0.499 0.015 0.033
2 0.941 0.593 0.116 0.113
2 0.8 0.605 0.173 0.117
2 0.332 0.608 0.026 0.033
2 0.259 0.619 0.039 0.054
2 0.189 0.621 0.039 0.049
2 0.224 0.622 0.034 0.039
2 0.28 0.61 0.022 0.041
2 0.301 0.61 0.024 0.037
0 0.617 0.618 0.026 0.101
0 0.592 0.615 0.022 0.122
0 0.546 0.612 0.016 0.099
0 0.529 0.616 0.016 0.097
11 0.88 0.535 0.014 0.029
10 0.431 0.499 0.009 0.023
8 0.253 0.556 0.008 0.017
2 0.319 0.613 0.009 0.018
0 0.384 0.6 0.006 0.036
10 0.614 0.398 0.029 0.047
