11 0.097 0.21 0.042 0.087
11 0.407 0.39 0.04 0.069
11 0.45 0.38 0.03 0.05
2 0.019 0.677 0.037 0.161
2 0.011 0.45 0.021 0.092
2 0.228 0.434 0.182 0.251
2 0.329 0.411 0.092 0.142
2 0.384 0.386 0.07 0.109
2 0.43 0.38 0.024 0.075
2 0.451 0.376 0.017 0.059
2 0.467 0.371 0.017 0.042
2 0.812 0.498 0.271 0.317
2 0.684 0.445 0.105 0.189
2 0.657 0.413 0.092 0.133
2 0.61 0.402 0.045 0.104
4 0.595 0.367 0.063 0.13
2 0.493 0.356 0.018 0.023
2 0.562 0.372 0.009 0.026
2 0.558 0.363 0.012 0.029
2 0.508 0.354 0.009 0.017
4 0.509 0.342 0.016 0.023
