7 0.526 0.154 0.009 0.049
7 0.539 0.253 0.013 0.028
10 0.328 0.252 0.015 0.029
10 0.513 0.163 0.016 0.052
10 0.477 0.292 0.006 0.033
10 0.467 0.296 0.005 0.031
0 0.419 0.341 0.006 0.035
0 0.437 0.342 0.006 0.029
0 0.45 0.349 0.008 0.036
0 0.476 0.346 0.004 0.029
0 0.482 0.347 0.008 0.023
0 0.463 0.344 0.005 0.026
0 0.467 0.348 0.006 0.028
0 0.567 0.358 0.008 0.026
0 0.607 0.364 0.012 0.031
0 0.509 0.348 0.01 0.031
0 0.296 0.321 0.007 0.028
0 0.288 0.317 0.007 0.024
0 0.28 0.313 0.005 0.026
2 0.356 0.337 0.038 0.043
2 0.905 0.397 0.065 0.08
11 0.99 0.237 0.017 0.069
11 0.984 0.127 0.028 0.017
11 0.991 0.295 0.017 0.055
10 0.969 0.299 0.017 0.036
2 0.904 0.562 0.188 0.525
3 0.75 0.373 0.256 0.38
2 0.515 0.557 0.325 0.334
2 0.491 0.38 0.081 0.033
1 0.377 0.374 0.04 0.118
5 0.365 0.399 0.038 0.083
11 0.334 0.287 0.019 0.026
11 0.342 0.137 0.032 0.017
11 0.461 0.127 0.065 0.029
11 0.503 0.242 0.034 0.019
11 0.412 0.217 0.045 0.085
11 0.288 0.178 0.018 0.012
2 0.309 0.33 0.021 0.023
11 0.335 0.31 0.026 0.017
11 0.588 0.368 0.007 0.023
11 0.547 0.36 0.01 0.016
11 0.46 0.304 0.01 0.019
2 0.907 0.21 0.018 0.014
2 0.934 0.212 0.016 0.012
2 0.89 0.209 0.019 0.012
2 0.869 0.204 0.017 0.014
