7 0.31 0.364 0.011 0.033
7 0.419 0.34 0.011 0.023
10 0.318 0.365 0.008 0.03
10 0.426 0.338 0.011 0.028
11 0.216 0.446 0.017 0.019
11 0.23 0.462 0.02 0.019
11 0.457 0.42 0.012 0.023
10 0.22 0.488 0.02 0.028
10 0.275 0.482 0.015 0.026
2 0.386 0.484 0.013 0.03
2 0.374 0.49 0.015 0.023
2 0.363 0.493 0.013 0.019
2 0.266 0.55 0.045 0.073
2 0.232 0.57 0.051 0.103
2 0.452 0.46 0.022 0.033
2 0.419 0.443 0.042 0.019
2 0.485 0.447 0.032 0.077
2 0.493 0.461 0.02 0.068
2 0.523 0.448 0.062 0.131
2 0.586 0.436 0.102 0.187
2 0.353 0.501 0.028 0.04
2 0.424 0.503 0.07 0.115
2 0.156 0.609 0.132 0.185
2 0.723 0.428 0.243 0.298
2 0.883 0.496 0.211 0.307
