7 0.418 0.207 0.008 0.045
7 0.548 0.208 0.008 0.037
10 0.74 0.29 0.029 0.033
10 0.19 0.303 0.023 0.035
10 0.593 0.325 0.012 0.027
11 0.197 0.216 0.022 0.016
11 0.594 0.256 0.017 0.01
11 0.544 0.337 0.029 0.045
2 0.167 0.4 0.086 0.068
2 0.712 0.384 0.046 0.045
2 0.858 0.45 0.277 0.132
2 0.874 0.51 0.25 0.26
2 0.901 0.599 0.197 0.34
2 0.385 0.4 0.099 0.057
2 0.522 0.43 0.104 0.106
2 0.619 0.602 0.325 0.415
2 0.069 0.62 0.137 0.269
7 0.431 0.204 0.01 0.037
7 0.41 0.206 0.007 0.041
11 0.245 0.367 0.015 0.02
2 0.816 0.399 0.264 0.126
10 0.537 0.206 0.009 0.035
