2 0.335 0.356 0.012 0.022
2 0.323 0.356 0.014 0.03
2 0.306 0.364 0.027 0.049
2 0.277 0.366 0.034 0.052
2 0.615 0.386 0.168 0.212
2 0.815 0.384 0.366 0.557
2 0.093 0.392 0.049 0.052
2 0.359 0.35 0.017 0.024
2 0.39 0.348 0.009 0.017
2 0.404 0.346 0.009 0.021
2 0.42 0.345 0.013 0.019
7 0.453 0.197 0.014 0.028
7 0.468 0.245 0.015 0.024
7 0.299 0.221 0.015 0.024
11 0.12 0.221 0.018 0.049
10 0.163 0.201 0.011 0.046
11 0.05 0.129 0.009 0.032
11 0.22 0.328 0.012 0.021
11 0.155 0.28 0.016 0.015
11 0.468 0.283 0.015 0.013
11 0.514 0.229 0.011 0.022
11 0.515 0.314 0.007 0.03
11 0.423 0.316 0.008 0.011
7 0.396 0.331 0.007 0.015
8 0.387 0.326 0.008 0.017
2 0.304 0.52 0.015 0.007
