7 0.476 0.354 0.013 0.024
7 0.244 0.342 0.011 0.032
10 0.254 0.342 0.007 0.035
10 0.412 0.454 0.005 0.017
10 0.247 0.439 0.008 0.02
2 0.059 0.518 0.033 0.047
2 0.034 0.519 0.045 0.055
2 0.406 0.503 0.029 0.073
2 0.422 0.507 0.027 0.081
2 0.353 0.511 0.105 0.143
2 0.604 0.485 0.018 0.024
2 0.616 0.484 0.013 0.032
2 0.661 0.474 0.014 0.014
2 0.652 0.489 0.028 0.032
2 0.673 0.482 0.021 0.037
2 0.706 0.485 0.015 0.031
0 0.691 0.485 0.016 0.098
0 0.763 0.479 0.013 0.101
0 0.844 0.479 0.029 0.159
0 0.87 0.477 0.026 0.151
3 0.927 0.447 0.142 0.139
2 0.508 0.538 0.187 0.278
2 0.226 0.564 0.235 0.232
