11 0.019 0.537 0.038 0.026
11 0.03 0.584 0.06 0.065
11 0.143 0.581 0.115 0.071
11 0.574 0.724 0.021 0.016
11 0.599 0.725 0.028 0.015
11 0.6 0.737 0.024 0.007
11 0.573 0.736 0.021 0.005
2 0.536 0.765 0.006 0.008
2 0.529 0.764 0.005 0.011
2 0.523 0.763 0.006 0.018
2 0.513 0.763 0.011 0.02
2 0.5 0.767 0.014 0.016
2 0.481 0.764 0.021 0.035
2 0.457 0.764 0.025 0.041
2 0.4 0.759 0.033 0.044
2 0.387 0.767 0.028 0.046
2 0.36 0.762 0.041 0.056
2 0.302 0.767 0.041 0.061
2 0.246 0.763 0.082 0.09
2 0.174 0.775 0.067 0.092
2 0.086 0.773 0.171 0.188
2 0.426 0.77 0.036 0.046
2 0.332 0.783 0.078 0.077
2 0.589 0.777 0.006 0.007
2 0.596 0.774 0.01 0.019
2 0.642 0.786 0.045 0.061
2 0.576 0.772 0.017 0.02
2 0.61 0.776 0.022 0.029
2 0.759 0.815 0.087 0.11
