7 0.466 0.331 0.009 0.022
11 0.514 0.338 0.012 0.021
11 0.148 0.149 0.035 0.099
11 0.754 0.239 0.025 0.045
0 0.799 0.422 0.032 0.136
0 0.764 0.414 0.029 0.082
8 0.334 0.268 0.011 0.021
11 0.381 0.29 0.009 0.034
2 0.503 0.375 0.012 0.026
2 0.496 0.379 0.015 0.037
2 0.467 0.37 0.009 0.022
2 0.458 0.373 0.015 0.041
2 0.45 0.377 0.013 0.037
2 0.439 0.384 0.019 0.047
2 0.428 0.384 0.017 0.054
2 0.48 0.376 0.026 0.043
2 0.393 0.382 0.073 0.097
2 0.519 0.376 0.018 0.034
2 0.524 0.385 0.017 0.037
2 0.533 0.389 0.012 0.041
2 0.547 0.384 0.029 0.065
2 0.55 0.393 0.015 0.064
2 0.564 0.391 0.025 0.079
2 0.59 0.397 0.064 0.088
2 0.622 0.413 0.103 0.101
2 0.149 0.441 0.298 0.368
