10 0.536 0.146 0.011 0.042
7 0.545 0.146 0.011 0.046
7 0.176 0.047 0.02 0.07
11 0.134 0.282 0.015 0.01
11 0.696 0.221 0.018 0.011
11 0.7 0.232 0.024 0.011
11 0.183 0.317 0.011 0.021
11 0.155 0.324 0.017 0.016
10 0.61 0.293 0.004 0.015
10 0.55 0.246 0.005 0.018
10 0.545 0.246 0.004 0.02
7 0.483 0.27 0.006 0.021
2 0.211 0.346 0.01 0.013
2 0.222 0.347 0.014 0.018
2 0.275 0.349 0.008 0.015
2 0.288 0.354 0.017 0.018
2 0.289 0.4 0.037 0.114
2 0.256 0.367 0.018 0.028
2 0.194 0.361 0.023 0.02
2 0.208 0.386 0.034 0.051
2 0.62 0.332 0.028 0.042
2 0.127 0.41 0.14 0.153
10 0.126 0.326 0.009 0.015
2 0.401 0.434 0.217 0.326
0 0.677 0.325 0.006 0.02
0 0.743 0.326 0.01 0.026
0 0.754 0.327 0.007 0.021
0 0.761 0.33 0.015 0.052
0 0.806 0.35 0.027 0.106
0 0.837 0.344 0.023 0.109
0 0.856 0.355 0.033 0.142
0 0.874 0.35 0.026 0.132
0 0.896 0.349 0.033 0.15
0 0.979 0.356 0.028 0.176
0 0.952 0.353 0.029 0.144
0 0.938 0.363 0.048 0.181
1 0.669 0.345 0.015 0.077
5 0.666 0.365 0.01 0.049
