7 0.159 0.241 0.019 0.023
7 0.331 0.022 0.023 0.038
7 0.696 0.021 0.026 0.042
7 0.604 0.396 0.012 0.021
7 0.531 0.389 0.011 0.017
7 0.467 0.341 0.016 0.019
7 0.452 0.381 0.013 0.017
7 0.417 0.415 0.008 0.017
7 0.361 0.376 0.011 0.021
8 0.151 0.288 0.013 0.028
8 0.131 0.291 0.012 0.03
7 0.766 0.35 0.02 0.036
8 0.743 0.351 0.013 0.034
11 0.317 0.364 0.023 0.041
11 0.44 0.376 0.011 0.019
11 0.429 0.379 0.016 0.019
11 0.644 0.432 0.016 0.041
11 0.583 0.3 0.018 0.075
11 0.165 0.349 0.028 0.058
2 0.449 0.461 0.032 0.051
2 0.454 0.431 0.02 0.026
3 0.57 0.436 0.058 0.109
2 0.509 0.475 0.107 0.211
11 0.562 0.363 0.008 0.021
2 0.323 0.467 0.13 0.177
10 0.36 0.039 0.03 0.079
8 0.217 0.409 0.012 0.017
0 0.755 0.508 0.046 0.114
