7 0.394 0.216 0.014 0.047
2 0.168 0.381 0.027 0.029
2 0.342 0.346 0.011 0.015
2 0.33 0.337 0.01 0.01
2 0.312 0.335 0.011 0.017
2 0.3 0.342 0.013 0.023
2 0.276 0.356 0.02 0.021
2 0.263 0.371 0.02 0.028
2 0.294 0.388 0.053 0.047
2 0.318 0.366 0.03 0.038
2 0.357 0.377 0.022 0.03
2 0.346 0.368 0.018 0.028
2 0.555 0.498 0.246 0.286
0 0.008 0.371 0.016 0.094
2 0.035 0.39 0.029 0.056
2 0.081 0.443 0.073 0.14
2 0.03 0.506 0.061 0.17
2 0.319 0.476 0.117 0.172
7 0.24 0.275 0.008 0.024
2 0.803 0.592 0.393 0.396
2 0.834 0.398 0.019 0.004
2 0.107 0.419 0.114 0.123
8 0.125 0.32 0.01 0.012
8 0.191 0.277 0.005 0.021
8 0.249 0.268 0.006 0.019
9 0.203 0.34 0.005 0.014
9 0.211 0.34 0.004 0.014
11 0.065 0.272 0.022 0.012
11 0.288 0.317 0.009 0.014
8 0.473 0.322 0.015 0.017
