11 0.309 0.509 0.022 0.015
11 0.276 0.516 0.009 0.031
11 0.508 0.501 0.021 0.012
11 0.522 0.549 0.011 0.018
11 0.864 0.4 0.036 0.064
11 0.865 0.449 0.04 0.033
11 0.544 0.534 0.013 0.019
7 0.475 0.498 0.008 0.023
7 0.449 0.515 0.006 0.022
7 0.627 0.501 0.008 0.026
10 0.443 0.516 0.006 0.021
10 0.328 0.508 0.005 0.022
10 0.337 0.506 0.006 0.022
9 0.332 0.506 0.008 0.022
10 0.154 0.559 0.01 0.018
10 0.626 0.549 0.009 0.015
2 0.073 0.608 0.054 0.05
2 0.03 0.612 0.032 0.045
2 0.01 0.632 0.018 0.124
2 0.582 0.593 0.026 0.054
2 0.531 0.593 0.032 0.052
2 0.493 0.599 0.037 0.054
2 0.369 0.595 0.008 0.016
3 0.44 0.556 0.038 0.018
3 0.397 0.582 0.049 0.077
2 0.756 0.593 0.044 0.052
2 0.787 0.59 0.045 0.054
2 0.822 0.593 0.054 0.056
2 0.909 0.564 0.029 0.018
2 0.858 0.6 0.064 0.056
2 0.882 0.57 0.022 0.014
2 0.926 0.6 0.07 0.071
2 0.943 0.603 0.092 0.072
2 0.991 0.608 0.017 0.068
2 0.226 0.631 0.094 0.109
2 0.356 0.595 0.017 0.026
2 0.437 0.634 0.089 0.147
2 0.554 0.601 0.048 0.071
2 0.652 0.648 0.155 0.166
11 0.276 0.548 0.009 0.02
11 0.271 0.56 0.008 0.015
