2 0.435 0.496 0.016 0.017
2 0.501 0.494 0.012 0.017
7 0.543 0.393 0.009 0.024
7 0.495 0.469 0.007 0.024
11 0.569 0.46 0.013 0.021
4 0.381 0.479 0.037 0.055
2 0.343 0.489 0.044 0.055
7 0.314 0.372 0.009 0.031
10 0.304 0.369 0.008 0.028
2 0.206 0.508 0.075 0.088
2 0.131 0.522 0.083 0.097
2 0.053 0.504 0.059 0.062
2 0.017 0.496 0.033 0.059
11 0.417 0.478 0.009 0.019
11 0.61 0.44 0.017 0.014
4 0.666 0.486 0.104 0.135
2 0.927 0.508 0.043 0.05
11 0.756 0.291 0.039 0.071
2 0.704 0.544 0.069 0.122
2 0.558 0.499 0.024 0.033
2 0.842 0.668 0.307 0.354
