11 0.776 0.324 0.063 0.122
11 0.778 0.241 0.033 0.055
11 0.428 0.49 0.01 0.021
11 0.429 0.512 0.012 0.018
2 0.405 0.556 0.015 0.02
2 0.39 0.561 0.016 0.027
2 0.286 0.571 0.018 0.018
2 0.271 0.576 0.017 0.021
2 0.15 0.58 0.04 0.036
2 0.093 0.591 0.048 0.038
2 0.038 0.602 0.06 0.052
2 0.133 0.598 0.053 0.036
2 0.355 0.564 0.026 0.038
2 0.601 0.544 0.023 0.025
2 0.627 0.539 0.024 0.018
2 0.653 0.537 0.019 0.021
2 0.706 0.532 0.045 0.02
2 0.831 0.524 0.045 0.029
11 0.036 0.499 0.011 0.025
2 0.897 0.518 0.041 0.028
