0 0.407 0.625 0.109 0.501
0 0.743 0.483 0.044 0.182
0 0.822 0.481 0.049 0.175
0 0.898 0.501 0.05 0.211
0 0.598 0.49 0.024 0.13
0 0.502 0.451 0.009 0.043
0 0.643 0.448 0.02 0.081
0 0.68 0.445 0.023 0.099
0 0.702 0.448 0.016 0.099
0 0.569 0.439 0.005 0.043
0 0.558 0.486 0.017 0.123
1 0.54 0.491 0.028 0.168
5 0.542 0.512 0.02 0.116
0 0.721 0.465 0.02 0.14
0 0.777 0.404 0.008 0.003
0 0.794 0.453 0.022 0.13
0 0.767 0.454 0.017 0.101
0 0.583 0.451 0.012 0.075
0 0.49 0.442 0.006 0.028
0 0.555 0.44 0.012 0.028
0 0.626 0.432 0.014 0.071
0 0.577 0.437 0.009 0.031
0 0.924 0.485 0.044 0.229
0 0.826 0.409 0.024 0.076
4 0.241 0.475 0.117 0.186
4 0.471 0.428 0.024 0.056
2 0.317 0.482 0.042 0.068
2 0.347 0.469 0.028 0.073
2 0.439 0.45 0.019 0.033
2 0.422 0.454 0.02 0.04
4 0.477 0.443 0.022 0.049
2 0.451 0.442 0.012 0.026
4 0.441 0.419 0.014 0.01
4 0.427 0.42 0.01 0.016
4 0.355 0.427 0.025 0.023
7 0.661 0.262 0.019 0.08
11 0.661 0.32 0.035 0.023
7 0.691 0.337 0.019 0.036
10 0.674 0.341 0.013 0.043
11 0.559 0.341 0.013 0.024
