5 0.72 0.321 0.061 0.192
5 0.668 0.289 0.055 0.155
0 0.699 0.213 0.017 0.101
0 0.664 0.18 0.013 0.035
0 0.63 0.192 0.011 0.031
0 0.797 0.28 0.042 0.272
0 0.848 0.278 0.088 0.362
0 0.828 0.208 0.022 0.09
0 0.749 0.211 0.019 0.088
2 0.61 0.188 0.025 0.036
2 0.59 0.191 0.012 0.029
2 0.576 0.19 0.023 0.04
2 0.555 0.193 0.03 0.047
2 0.524 0.19 0.032 0.047
2 0.484 0.196 0.043 0.055
2 0.427 0.191 0.06 0.075
2 0.358 0.204 0.083 0.071
4 0.623 0.162 0.036 0.05
3 0.1 0.136 0.201 0.242
2 0.016 0.222 0.032 0.173
11 0.661 0.111 0.015 0.052
0 0.304 0.183 0.012 0.057
0 0.234 0.191 0.012 0.069
0 0.225 0.188 0.014 0.064
0 0.217 0.187 0.015 0.062
3 0.207 0.198 0.012 0.081
5 0.257 0.203 0.014 0.038
11 0.256 0.076 0.01 0.021
11 0.247 0.074 0.011 0.026
11 0.25 0.049 0.011 0.021
4 0.485 0.163 0.069 0.11
