7 0.791 0.377 0.009 0.044
7 0.674 0.42 0.005 0.027
7 0.559 0.347 0.007 0.027
10 0.764 0.381 0.012 0.043
11 0.842 0.423 0.03 0.031
11 0.842 0.444 0.012 0.009
11 0.842 0.463 0.015 0.02
11 0.842 0.484 0.013 0.014
11 0.792 0.452 0.014 0.014
11 0.793 0.421 0.023 0.041
11 0.726 0.432 0.018 0.019
11 0.728 0.449 0.011 0.009
11 0.726 0.469 0.014 0.024
11 0.433 0.425 0.014 0.02
10 0.258 0.267 0.013 0.048
2 0.565 0.468 0.008 0.012
2 0.556 0.456 0.01 0.009
2 0.544 0.463 0.008 0.01
2 0.523 0.463 0.009 0.014
2 0.11 0.474 0.033 0.034
2 0.056 0.464 0.037 0.039
2 0.167 0.471 0.059 0.044
2 0.225 0.479 0.052 0.039
2 0.535 0.475 0.019 0.029
2 0.507 0.471 0.013 0.02
2 0.555 0.47 0.01 0.015
2 0.602 0.479 0.023 0.031
2 0.468 0.468 0.014 0.012
2 0.015 0.457 0.029 0.04
8 0.696 0.439 0.008 0.019
11 0.244 0.458 0.014 0.035
2 0.983 0.499 0.033 0.078
