11 0.593 0.496 0.02 0.033
11 0.594 0.549 0.013 0.068
11 0.595 0.616 0.015 0.015
11 0.531 0.577 0.018 0.029
11 0.383 0.6 0.012 0.021
11 0.253 0.646 0.012 0.024
11 0.875 0.509 0.041 0.054
11 0.892 0.553 0.03 0.042
11 0.57 0.614 0.01 0.014
8 0.245 0.585 0.01 0.025
7 0.516 0.567 0.012 0.018
7 0.397 0.566 0.01 0.015
7 0.622 0.637 0.005 0.011
1 0.377 0.683 0.021 0.06
5 0.375 0.728 0.019 0.058
2 0.413 0.686 0.023 0.042
2 0.434 0.7 0.04 0.08
2 0.605 0.66 0.066 0.037
2 0.633 0.732 0.053 0.114
2 0.71 0.747 0.131 0.177
4 0.861 0.805 0.276 0.268
2 0.528 0.823 0.223 0.351
2 0.275 0.698 0.117 0.119
0 0.337 0.692 0.015 0.073
0 0.211 0.668 0.01 0.021
0 0.202 0.667 0.008 0.026
0 0.196 0.669 0.009 0.03
0 0.19 0.687 0.01 0.054
0 0.18 0.689 0.009 0.065
0 0.172 0.687 0.005 0.058
0 0.164 0.683 0.009 0.055
0 0.155 0.682 0.008 0.054
0 0.146 0.681 0.01 0.057
0 0.129 0.68 0.013 0.053
0 0.118 0.68 0.007 0.053
0 0.107 0.686 0.015 0.079
0 0.094 0.697 0.009 0.068
0 0.082 0.698 0.011 0.07
0 0.068 0.704 0.014 0.077
0 0.053 0.71 0.015 0.087
0 0.04 0.715 0.013 0.085
0 0.025 0.719 0.014 0.086
0 0.01 0.717 0.019 0.096
2 0.186 0.712 0.065 0.087
