7 0.04 0.05 0.021 0.085
10 0.064 0.054 0.027 0.084
10 0.025 0.054 0.021 0.075
7 0.805 0.346 0.027 0.038
11 0.538 0.405 0.015 0.031
11 0.491 0.435 0.011 0.017
11 0.463 0.435 0.009 0.014
11 0.267 0.403 0.015 0.015
11 0.023 0.254 0.016 0.024
11 0.384 0.421 0.007 0.017
11 0.624 0.345 0.018 0.026
10 0.442 0.416 0.007 0.012
2 0.428 0.442 0.01 0.012
2 0.42 0.445 0.009 0.011
2 0.414 0.448 0.008 0.014
2 0.408 0.447 0.01 0.018
2 0.402 0.45 0.009 0.018
2 0.399 0.452 0.008 0.02
2 0.392 0.454 0.017 0.023
2 0.388 0.463 0.01 0.02
2 0.378 0.464 0.018 0.026
2 0.358 0.475 0.027 0.029
2 0.33 0.477 0.03 0.046
2 0.293 0.478 0.053 0.063
2 0.455 0.446 0.008 0.014
2 0.459 0.452 0.011 0.018
2 0.465 0.453 0.014 0.015
2 0.464 0.463 0.009 0.026
2 0.47 0.468 0.013 0.034
2 0.481 0.466 0.015 0.047
2 0.5 0.47 0.025 0.058
2 0.53 0.477 0.058 0.075
2 0.548 0.484 0.066 0.076
2 0.935 0.476 0.128 0.149
0 0.787 0.484 0.038 0.137
2 0.447 0.441 0.01 0.017
