7 0.448 0.166 0.021 0.062
7 0.624 0.278 0.012 0.049
10 0.463 0.171 0.021 0.062
7 0.518 0.471 0.009 0.022
7 0.554 0.47 0.008 0.016
2 0.304 0.589 0.089 0.095
2 0.432 0.564 0.06 0.095
2 0.613 0.542 0.058 0.084
4 0.064 0.556 0.128 0.161
2 0.156 0.567 0.118 0.1
2 0.907 0.511 0.037 0.107
4 0.849 0.514 0.075 0.102
4 0.585 0.536 0.018 0.044
4 0.576 0.535 0.024 0.047
4 0.559 0.53 0.023 0.046
4 0.546 0.523 0.015 0.027
2 0.477 0.547 0.033 0.068
4 0.52 0.54 0.015 0.018
11 0.663 0.417 0.026 0.016
11 0.922 0.234 0.028 0.053
8 0.664 0.453 0.01 0.027
7 0.674 0.452 0.013 0.025
7 0.454 0.505 0.006 0.023
2 0.498 0.537 0.013 0.02
