7 0.359 0.219 0.006 0.021
7 0.447 0.212 0.007 0.02
10 0.365 0.22 0.004 0.024
2 0.413 0.304 0.019 0.027
2 0.429 0.301 0.013 0.026
2 0.439 0.301 0.015 0.026
2 0.447 0.308 0.011 0.021
2 0.459 0.308 0.018 0.031
2 0.621 0.35 0.081 0.159
2 0.399 0.307 0.009 0.014
2 0.39 0.31 0.01 0.014
4 0.327 0.3 0.031 0.107
0 0.346 0.314 0.007 0.031
4 0.28 0.307 0.086 0.122
2 0.156 0.32 0.168 0.251
2 0.027 0.418 0.054 0.218
2 0.197 0.425 0.211 0.257
2 0.531 0.349 0.166 0.299
0 0.39 0.408 0.064 0.267
2 0.851 0.447 0.298 0.425
