2 0.063 0.339 0.124 0.188
2 0.165 0.32 0.105 0.127
0 0.132 0.251 0.011 0.036
2 0.322 0.327 0.087 0.122
2 0.378 0.304 0.032 0.054
2 0.4 0.294 0.014 0.034
2 0.508 0.306 0.028 0.042
2 0.457 0.297 0.019 0.022
2 0.475 0.306 0.023 0.032
2 0.41 0.296 0.007 0.02
2 0.422 0.296 0.015 0.02
2 0.439 0.297 0.016 0.024
2 0.532 0.307 0.024 0.047
2 0.558 0.311 0.026 0.04
2 0.585 0.318 0.029 0.041
2 0.638 0.351 0.115 0.134
2 0.701 0.336 0.032 0.087
2 0.855 0.367 0.201 0.171
2 0.955 0.391 0.086 0.23
8 0.802 0.233 0.009 0.026
7 0.42 0.147 0.008 0.025
7 0.4 0.244 0.006 0.016
7 0.478 0.251 0.005 0.02
7 0.603 0.146 0.011 0.031
11 0.827 0.191 0.029 0.03
11 0.814 0.109 0.026 0.015
11 0.272 0.147 0.022 0.019
