11 0.06 0.095 0.119 0.184
2 0.52 0.536 0.011 0.02
2 0.447 0.552 0.014 0.017
2 0.362 0.573 0.027 0.04
2 0.535 0.539 0.008 0.027
2 0.543 0.539 0.014 0.032
2 0.555 0.539 0.017 0.027
2 0.564 0.539 0.013 0.042
2 0.578 0.533 0.017 0.055
2 0.597 0.532 0.038 0.067
2 0.611 0.543 0.034 0.065
2 0.636 0.539 0.039 0.072
2 0.664 0.539 0.049 0.082
2 0.706 0.547 0.081 0.117
2 0.842 0.531 0.228 0.229
2 0.949 0.568 0.098 0.244
2 0.495 0.543 0.021 0.02
2 0.464 0.548 0.02 0.03
2 0.428 0.554 0.018 0.027
2 0.401 0.558 0.028 0.04
2 0.337 0.579 0.042 0.052
