8 0.085 0.4 0.009 0.038
8 0.462 0.294 0.015 0.061
9 0.452 0.37 0.008 0.035
10 0.441 0.37 0.012 0.035
8 0.062 0.51 0.014 0.023
11 0.075 0.495 0.015 0.023
11 0.062 0.459 0.027 0.009
11 0.076 0.432 0.023 0.011
11 0.704 0.194 0.051 0.098
11 0.716 0.313 0.018 0.032
11 0.714 0.344 0.014 0.023
11 0.742 0.419 0.027 0.093
11 0.506 0.385 0.062 0.011
11 0.736 0.371 0.048 0.021
2 0.248 0.613 0.114 0.226
2 0.69 0.581 0.036 0.058
2 0.121 0.698 0.241 0.366
2 0.48 0.681 0.404 0.586
2 0.839 0.686 0.321 0.409
2 0.957 0.827 0.083 0.301
