8 0.652 0.247 0.013 0.043
8 0.6 0.207 0.013 0.05
8 0.474 0.24 0.01 0.05
11 0.476 0.311 0.019 0.033
11 0.477 0.34 0.014 0.024
11 0.778 0.256 0.015 0.055
8 0.789 0.347 0.017 0.024
8 0.091 0.361 0.009 0.023
8 0.072 0.365 0.015 0.026
1 0.922 0.4 0.022 0.087
1 0.894 0.411 0.029 0.097
5 0.922 0.432 0.031 0.068
5 0.895 0.433 0.047 0.055
0 0.989 0.388 0.015 0.062
2 0.954 0.412 0.091 0.094
0 0.842 0.412 0.019 0.076
2 0.628 0.406 0.011 0.023
2 0.643 0.412 0.021 0.024
2 0.586 0.401 0.015 0.023
2 0.57 0.404 0.018 0.017
2 0.557 0.401 0.013 0.023
2 0.608 0.406 0.028 0.045
7 0.542 0.359 0.007 0.017
7 0.514 0.372 0.009 0.016
7 0.565 0.364 0.01 0.017
7 0.535 0.399 0.019 0.026
2 0.449 0.412 0.027 0.035
2 0.412 0.429 0.048 0.061
2 0.388 0.426 0.027 0.052
2 0.357 0.424 0.047 0.075
2 0.253 0.425 0.057 0.069
4 0.316 0.4 0.074 0.118
2 0.479 0.443 0.159 0.106
2 0.05 0.493 0.099 0.158
0 0.754 0.406 0.011 0.061
0 0.707 0.409 0.011 0.048
