2 0.146 0.58 0.202 0.161
2 0.417 0.55 0.046 0.079
2 0.47 0.546 0.029 0.043
3 0.49 0.523 0.034 0.081
0 0.03 0.585 0.055 0.227
2 0.601 0.551 0.179 0.134
2 0.973 0.568 0.05 0.115
2 0.446 0.534 0.01 0.022
0 0.674 0.528 0.011 0.044
0 0.71 0.549 0.011 0.058
0 0.72 0.55 0.012 0.069
0 0.755 0.553 0.012 0.079
0 0.766 0.549 0.004 0.062
0 0.808 0.618 0.065 0.227
0 0.889 0.647 0.042 0.259
0 0.921 0.626 0.075 0.268
0 0.851 0.633 0.079 0.276
0 0.741 0.564 0.032 0.114
0 0.779 0.559 0.019 0.09
0 0.214 0.528 0.013 0.047
0 0.276 0.523 0.011 0.068
0 0.323 0.527 0.007 0.025
11 0.316 0.338 0.061 0.021
11 0.883 0.121 0.159 0.073
9 0.691 0.109 0.027 0.103
10 0.664 0.118 0.03 0.098
9 0.357 0.324 0.01 0.049
9 0.256 0.465 0.022 0.022
9 0.43 0.47 0.004 0.017
2 0.324 0.524 0.054 0.035
0 0.599 0.634 0.101 0.283
0 0.598 0.615 0.039 0.246
2 0.04 0.56 0.081 0.115
8 0.654 0.362 0.012 0.052
11 0.661 0.397 0.025 0.018
9 0.671 0.472 0.01 0.028
11 0.26 0.398 0.02 0.021
11 0.274 0.42 0.023 0.023
