11 0.267 0.282 0.056 0.028
11 0.193 0.317 0.031 0.042
11 0.232 0.366 0.021 0.033
11 0.229 0.407 0.027 0.039
11 0.825 0.386 0.04 0.073
11 0.463 0.393 0.017 0.029
11 0.353 0.422 0.019 0.013
11 0.393 0.433 0.006 0.022
7 0.188 0.368 0.014 0.039
7 0.373 0.28 0.018 0.061
7 0.667 0.281 0.011 0.033
7 0.376 0.429 0.008 0.031
7 0.389 0.42 0.012 0.024
7 0.417 0.425 0.009 0.02
7 0.454 0.429 0.008 0.017
7 0.493 0.437 0.009 0.015
2 0.555 0.474 0.024 0.044
2 0.414 0.462 0.017 0.028
2 0.529 0.484 0.024 0.028
2 0.767 0.534 0.146 0.163
2 0.452 0.483 0.018 0.04
2 0.617 0.538 0.161 0.169
2 0.752 0.484 0.115 0.079
2 0.489 0.498 0.051 0.055
2 0.917 0.502 0.09 0.116
