11 0.357 0.136 0.013 0.03
11 0.494 0.408 0.013 0.025
11 0.723 0.325 0.026 0.032
11 0.723 0.367 0.015 0.035
8 0.359 0.196 0.023 0.095
8 0.492 0.442 0.018 0.041
8 0.725 0.402 0.014 0.032
8 0.563 0.473 0.011 0.025
7 0.622 0.461 0.008 0.033
10 0.633 0.46 0.012 0.036
0 0.605 0.545 0.018 0.082
0 0.519 0.517 0.01 0.03
0 0.532 0.559 0.017 0.091
1 0.645 0.557 0.051 0.162
1 0.505 0.557 0.044 0.153
5 0.505 0.589 0.056 0.129
5 0.65 0.595 0.063 0.151
2 0.528 0.546 0.085 0.058
2 0.671 0.545 0.105 0.098
4 0.408 0.538 0.141 0.288
3 0.159 0.416 0.317 0.832
3 0.766 0.496 0.194 0.11
