11 0.902 0.26 0.051 0.06
11 0.44 0.39 0.017 0.011
8 0.354 0.399 0.006 0.018
11 0.331 0.415 0.007 0.011
2 0.036 0.485 0.071 0.103
2 0.916 0.794 0.165 0.326
0 0.913 0.535 0.051 0.167
2 0.089 0.474 0.062 0.082
2 0.133 0.47 0.047 0.073
2 0.354 0.447 0.018 0.028
2 0.338 0.452 0.027 0.038
2 0.458 0.466 0.025 0.039
2 0.484 0.476 0.037 0.065
2 0.524 0.496 0.075 0.101
2 0.546 0.519 0.082 0.106
2 0.615 0.557 0.15 0.168
2 0.773 0.647 0.308 0.295
2 0.369 0.466 0.036 0.051
2 0.422 0.466 0.034 0.057
2 0.227 0.511 0.187 0.238
