11 0.45 0.261 0.016 0.033
11 0.549 0.246 0.009 0.024
11 0.09 0.336 0.022 0.024
11 0.251 0.3 0.011 0.019
11 0.197 0.319 0.012 0.012
11 0.37 0.294 0.009 0.017
11 0.438 0.281 0.009 0.012
11 0.485 0.278 0.009 0.015
11 0.994 0.102 0.011 0.06
10 0.967 0.123 0.013 0.039
2 0.983 0.234 0.015 0.014
2 0.969 0.238 0.016 0.018
2 0.935 0.243 0.034 0.022
2 0.887 0.243 0.014 0.01
2 0.878 0.25 0.017 0.014
2 0.915 0.251 0.055 0.035
2 0.864 0.261 0.041 0.029
2 0.84 0.245 0.023 0.012
2 0.829 0.263 0.059 0.035
2 0.732 0.268 0.026 0.011
2 0.714 0.263 0.019 0.012
2 0.7 0.283 0.092 0.05
2 0.62 0.274 0.042 0.025
2 0.646 0.308 0.088 0.054
2 0.579 0.283 0.037 0.011
2 0.544 0.303 0.031 0.033
4 0.508 0.305 0.061 0.057
2 0.467 0.313 0.025 0.026
2 0.445 0.319 0.015 0.014
2 0.432 0.322 0.015 0.017
2 0.403 0.324 0.012 0.017
2 0.387 0.325 0.012 0.015
2 0.325 0.339 0.019 0.026
0 0.187 0.352 0.011 0.032
11 0.295 0.309 0.006 0.012
11 0.422 0.292 0.007 0.012
11 0.203 0.332 0.01 0.014
