2 0.297 0.483 0.025 0.035
2 0.276 0.483 0.032 0.059
2 0.242 0.487 0.046 0.08
2 0.186 0.494 0.085 0.112
2 0.066 0.516 0.078 0.09
2 0.124 0.486 0.052 0.108
2 0.402 0.471 0.018 0.041
2 0.428 0.471 0.011 0.018
2 0.512 0.463 0.011 0.02
2 0.448 0.473 0.03 0.049
2 0.355 0.479 0.083 0.12
11 0.327 0.363 0.023 0.037
2 0.328 0.403 0.016 0.022
2 0.327 0.31 0.018 0.033
2 0.545 0.4 0.014 0.033
2 0.518 0.424 0.014 0.016
8 0.472 0.397 0.014 0.041
8 0.534 0.404 0.01 0.029
7 0.438 0.412 0.011 0.033
2 0.015 0.527 0.025 0.11
11 0.818 0.222 0.028 0.034
