2 0.235 0.529 0.048 0.04
2 0.296 0.5 0.03 0.019
2 0.349 0.486 0.025 0.029
2 0.31 0.534 0.052 0.038
2 0.546 0.517 0.054 0.14
2 0.589 0.525 0.043 0.069
2 0.648 0.497 0.024 0.061
2 0.811 0.454 0.016 0.028
2 0.778 0.493 0.02 0.057
3 0.727 0.434 0.067 0.054
2 0.916 0.532 0.167 0.094
2 0.831 0.522 0.079 0.057
2 0.71 0.554 0.152 0.213
2 0.375 0.483 0.012 0.016
11 0.49 0.401 0.011 0.019
11 0.85 0.404 0.021 0.017
11 0.851 0.422 0.011 0.016
11 0.865 0.421 0.012 0.007
11 0.866 0.444 0.013 0.035
11 0.85 0.454 0.019 0.042
11 0.806 0.401 0.011 0.016
2 0.477 0.554 0.134 0.22
