8 0.437 0.312 0.016 0.068
8 0.578 0.397 0.014 0.054
10 0.062 0.43 0.015 0.056
10 0.974 0.242 0.041 0.122
10 0.849 0.117 0.024 0.047
10 0.786 0.18 0.02 0.089
11 0.03 0.315 0.033 0.034
11 0.538 0.305 0.052 0.029
11 0.456 0.311 0.014 0.029
11 0.559 0.449 0.011 0.03
11 0.559 0.468 0.01 0.017
11 0.6 0.435 0.008 0.02
11 0.503 0.494 0.008 0.012
10 0.674 0.372 0.014 0.056
10 0.7 0.371 0.017 0.051
11 0.8 0.178 0.009 0.049
2 0.229 0.523 0.025 0.052
2 0.286 0.513 0.084 0.061
2 0.336 0.52 0.028 0.052
2 0.296 0.597 0.141 0.169
2 0.384 0.519 0.015 0.034
2 0.404 0.513 0.032 0.041
2 0.442 0.502 0.024 0.019
2 0.141 0.66 0.282 0.427
2 0.496 0.728 0.412 0.459
11 0.79 0.401 0.012 0.046
