2 0.872 0.445 0.253 0.213
2 0.459 0.45 0.069 0.092
2 0.246 0.44 0.042 0.049
2 0.384 0.414 0.016 0.024
2 0.27 0.433 0.021 0.042
2 0.28 0.432 0.019 0.04
2 0.289 0.428 0.021 0.038
2 0.298 0.425 0.021 0.038
2 0.308 0.423 0.014 0.035
2 0.315 0.421 0.016 0.031
2 0.32 0.42 0.017 0.033
2 0.327 0.421 0.013 0.031
2 0.333 0.418 0.013 0.035
2 0.34 0.418 0.015 0.028
2 0.355 0.417 0.016 0.026
2 0.366 0.412 0.012 0.019
2 0.374 0.412 0.007 0.019
2 0.392 0.411 0.012 0.017
2 0.403 0.412 0.01 0.021
2 0.412 0.414 0.018 0.038
2 0.423 0.428 0.032 0.059
2 0.427 0.432 0.015 0.052
