2 0.548 0.372 0.006 0.017
2 0.553 0.376 0.011 0.022
2 0.558 0.382 0.011 0.027
2 0.574 0.373 0.026 0.047
2 0.578 0.386 0.024 0.048
2 0.594 0.389 0.026 0.069
2 0.612 0.394 0.04 0.095
2 0.669 0.404 0.111 0.163
2 0.788 0.343 0.073 0.036
2 0.896 0.321 0.161 0.056
2 0.855 0.485 0.285 0.297
2 0.971 0.636 0.055 0.307
2 0.524 0.378 0.01 0.019
2 0.501 0.399 0.048 0.077
2 0.475 0.382 0.013 0.017
2 0.463 0.4 0.033 0.063
2 0.445 0.408 0.033 0.078
2 0.397 0.418 0.098 0.127
2 0.348 0.455 0.118 0.142
2 0.116 0.566 0.231 0.358
