2 0.034 0.559 0.066 0.178
2 0.048 0.503 0.077 0.166
2 0.183 0.505 0.242 0.241
2 0.42 0.481 0.141 0.199
2 0.564 0.454 0.067 0.107
2 0.619 0.427 0.029 0.054
2 0.631 0.434 0.019 0.059
2 0.646 0.433 0.019 0.075
2 0.66 0.434 0.038 0.087
2 0.697 0.442 0.074 0.109
2 0.74 0.459 0.073 0.139
2 0.867 0.457 0.247 0.26
2 0.942 0.51 0.112 0.286
11 0.856 0.251 0.044 0.095
11 0.72 0.318 0.012 0.045
11 0.444 0.367 0.011 0.026
11 0.095 0.296 0.026 0.099
2 0.531 0.422 0.016 0.024
2 0.498 0.428 0.012 0.033
2 0.486 0.436 0.019 0.035
2 0.514 0.431 0.031 0.047
7 0.496 0.328 0.006 0.023
7 0.563 0.313 0.007 0.028
7 0.636 0.366 0.005 0.023
2 0.594 0.422 0.011 0.028
