8 0.656 0.288 0.006 0.029
8 0.529 0.316 0.009 0.031
10 0.522 0.316 0.006 0.027
10 0.651 0.288 0.007 0.029
11 0.208 0.23 0.032 0.06
10 0.46 0.389 0.008 0.016
11 0.408 0.342 0.02 0.012
11 0.398 0.31 0.016 0.01
11 0.467 0.37 0.013 0.014
2 0.466 0.43 0.019 0.031
2 0.761 0.409 0.034 0.027
2 0.765 0.443 0.038 0.045
2 0.804 0.409 0.021 0.035
2 0.834 0.411 0.045 0.035
2 0.972 0.397 0.048 0.052
2 0.847 0.524 0.176 0.194
2 0.422 0.481 0.094 0.13
2 0.23 0.594 0.283 0.318
2 0.612 0.584 0.339 0.491
2 0.984 0.718 0.029 0.219
10 0.423 0.382 0.01 0.019
