11 0.17 0.348 0.025 0.096
11 0.355 0.448 0.015 0.014
11 0.372 0.448 0.015 0.014
11 0.39 0.454 0.006 0.012
11 0.417 0.449 0.011 0.021
11 0.325 0.448 0.011 0.024
11 0.112 0.4 0.015 0.032
11 0.246 0.403 0.063 0.032
2 0.121 0.56 0.24 0.285
2 0.221 0.471 0.016 0.014
2 0.264 0.472 0.021 0.015
2 0.332 0.48 0.018 0.049
2 0.372 0.472 0.015 0.034
2 0.307 0.498 0.054 0.082
2 0.395 0.5 0.06 0.081
2 0.354 0.483 0.027 0.058
2 0.568 0.48 0.03 0.023
2 0.615 0.477 0.036 0.026
2 0.902 0.49 0.038 0.027
2 0.94 0.486 0.023 0.034
2 0.877 0.484 0.021 0.032
2 0.802 0.481 0.045 0.031
