8 0.529 0.248 0.009 0.052
8 0.361 0.344 0.011 0.043
8 0.787 0.334 0.018 0.027
9 0.301 0.457 0.011 0.018
7 0.801 0.393 0.009 0.02
8 0.816 0.394 0.008 0.021
2 0.664 0.466 0.025 0.027
2 0.64 0.473 0.026 0.047
2 0.6 0.477 0.053 0.045
2 0.559 0.49 0.027 0.038
2 0.532 0.494 0.024 0.036
2 0.498 0.502 0.044 0.038
0 0.456 0.493 0.01 0.045
2 0.38 0.537 0.167 0.222
2 0.769 0.517 0.239 0.222
0 0.896 0.469 0.014 0.061
0 0.884 0.46 0.016 0.054
2 0.093 0.557 0.056 0.064
2 0.036 0.568 0.069 0.057
2 0.156 0.551 0.1 0.063
0 0.211 0.54 0.018 0.066
0 0.241 0.536 0.025 0.077
0 0.261 0.525 0.02 0.07
2 0.227 0.539 0.025 0.057
11 0.815 0.28 0.047 0.066
11 0.809 0.216 0.028 0.048
11 0.603 0.235 0.059 0.029
11 0.662 0.244 0.014 0.038
11 0.552 0.24 0.018 0.021
11 0.336 0.358 0.031 0.018
11 0.319 0.373 0.02 0.023
10 0.542 0.257 0.01 0.048
10 0.52 0.253 0.011 0.048
