2 0.077 0.753 0.152 0.484
2 0.669 0.534 0.093 0.118
2 0.22 0.607 0.129 0.185
2 0.334 0.57 0.064 0.083
2 0.415 0.535 0.03 0.052
2 0.522 0.523 0.031 0.055
2 0.38 0.537 0.018 0.028
2 0.103 0.623 0.054 0.075
2 0.133 0.61 0.055 0.076
2 0.283 0.556 0.03 0.052
2 0.271 0.566 0.016 0.04
2 0.359 0.54 0.008 0.019
2 0.323 0.534 0.037 0.038
2 0.503 0.529 0.013 0.029
2 0.494 0.529 0.017 0.036
2 0.476 0.525 0.019 0.028
2 0.463 0.524 0.016 0.029
2 0.445 0.53 0.019 0.042
2 0.612 0.527 0.05 0.097
2 0.576 0.53 0.055 0.069
7 0.182 0.132 0.033 0.104
7 0.801 0.291 0.018 0.09
11 0.009 0.344 0.019 0.071
11 0.024 0.284 0.034 0.042
11 0.638 0.304 0.023 0.054
0 0.812 0.501 0.023 0.118
0 0.79 0.485 0.013 0.049
11 0.311 0.501 0.012 0.024
11 0.48 0.476 0.01 0.016
11 0.989 0.309 0.017 0.021
