7 0.512 0.381 0.008 0.03
7 0.504 0.415 0.008 0.028
7 0.377 0.411 0.008 0.037
7 0.334 0.441 0.009 0.028
7 0.554 0.493 0.011 0.019
7 0.565 0.469 0.012 0.028
8 0.505 0.382 0.008 0.028
8 0.505 0.327 0.003 0.026
8 0.498 0.413 0.009 0.028
8 0.458 0.499 0.011 0.026
10 0.611 0.406 0.013 0.037
10 0.597 0.344 0.012 0.026
10 0.2 0.442 0.022 0.026
11 0.588 0.418 0.013 0.028
11 0.594 0.442 0.012 0.021
0 0.901 0.549 0.044 0.094
0 0.608 0.543 0.013 0.068
0 0.6 0.54 0.008 0.07
5 0.588 0.557 0.02 0.035
0 0.57 0.535 0.012 0.056
0 0.564 0.531 0.007 0.054
2 0.274 0.502 0.067 0.037
2 0.239 0.524 0.05 0.059
2 0.464 0.531 0.013 0.026
2 0.447 0.543 0.024 0.073
3 0.499 0.509 0.063 0.117
2 0.135 0.571 0.215 0.232
2 0.333 0.694 0.305 0.403
2 0.902 0.706 0.195 0.431
