8 0.46 0.36 0.005 0.021
8 0.435 0.358 0.007 0.026
8 0.445 0.406 0.002 0.019
11 0.401 0.387 0.012 0.015
11 0.44 0.399 0.006 0.021
2 0.432 0.441 0.011 0.021
2 0.423 0.444 0.012 0.026
2 0.414 0.445 0.018 0.028
2 0.4 0.45 0.011 0.043
2 0.33 0.48 0.036 0.081
2 0.27 0.473 0.103 0.145
2 0.19 0.503 0.17 0.179
2 0.068 0.593 0.136 0.29
2 0.535 0.453 0.043 0.062
2 0.482 0.44 0.013 0.023
4 0.358 0.417 0.078 0.16
4 0.519 0.428 0.048 0.087
3 0.676 0.399 0.218 0.328
2 0.886 0.6 0.228 0.279
11 0.502 0.336 0.011 0.023
