2 0.324 0.576 0.085 0.124
2 0.423 0.519 0.024 0.04
2 0.635 0.493 0.02 0.028
2 0.552 0.469 0.013 0.02
2 0.019 0.541 0.036 0.058
2 0.148 0.527 0.05 0.04
2 0.431 0.497 0.016 0.025
2 0.907 0.512 0.03 0.035
2 0.541 0.461 0.009 0.02
2 0.533 0.464 0.014 0.02
11 0.419 0.428 0.006 0.02
7 0.464 0.449 0.008 0.02
7 0.456 0.475 0.011 0.018
2 0.579 0.468 0.007 0.023
2 0.601 0.475 0.009 0.028
2 0.591 0.473 0.011 0.023
11 0.396 0.422 0.026 0.038
11 0.429 0.422 0.023 0.043
11 0.563 0.377 0.033 0.078
11 0.828 0.373 0.064 0.061
11 0.896 0.378 0.033 0.071
11 0.846 0.483 0.094 0.164
11 0.695 0.431 0.026 0.04
