11 0.017 0.537 0.028 0.013
10 0.057 0.534 0.011 0.028
10 0.251 0.52 0.014 0.021
8 0.306 0.543 0.01 0.03
10 0.302 0.571 0.008 0.017
10 0.311 0.571 0.007 0.021
10 0.395 0.529 0.012 0.019
11 0.378 0.532 0.02 0.009
8 0.352 0.558 0.01 0.023
10 0.554 0.524 0.01 0.019
11 0.578 0.526 0.019 0.015
11 0.482 0.544 0.01 0.009
11 0.511 0.544 0.02 0.034
11 0.486 0.571 0.01 0.011
2 0.484 0.617 0.022 0.055
2 0.238 0.618 0.012 0.015
2 0.225 0.61 0.014 0.013
2 0.212 0.614 0.012 0.013
2 0.192 0.623 0.018 0.021
2 0.178 0.623 0.016 0.021
2 0.165 0.625 0.017 0.021
2 0.145 0.619 0.018 0.026
2 0.066 0.625 0.024 0.026
4 0.103 0.629 0.072 0.064
2 0.028 0.657 0.055 0.111
2 0.326 0.613 0.024 0.049
2 0.307 0.615 0.03 0.062
2 0.391 0.604 0.029 0.043
2 0.381 0.615 0.02 0.04
2 0.601 0.6 0.013 0.021
2 0.59 0.603 0.024 0.032
2 0.572 0.596 0.013 0.019
2 0.784 0.606 0.085 0.06
2 0.717 0.602 0.061 0.064
3 0.66 0.574 0.099 0.094
2 0.943 0.607 0.111 0.121
11 0.77 0.492 0.051 0.049
11 0.773 0.609 0.013 0.023
11 0.774 0.636 0.012 0.026
2 0.547 0.631 0.074 0.091
2 0.438 0.641 0.093 0.145
2 0.356 0.624 0.059 0.089
2 0.274 0.621 0.067 0.089
11 0.305 0.508 0.01 0.017
