11 0.319 0.445 0.022 0.011
11 0.53 0.393 0.034 0.017
11 0.548 0.464 0.009 0.018
10 0.34 0.44 0.005 0.017
7 0.495 0.397 0.007 0.026
7 0.334 0.439 0.004 0.018
10 0.489 0.397 0.006 0.023
10 0.124 0.452 0.009 0.028
10 0.213 0.43 0.006 0.021
0 0.1 0.537 0.011 0.055
0 0.125 0.535 0.008 0.046
0 0.132 0.537 0.01 0.064
0 0.148 0.534 0.01 0.051
0 0.184 0.533 0.012 0.057
0 0.205 0.522 0.006 0.035
0 0.214 0.531 0.005 0.034
0 0.222 0.52 0.009 0.043
0 0.231 0.522 0.01 0.054
0 0.277 0.527 0.006 0.028
0 0.269 0.523 0.008 0.037
2 0.091 0.539 0.053 0.058
2 0.471 0.517 0.009 0.017
2 0.453 0.517 0.008 0.011
2 0.447 0.518 0.007 0.015
2 0.37 0.522 0.014 0.018
2 0.439 0.518 0.012 0.017
2 0.461 0.519 0.012 0.021
2 0.386 0.521 0.016 0.024
2 0.417 0.517 0.031 0.035
2 0.502 0.513 0.057 0.049
0 0.564 0.493 0.011 0.021
0 0.586 0.49 0.011 0.015
0 0.546 0.49 0.007 0.015
2 0.574 0.51 0.02 0.023
2 0.543 0.536 0.063 0.081
2 0.599 0.563 0.088 0.145
0 0.88 0.482 0.017 0.055
0 0.91 0.516 0.037 0.162
2 0.756 0.588 0.31 0.34
2 0.903 0.709 0.191 0.448
3 0.322 0.505 0.078 0.103
2 0.038 0.57 0.076 0.119
