2 0.097 0.232 0.134 0.157
2 0.378 0.301 0.224 0.427
2 0.194 0.207 0.037 0.068
2 0.225 0.208 0.075 0.116
2 0.266 0.248 0.075 0.114
2 0.292 0.181 0.04 0.024
2 0.498 0.242 0.075 0.14
2 0.586 0.274 0.211 0.208
2 0.817 0.362 0.364 0.426
0 0.007 0.207 0.013 0.086
0 0.04 0.211 0.009 0.053
0 0.031 0.216 0.012 0.039
0 0.15 0.195 0.008 0.051
0 0.164 0.191 0.013 0.05
0 0.174 0.201 0.009 0.061
4 0.588 0.155 0.096 0.103
4 0.494 0.159 0.077 0.118
7 0.301 0.107 0.006 0.021
7 0.466 0.084 0.006 0.024
10 0.294 0.105 0.007 0.019
10 0.458 0.082 0.006 0.022
10 0.204 0.083 0.008 0.03
11 0.201 0.114 0.015 0.022
11 0.721 0.066 0.023 0.037
11 0.725 0.098 0.015 0.018
