7 0.343 0.102 0.019 0.102
7 0.47 0.263 0.011 0.058
10 0.37 0.108 0.023 0.092
10 0.489 0.269 0.014 0.051
10 0.616 0.427 0.022 0.034
10 0.839 0.319 0.024 0.066
10 0.868 0.325 0.026 0.066
10 0.109 0.444 0.022 0.03
11 0.108 0.342 0.034 0.019
11 0.131 0.363 0.013 0.017
11 0.136 0.407 0.016 0.021
11 0.602 0.38 0.026 0.021
11 0.814 0.237 0.055 0.03
11 0.824 0.129 0.022 0.041
11 0.812 0.186 0.04 0.057
11 0.848 0.111 0.056 0.034
0 0.151 0.555 0.03 0.102
2 0.466 0.516 0.02 0.026
2 0.45 0.51 0.008 0.021
2 0.44 0.514 0.013 0.021
2 0.43 0.52 0.016 0.026
2 0.422 0.525 0.016 0.03
2 0.4 0.513 0.038 0.058
2 0.395 0.53 0.037 0.053
2 0.348 0.535 0.072 0.098
2 0.482 0.515 0.01 0.023
2 0.493 0.513 0.01 0.036
2 0.508 0.514 0.034 0.051
2 0.565 0.526 0.05 0.07
2 0.079 0.62 0.158 0.441
2 0.841 0.735 0.318 0.526
2 0.857 0.495 0.166 0.096
