3 0.09 0.419 0.178 0.126
11 0.176 0.373 0.024 0.04
11 0.319 0.421 0.013 0.018
11 0.363 0.395 0.011 0.015
11 0.364 0.423 0.007 0.017
11 0.478 0.426 0.015 0.015
11 0.509 0.438 0.009 0.021
11 0.526 0.433 0.01 0.024
11 0.615 0.465 0.013 0.032
7 0.406 0.414 0.009 0.026
7 0.434 0.414 0.008 0.014
7 0.462 0.423 0.007 0.023
2 0.069 0.518 0.138 0.197
2 0.199 0.606 0.295 0.312
2 0.162 0.461 0.04 0.047
2 0.202 0.453 0.038 0.034
2 0.293 0.461 0.025 0.034
2 0.421 0.48 0.03 0.035
2 0.484 0.47 0.018 0.021
2 0.346 0.476 0.039 0.058
2 0.455 0.484 0.046 0.047
2 0.755 0.621 0.243 0.269
0 0.587 0.469 0.007 0.035
0 0.598 0.471 0.009 0.029
0 0.616 0.517 0.011 0.057
0 0.887 0.552 0.015 0.093
0 0.933 0.532 0.037 0.17
2 0.391 0.467 0.015 0.021
2 0.38 0.466 0.01 0.029
2 0.368 0.466 0.015 0.034
