3 0.087 0.426 0.174 0.85
4 0.853 0.478 0.292 0.469
4 0.549 0.387 0.235 0.257
0 0.523 0.479 0.055 0.185
0 0.667 0.479 0.034 0.194
11 0.511 0.419 0.023 0.053
11 0.695 0.227 0.023 0.068
4 0.296 0.416 0.041 0.087
4 0.421 0.41 0.034 0.08
0 0.435 0.465 0.03 0.112
2 0.223 0.465 0.06 0.063
2 0.353 0.484 0.094 0.155
4 0.392 0.398 0.015 0.036
4 0.337 0.394 0.019 0.034
4 0.37 0.4 0.016 0.027
2 0.189 0.453 0.025 0.053
8 0.411 0.353 0.007 0.019
10 0.263 0.368 0.005 0.024
10 0.275 0.364 0.005 0.032
10 0.283 0.365 0.007 0.024
0 0.258 0.43 0.008 0.034
0 0.264 0.431 0.008 0.041
