11 0.402 0.411 0.024 0.011
11 0.394 0.46 0.008 0.005
2 0.536 0.52 0.086 0.13
2 0.48 0.495 0.01 0.014
2 0.473 0.496 0.008 0.008
2 0.464 0.495 0.012 0.017
2 0.452 0.494 0.012 0.024
2 0.446 0.497 0.009 0.024
2 0.438 0.498 0.014 0.023
2 0.433 0.502 0.013 0.026
2 0.382 0.508 0.024 0.04
2 0.363 0.512 0.023 0.043
2 0.342 0.523 0.022 0.037
2 0.622 0.51 0.017 0.021
2 0.419 0.503 0.024 0.037
4 0.165 0.377 0.328 0.754
11 0.597 0.275 0.03 0.061
7 0.43 0.412 0.004 0.021
10 0.425 0.412 0.006 0.019
10 0.494 0.418 0.004 0.019
7 0.499 0.417 0.004 0.021
