2 0.448 0.549 0.007 0.015
2 0.42 0.548 0.007 0.014
2 0.415 0.548 0.011 0.024
2 0.408 0.55 0.017 0.036
2 0.389 0.551 0.033 0.044
2 0.452 0.549 0.009 0.026
2 0.458 0.546 0.016 0.031
2 0.463 0.55 0.02 0.036
2 0.377 0.559 0.029 0.053
2 0.373 0.564 0.02 0.053
2 0.473 0.555 0.019 0.043
2 0.488 0.555 0.028 0.054
2 0.493 0.561 0.023 0.056
2 0.512 0.559 0.042 0.073
2 0.519 0.568 0.035 0.071
2 0.549 0.571 0.052 0.097
2 0.36 0.565 0.022 0.065
2 0.335 0.567 0.059 0.097
2 0.317 0.577 0.06 0.105
2 0.282 0.591 0.081 0.134
2 0.193 0.612 0.181 0.206
2 0.565 0.584 0.062 0.119
2 0.084 0.671 0.167 0.4
2 0.656 0.596 0.168 0.199
2 0.435 0.551 0.028 0.043
