7 0.53 0.502 0.007 0.022
7 0.547 0.5 0.007 0.024
11 0.779 0.322 0.023 0.034
11 0.087 0.276 0.045 0.052
2 0.518 0.533 0.013 0.022
2 0.511 0.533 0.016 0.03
2 0.49 0.543 0.033 0.051
2 0.468 0.556 0.028 0.054
2 0.452 0.552 0.031 0.081
2 0.434 0.559 0.037 0.097
2 0.408 0.559 0.051 0.15
2 0.384 0.573 0.063 0.159
2 0.558 0.53 0.009 0.028
2 0.567 0.528 0.015 0.039
2 0.58 0.526 0.018 0.043
2 0.593 0.528 0.02 0.039
2 0.609 0.532 0.035 0.069
2 0.646 0.537 0.062 0.094
2 0.726 0.553 0.148 0.202
2 0.539 0.53 0.016 0.028
2 0.288 0.599 0.236 0.246
2 0.037 0.71 0.072 0.201
4 0.89 0.478 0.218 0.577
