7 0.365 0.336 0.008 0.05
7 0.519 0.486 0.007 0.011
7 0.567 0.463 0.005 0.017
7 0.608 0.354 0.009 0.035
7 0.289 0.443 0.009 0.04
10 0.379 0.335 0.013 0.044
7 0.518 0.464 0.003 0.014
11 0.023 0.314 0.044 0.021
11 0.023 0.344 0.042 0.032
11 0.025 0.378 0.039 0.029
11 0.024 0.409 0.038 0.031
11 0.025 0.44 0.026 0.029
8 0.005 0.467 0.011 0.043
10 0.158 0.301 0.02 0.053
11 0.402 0.469 0.01 0.023
11 0.652 0.471 0.01 0.026
11 0.606 0.489 0.004 0.015
7 0.555 0.492 0.006 0.015
7 0.532 0.493 0.004 0.012
2 0.519 0.516 0.015 0.027
2 0.502 0.521 0.016 0.023
2 0.486 0.526 0.027 0.035
2 0.452 0.528 0.052 0.064
2 0.576 0.519 0.013 0.021
5 0.62 0.528 0.021 0.04
2 0.651 0.532 0.045 0.052
2 0.053 0.566 0.105 0.092
2 0.522 0.539 0.008 0.044
2 0.432 0.543 0.039 0.058
2 0.549 0.541 0.052 0.09
0 0.063 0.597 0.027 0.117
0 0.865 0.519 0.03 0.078
0 0.224 0.545 0.014 0.053
0 0.257 0.542 0.017 0.066
0 0.756 0.534 0.024 0.088
0 0.937 0.524 0.024 0.099
1 0.586 0.515 0.01 0.02
5 0.586 0.534 0.009 0.018
1 0.692 0.543 0.044 0.119
6 0.693 0.586 0.036 0.104
11 0.756 0.397 0.021 0.014
