11 0.42 0.253 0.011 0.029
11 0.452 0.225 0.011 0.007
11 0.023 0.195 0.012 0.021
11 0.173 0.238 0.006 0.011
2 0.297 0.3 0.009 0.011
2 0.288 0.296 0.008 0.008
3 0.274 0.287 0.016 0.012
2 0.285 0.303 0.006 0.01
2 0.322 0.301 0.007 0.011
2 0.329 0.303 0.012 0.008
2 0.329 0.313 0.015 0.015
2 0.368 0.312 0.019 0.029
2 0.38 0.315 0.016 0.03
2 0.397 0.312 0.028 0.04
2 0.258 0.297 0.016 0.008
2 0.247 0.312 0.017 0.024
2 0.205 0.314 0.03 0.053
2 0.19 0.319 0.036 0.053
2 0.146 0.32 0.065 0.085
2 0.115 0.334 0.071 0.083
2 0.054 0.341 0.087 0.114
2 0.464 0.331 0.043 0.076
2 0.497 0.339 0.056 0.1
2 0.527 0.354 0.055 0.133
2 0.27 0.317 0.034 0.039
2 0.309 0.303 0.014 0.019
2 0.349 0.314 0.026 0.036
2 0.406 0.316 0.037 0.042
2 0.654 0.343 0.235 0.269
2 0.013 0.344 0.026 0.143
0 0.318 0.309 0.004 0.024
