8 0.061 0.527 0.013 0.03
8 0.212 0.433 0.009 0.035
8 0.376 0.461 0.013 0.03
8 0.486 0.536 0.015 0.03
8 0.321 0.531 0.009 0.021
8 0.361 0.552 0.009 0.021
11 0.288 0.547 0.018 0.019
11 0.382 0.547 0.02 0.014
11 0.393 0.536 0.011 0.016
11 0.413 0.536 0.011 0.016
11 0.429 0.51 0.013 0.03
11 0.427 0.473 0.017 0.026
11 0.113 0.469 0.049 0.033
0 0.535 0.591 0.02 0.084
0 0.496 0.598 0.016 0.061
0 0.469 0.588 0.012 0.04
2 0.228 0.603 0.015 0.028
2 0.202 0.612 0.037 0.052
2 0.34 0.602 0.025 0.054
2 0.371 0.588 0.024 0.03
2 0.398 0.59 0.013 0.03
2 0.417 0.593 0.03 0.052
2 0.413 0.603 0.017 0.042
2 0.386 0.597 0.022 0.035
2 0.436 0.615 0.051 0.061
2 0.276 0.618 0.14 0.091
2 0.069 0.645 0.121 0.141
0 0.194 0.631 0.016 0.056
