11 0.507 0.558 0.02 0.042
11 0.412 0.583 0.007 0.016
11 0.405 0.57 0.02 0.012
7 0.388 0.564 0.005 0.024
7 0.335 0.566 0.007 0.019
7 0.348 0.576 0.006 0.014
8 0.295 0.607 0.009 0.014
8 0.843 0.484 0.034 0.052
2 0.358 0.596 0.01 0.023
2 0.349 0.598 0.008 0.024
2 0.343 0.601 0.013 0.029
2 0.333 0.609 0.019 0.038
2 0.321 0.625 0.017 0.036
2 0.308 0.627 0.017 0.033
2 0.28 0.642 0.04 0.05
2 0.252 0.656 0.025 0.036
2 0.222 0.656 0.037 0.047
2 0.395 0.609 0.007 0.019
2 0.399 0.616 0.01 0.019
2 0.405 0.624 0.011 0.021
2 0.412 0.637 0.019 0.043
2 0.426 0.64 0.015 0.049
2 0.441 0.645 0.028 0.049
2 0.594 0.674 0.178 0.153
2 0.469 0.652 0.055 0.059
2 0.174 0.668 0.068 0.073
2 0.833 0.754 0.331 0.489
