11 0.394 0.395 0.034 0.019
11 0.345 0.43 0.014 0.022
11 0.336 0.417 0.009 0.011
11 0.24 0.422 0.021 0.011
11 0.225 0.391 0.016 0.028
11 0.52 0.395 0.01 0.017
11 0.572 0.351 0.012 0.034
11 0.578 0.38 0.007 0.008
11 0.573 0.397 0.011 0.011
11 0.309 0.382 0.014 0.009
11 0.302 0.407 0.011 0.01
11 0.713 0.358 0.022 0.047
2 0.445 0.462 0.013 0.027
2 0.474 0.457 0.009 0.023
2 0.5 0.453 0.012 0.019
2 0.515 0.454 0.022 0.026
2 0.53 0.456 0.009 0.027
2 0.553 0.457 0.039 0.048
2 0.591 0.463 0.037 0.065
2 0.632 0.467 0.052 0.085
2 0.659 0.474 0.064 0.087
2 0.426 0.465 0.029 0.043
2 0.389 0.47 0.015 0.023
2 0.352 0.476 0.042 0.04
2 0.147 0.508 0.118 0.114
2 0.463 0.459 0.017 0.028
2 0.486 0.456 0.015 0.026
2 0.733 0.486 0.116 0.125
2 0.526 0.359 0.008 0.014
2 0.392 0.369 0.009 0.017
