2 0.595 0.332 0.009 0.015
2 0.578 0.337 0.007 0.021
2 0.588 0.339 0.015 0.026
2 0.548 0.339 0.025 0.037
2 0.566 0.342 0.026 0.036
2 0.523 0.342 0.029 0.043
2 0.491 0.341 0.019 0.041
2 0.464 0.349 0.059 0.079
2 0.26 0.358 0.087 0.123
2 0.358 0.353 0.12 0.148
2 0.695 0.419 0.27 0.196
2 0.206 0.328 0.04 0.015
2 0.11 0.344 0.044 0.024
2 0.077 0.362 0.037 0.045
2 0.044 0.352 0.04 0.049
2 0.032 0.374 0.064 0.136
0 0.795 0.301 0.021 0.045
0 0.815 0.317 0.018 0.043
0 0.901 0.373 0.037 0.148
0 0.772 0.304 0.014 0.024
0 0.756 0.292 0.014 0.026
0 0.087 0.324 0.013 0.034
2 0.623 0.324 0.035 0.043
0 0.619 0.325 0.024 0.049
0 0.817 0.281 0.016 0.03
11 0.891 0.173 0.046 0.028
11 0.165 0.185 0.032 0.026
11 0.712 0.18 0.046 0.022
11 0.684 0.107 0.025 0.041
10 0.15 0.257 0.018 0.036
10 0.172 0.257 0.02 0.032
8 0.7 0.236 0.024 0.026
7 0.162 0.127 0.018 0.05
7 0.577 0.266 0.004 0.022
7 0.5 0.283 0.009 0.026
10 0.581 0.268 0.007 0.019
