2 0.154 0.501 0.243 0.266
2 0.345 0.396 0.055 0.084
2 0.439 0.401 0.081 0.134
2 0.63 0.419 0.117 0.136
2 0.835 0.39 0.147 0.121
0 0.707 0.392 0.027 0.111
0 0.926 0.375 0.022 0.142
2 0.316 0.395 0.021 0.051
2 0.295 0.399 0.032 0.065
2 0.269 0.407 0.049 0.07
2 0.403 0.362 0.011 0.011
2 0.392 0.375 0.006 0.02
2 0.401 0.376 0.01 0.024
2 0.47 0.364 0.01 0.025
2 0.478 0.378 0.014 0.046
2 0.486 0.379 0.021 0.047
2 0.494 0.382 0.024 0.046
2 0.513 0.383 0.032 0.059
2 0.548 0.386 0.066 0.085
2 0.714 0.348 0.069 0.091
2 0.757 0.364 0.089 0.084
2 0.848 0.325 0.048 0.027
2 0.917 0.361 0.06 0.07
2 0.381 0.382 0.029 0.042
