2 0.467 0.549 0.016 0.028
2 0.475 0.554 0.016 0.036
2 0.486 0.556 0.023 0.051
2 0.497 0.56 0.03 0.053
2 0.43 0.55 0.016 0.023
2 0.422 0.555 0.014 0.028
2 0.41 0.557 0.017 0.043
2 0.401 0.556 0.021 0.046
2 0.531 0.57 0.062 0.079
2 0.37 0.55 0.066 0.079
2 0.034 0.503 0.068 0.087
5 0.98 0.634 0.039 0.071
5 0.91 0.629 0.069 0.071
5 0.781 0.602 0.063 0.059
11 0.703 0.316 0.075 0.038
8 0.615 0.228 0.017 0.069
7 0.633 0.228 0.013 0.066
10 0.646 0.23 0.016 0.061
2 0.448 0.554 0.032 0.056
7 0.752 0.478 0.02 0.028
