11 0.43 0.468 0.013 0.017
11 0.571 0.475 0.015 0.017
11 0.769 0.478 0.013 0.014
11 0.652 0.45 0.008 0.011
2 0.991 0.48 0.017 0.011
2 0.94 0.482 0.021 0.008
2 0.935 0.481 0.016 0.009
2 0.915 0.483 0.018 0.01
2 0.888 0.481 0.023 0.01
2 0.832 0.479 0.014 0.019
2 0.802 0.483 0.02 0.01
2 0.634 0.482 0.017 0.009
2 0.55 0.481 0.02 0.012
2 0.521 0.485 0.007 0.009
2 0.512 0.482 0.006 0.008
2 0.507 0.481 0.008 0.014
2 0.486 0.485 0.006 0.013
2 0.48 0.483 0.009 0.016
2 0.397 0.484 0.006 0.01
2 0.375 0.482 0.007 0.01
4 0.496 0.477 0.014 0.034
2 0.533 0.608 0.008 0.006
2 0.472 0.491 0.017 0.027
2 0.616 0.482 0.012 0.006
2 0.59 0.485 0.012 0.007
