2 0.615 0.355 0.022 0.029
2 0.65 0.356 0.042 0.035
2 0.623 0.382 0.029 0.031
2 0.649 0.379 0.026 0.033
2 0.684 0.345 0.039 0.039
2 0.715 0.334 0.032 0.025
2 0.72 0.358 0.036 0.047
2 0.826 0.357 0.061 0.066
2 0.763 0.362 0.053 0.039
2 0.763 0.381 0.053 0.045
2 0.67 0.409 0.028 0.052
2 0.562 0.405 0.079 0.122
2 0.755 0.286 0.015 0.027
2 0.863 0.422 0.041 0.085
2 0.895 0.415 0.036 0.097
2 0.742 0.281 0.016 0.023
2 0.719 0.389 0.052 0.056
2 0.496 0.421 0.133 0.124
2 0.631 0.419 0.057 0.062
2 0.954 0.418 0.088 0.113
11 0.042 0.102 0.045 0.08
11 0.069 0.19 0.05 0.029
11 0.019 0.173 0.037 0.029
11 0.35 0.205 0.042 0.074
11 0.355 0.254 0.024 0.021
