0 0.223 0.614 0.011 0.014
0 0.256 0.638 0.02 0.062
0 0.546 0.661 0.011 0.037
0 0.596 0.652 0.009 0.027
0 0.609 0.652 0.01 0.027
0 0.677 0.663 0.017 0.064
0 0.512 0.663 0.008 0.037
0 0.759 0.717 0.049 0.165
2 0.449 0.659 0.007 0.02
2 0.42 0.663 0.007 0.023
2 0.407 0.654 0.028 0.094
2 0.713 0.663 0.045 0.023
2 0.728 0.663 0.038 0.025
2 0.748 0.671 0.051 0.044
2 0.779 0.665 0.039 0.028
2 0.814 0.667 0.078 0.039
2 0.886 0.68 0.102 0.064
2 0.15 0.787 0.294 0.361
2 0.359 0.683 0.115 0.173
2 0.438 0.659 0.014 0.02
2 0.041 0.836 0.082 0.325
2 0.975 0.695 0.049 0.053
11 0.152 0.364 0.032 0.038
11 0.577 0.593 0.01 0.016
