2 0.336 0.466 0.115 0.116
2 0.415 0.462 0.062 0.096
2 0.945 0.598 0.1 0.242
2 0.839 0.53 0.155 0.23
2 0.741 0.497 0.061 0.142
2 0.641 0.454 0.034 0.043
2 0.616 0.447 0.017 0.035
2 0.589 0.451 0.038 0.058
2 0.505 0.455 0.026 0.029
2 0.567 0.444 0.009 0.026
11 0.517 0.325 0.009 0.031
11 0.612 0.34 0.012 0.032
11 0.695 0.379 0.019 0.049
8 0.551 0.432 0.007 0.018
7 0.471 0.415 0.009 0.014
7 0.578 0.414 0.005 0.021
7 0.625 0.415 0.007 0.023
7 0.606 0.409 0.006 0.018
7 0.676 0.421 0.013 0.017
11 0.667 0.402 0.014 0.014
11 0.478 0.393 0.015 0.014
8 0.406 0.405 0.015 0.021
