2 0.039 0.611 0.077 0.258
11 0.114 0.195 0.03 0.054
11 0.109 0.149 0.019 0.028
11 0.144 0.166 0.052 0.024
11 0.093 0.25 0.016 0.01
11 0.087 0.29 0.016 0.023
11 0.085 0.191 0.025 0.016
11 0.636 0.213 0.021 0.024
11 0.517 0.295 0.036 0.016
11 0.465 0.319 0.017 0.007
11 0.561 0.32 0.01 0.023
11 0.653 0.231 0.016 0.026
11 0.698 0.279 0.022 0.014
11 0.699 0.237 0.016 0.024
11 0.817 0.332 0.01 0.033
11 0.497 0.332 0.009 0.009
11 0.51 0.334 0.009 0.01
11 0.257 0.31 0.012 0.028
8 0.186 0.145 0.012 0.047
8 0.202 0.151 0.016 0.049
8 0.621 0.211 0.01 0.04
8 0.606 0.208 0.008 0.035
8 0.08 0.252 0.007 0.043
8 0.071 0.302 0.013 0.026
11 0.075 0.217 0.014 0.012
9 0.706 0.339 0.014 0.019
8 0.452 0.313 0.004 0.019
8 0.367 0.309 0.004 0.016
8 0.325 0.329 0.006 0.014
0 0.848 0.436 0.016 0.088
0 0.831 0.433 0.014 0.083
0 0.733 0.408 0.013 0.029
0 0.425 0.386 0.019 0.047
1 0.491 0.382 0.01 0.033
1 0.506 0.383 0.014 0.031
5 0.493 0.395 0.009 0.021
5 0.504 0.394 0.012 0.023
2 0.961 0.535 0.076 0.175
2 0.718 0.55 0.271 0.262
2 0.408 0.583 0.389 0.352
2 0.14 0.476 0.251 0.265
2 0.261 0.424 0.028 0.05
2 0.294 0.382 0.047 0.064
2 0.347 0.379 0.049 0.05
2 0.407 0.393 0.101 0.04
2 0.549 0.425 0.125 0.071
2 0.612 0.411 0.033 0.049
2 0.462 0.38 0.02 0.035
2 0.431 0.373 0.039 0.024
3 0.503 0.366 0.044 0.052
10 0.177 0.147 0.009 0.046
2 0.317 0.362 0.018 0.021
2 0.476 0.372 0.015 0.032
11 0.339 0.342 0.008 0.018
9 0.691 0.338 0.003 0.021
