2 0.554 0.357 0.027 0.036
2 0.519 0.354 0.034 0.056
2 0.576 0.349 0.033 0.051
2 0.644 0.357 0.027 0.036
2 0.37 0.359 0.036 0.041
2 0.142 0.394 0.108 0.121
2 0.244 0.41 0.117 0.148
2 0.749 0.359 0.068 0.066
2 0.61 0.379 0.074 0.09
2 0.484 0.404 0.082 0.121
2 0.93 0.447 0.139 0.245
11 0.711 0.296 0.014 0.041
11 0.749 0.193 0.085 0.058
11 0.45 0.223 0.02 0.027
11 0.449 0.26 0.016 0.022
10 0.385 0.262 0.01 0.032
7 0.641 0.272 0.014 0.027
7 0.549 0.281 0.012 0.032
7 0.492 0.283 0.012 0.034
7 0.45 0.29 0.012 0.029
11 0.488 0.32 0.012 0.027
11 0.835 0.325 0.018 0.041
2 0.047 0.404 0.092 0.136
