11 0.542 0.245 0.018 0.011
11 0.533 0.264 0.015 0.024
10 0.03 0.029 0.027 0.058
11 0.046 0.192 0.023 0.044
11 0.05 0.29 0.015 0.028
10 0.408 0.163 0.01 0.048
10 0.387 0.16 0.01 0.05
7 0.397 0.159 0.011 0.051
8 0.291 0.324 0.008 0.011
8 0.354 0.304 0.007 0.015
2 0.284 0.365 0.008 0.013
2 0.278 0.367 0.008 0.017
2 0.27 0.367 0.011 0.017
2 0.262 0.368 0.008 0.018
2 0.256 0.369 0.012 0.02
2 0.241 0.368 0.013 0.022
2 0.235 0.373 0.011 0.026
2 0.224 0.372 0.022 0.035
2 0.221 0.377 0.012 0.029
2 0.207 0.379 0.022 0.04
2 0.197 0.382 0.021 0.044
2 0.18 0.383 0.028 0.053
2 0.16 0.393 0.04 0.057
2 0.122 0.4 0.062 0.064
2 0.444 0.39 0.036 0.051
2 0.365 0.434 0.151 0.246
0 0.595 0.389 0.018 0.042
2 0.812 0.512 0.375 0.654
