11 0.322 0.312 0.037 0.026
11 0.43 0.323 0.012 0.026
2 0.165 0.336 0.015 0.023
2 0.173 0.354 0.022 0.054
2 0.14 0.341 0.025 0.028
2 0.098 0.316 0.022 0.016
2 0.291 0.35 0.013 0.028
2 0.303 0.349 0.009 0.021
2 0.282 0.35 0.011 0.033
2 0.273 0.355 0.018 0.047
2 0.336 0.353 0.011 0.021
2 0.397 0.351 0.015 0.03
2 0.379 0.356 0.017 0.026
2 0.367 0.354 0.013 0.026
2 0.043 0.341 0.065 0.082
2 0.659 0.362 0.021 0.026
2 0.679 0.356 0.013 0.023
2 0.7 0.355 0.034 0.023
2 0.72 0.387 0.053 0.023
2 0.778 0.383 0.037 0.042
2 0.8 0.385 0.062 0.037
2 0.851 0.383 0.062 0.033
2 0.895 0.382 0.034 0.035
2 0.932 0.37 0.037 0.026
2 0.094 0.365 0.086 0.089
2 0.222 0.376 0.094 0.169
2 0.349 0.362 0.016 0.026
2 0.006 0.344 0.012 0.035
11 0.008 0.223 0.016 0.042
