8 0.189 0.339 0.018 0.068
8 0.365 0.341 0.015 0.063
8 0.598 0.34 0.012 0.047
10 0.034 0.481 0.018 0.042
10 0.073 0.34 0.013 0.052
10 0.156 0.502 0.011 0.037
10 0.453 0.378 0.015 0.047
10 0.758 0.371 0.013 0.028
11 0.177 0.432 0.045 0.103
11 0.76 0.343 0.024 0.019
10 0.934 0.174 0.013 0.056
11 0.754 0.293 0.036 0.066
11 0.688 0.288 0.099 0.175
11 0.012 0.455 0.024 0.094
0 0.195 0.564 0.029 0.105
0 0.127 0.541 0.021 0.035
0 0.384 0.525 0.013 0.023
2 0.594 0.506 0.065 0.059
2 0.676 0.49 0.105 0.07
2 0.806 0.443 0.074 0.061
4 0.353 0.517 0.067 0.049
2 0.525 0.529 0.103 0.063
2 0.044 0.547 0.087 0.042
2 0.098 0.697 0.195 0.295
2 0.318 0.745 0.377 0.424
