11 0.328 0.23 0.05 0.017
11 0.371 0.323 0.007 0.016
11 0.347 0.303 0.012 0.01
11 0.388 0.328 0.01 0.012
11 0.36 0.326 0.008 0.01
0 0.788 0.402 0.019 0.066
8 0.848 0.302 0.019 0.036
8 0.873 0.306 0.018 0.029
3 0.614 0.359 0.148 0.198
3 0.529 0.358 0.035 0.109
3 0.503 0.36 0.026 0.088
3 0.464 0.349 0.022 0.054
2 0.424 0.359 0.022 0.035
3 0.449 0.36 0.009 0.033
2 0.09 0.322 0.066 0.055
2 0.187 0.347 0.082 0.075
2 0.25 0.354 0.051 0.066
2 0.275 0.349 0.023 0.054
2 0.294 0.35 0.026 0.055
2 0.31 0.354 0.012 0.04
2 0.323 0.356 0.019 0.047
2 0.337 0.359 0.011 0.038
2 0.395 0.358 0.012 0.012
2 0.372 0.353 0.016 0.023
2 0.386 0.351 0.008 0.019
2 0.439 0.361 0.007 0.026
