2 0.56 0.487 0.111 0.121
2 0.323 0.454 0.045 0.056
2 0.252 0.401 0.021 0.031
2 0.217 0.377 0.017 0.02
2 0.081 0.385 0.023 0.035
2 0.504 0.455 0.046 0.075
2 0.467 0.463 0.064 0.101
2 0.422 0.457 0.052 0.059
2 0.277 0.396 0.014 0.024
2 0.201 0.365 0.012 0.015
2 0.224 0.364 0.01 0.011
2 0.062 0.378 0.02 0.024
2 0.101 0.367 0.021 0.02
2 0.126 0.358 0.029 0.031
2 0.189 0.36 0.01 0.012
7 0.287 0.305 0.009 0.021
7 0.361 0.383 0.02 0.026
7 0.449 0.376 0.017 0.029
7 0.128 0.318 0.009 0.008
11 0.297 0.316 0.039 0.014
11 0.447 0.327 0.012 0.026
11 0.265 0.296 0.011 0.021
2 0.258 0.379 0.021 0.021
2 0.179 0.357 0.008 0.012
2 0.242 0.374 0.013 0.011
2 0.234 0.368 0.011 0.012
