2 0.097 0.549 0.195 0.415
2 0.216 0.473 0.172 0.206
2 0.297 0.443 0.11 0.165
2 0.347 0.456 0.047 0.093
2 0.366 0.444 0.03 0.1
2 0.386 0.458 0.014 0.054
2 0.394 0.445 0.018 0.051
2 0.404 0.444 0.013 0.046
2 0.406 0.438 0.026 0.054
2 0.42 0.44 0.011 0.032
2 0.43 0.437 0.01 0.029
2 0.441 0.436 0.007 0.017
2 0.84 0.566 0.314 0.287
2 0.652 0.463 0.152 0.191
2 0.572 0.467 0.051 0.101
2 0.544 0.456 0.042 0.086
2 0.524 0.458 0.018 0.049
2 0.511 0.459 0.018 0.051
2 0.497 0.454 0.014 0.038
2 0.488 0.447 0.011 0.035
2 0.478 0.445 0.009 0.03
2 0.471 0.443 0.008 0.024
2 0.463 0.44 0.009 0.02
11 0.775 0.269 0.025 0.042
11 0.191 0.249 0.031 0.034
