11 0.118 0.42 0.063 0.112
11 0.203 0.533 0.013 0.013
11 0.2 0.55 0.006 0.013
11 0.609 0.427 0.043 0.072
11 0.615 0.477 0.019 0.027
11 0.468 0.539 0.01 0.011
11 0.462 0.548 0.01 0.011
11 0.464 0.557 0.005 0.013
11 0.114 0.61 0.017 0.03
11 0.111 0.649 0.017 0.031
2 0.154 0.602 0.05 0.057
2 0.099 0.605 0.052 0.061
2 0.037 0.603 0.075 0.101
2 0.369 0.597 0.01 0.022
2 0.355 0.604 0.016 0.031
2 0.379 0.602 0.012 0.032
2 0.417 0.606 0.01 0.033
2 0.432 0.606 0.023 0.038
2 0.396 0.606 0.031 0.043
2 0.455 0.623 0.035 0.078
2 0.475 0.631 0.043 0.079
2 0.509 0.646 0.07 0.1
2 0.532 0.664 0.051 0.108
2 0.325 0.615 0.061 0.095
2 0.637 0.667 0.22 0.289
2 0.225 0.67 0.182 0.205
0 0.91 0.672 0.047 0.209
0 0.82 0.641 0.022 0.108
0 0.788 0.65 0.024 0.132
