2 0.32 0.436 0.113 0.146
2 0.426 0.431 0.027 0.049
2 0.022 0.442 0.04 0.017
2 0.013 0.426 0.025 0.019
2 0.143 0.447 0.096 0.075
2 0.068 0.442 0.059 0.041
2 0.234 0.437 0.052 0.046
2 0.204 0.444 0.074 0.061
2 0.407 0.425 0.018 0.032
2 0.446 0.424 0.014 0.015
2 0.478 0.426 0.018 0.034
2 0.497 0.424 0.012 0.019
2 0.581 0.432 0.037 0.036
2 0.618 0.432 0.023 0.036
2 0.665 0.422 0.022 0.041
2 0.661 0.431 0.023 0.029
2 0.641 0.426 0.015 0.029
2 0.689 0.419 0.02 0.034
10 0.181 0.345 0.019 0.036
10 0.204 0.346 0.016 0.044
10 0.219 0.351 0.011 0.044
10 0.753 0.25 0.029 0.061
10 0.796 0.254 0.029 0.063
10 0.732 0.258 0.015 0.058
11 0.201 0.267 0.029 0.056
11 0.202 0.267 0.031 0.046
11 0.768 0.099 0.055 0.104
11 0.769 0.099 0.059 0.109
