2 0.503 0.556 0.024 0.037
2 0.488 0.557 0.015 0.025
2 0.478 0.559 0.012 0.024
2 0.364 0.577 0.031 0.084
2 0.357 0.551 0.042 0.062
2 0.226 0.643 0.321 0.383
2 0.424 0.571 0.102 0.15
2 0.563 0.609 0.14 0.209
2 0.791 0.541 0.061 0.044
2 0.75 0.538 0.05 0.044
2 0.865 0.541 0.049 0.051
2 0.907 0.545 0.065 0.061
2 0.953 0.536 0.031 0.041
2 0.974 0.527 0.019 0.027
2 0.029 0.601 0.059 0.133
11 0.038 0.147 0.039 0.081
11 0.009 0.144 0.017 0.155
11 0.325 0.428 0.018 0.03
11 0.325 0.462 0.014 0.034
11 0.609 0.454 0.013 0.017
11 0.637 0.459 0.016 0.015
11 0.581 0.459 0.016 0.022
11 0.61 0.47 0.014 0.014
11 0.846 0.378 0.013 0.034
7 0.171 0.463 0.012 0.035
7 0.517 0.452 0.012 0.037
2 0.125 0.59 0.094 0.13
7 0.375 0.459 0.01 0.027
