2 0.415 0.33 0.048 0.08
2 0.552 0.317 0.032 0.048
2 0.489 0.314 0.024 0.041
2 0.037 0.412 0.072 0.091
2 0.946 0.277 0.107 0.089
2 0.569 0.298 0.02 0.023
2 0.269 0.462 0.178 0.195
2 0.513 0.419 0.152 0.206
7 0.495 0.272 0.006 0.021
7 0.328 0.093 0.013 0.064
8 0.341 0.096 0.011 0.063
8 0.315 0.097 0.014 0.064
7 0.866 0.206 0.015 0.032
7 0.224 0.284 0.012 0.036
11 0.24 0.215 0.025 0.045
11 0.407 0.258 0.009 0.023
11 0.434 0.274 0.011 0.013
11 0.451 0.271 0.01 0.016
11 0.54 0.255 0.009 0.03
11 0.513 0.27 0.01 0.011
11 0.866 0.1 0.019 0.025
2 0.73 0.265 0.023 0.021
0 0.697 0.3 0.016 0.08
2 0.517 0.314 0.047 0.03
