7 0.338 0.261 0.02 0.057
8 0.322 0.256 0.009 0.054
7 0.506 0.202 0.024 0.065
7 0.487 0.415 0.01 0.016
7 0.43 0.423 0.01 0.015
10 0.489 0.201 0.009 0.067
8 0.799 0.349 0.037 0.047
2 0.364 0.479 0.027 0.041
2 0.336 0.484 0.036 0.047
2 0.307 0.486 0.033 0.059
2 0.493 0.464 0.006 0.021
2 0.501 0.471 0.011 0.028
2 0.512 0.472 0.016 0.033
2 0.435 0.476 0.017 0.038
2 0.403 0.477 0.042 0.051
2 0.86 0.549 0.273 0.227
2 0.265 0.495 0.061 0.057
2 0.467 0.472 0.047 0.072
2 0.536 0.474 0.03 0.038
2 0.947 0.569 0.102 0.186
