11 0.314 0.435 0.015 0.025
11 0.361 0.437 0.012 0.028
11 0.41 0.44 0.015 0.028
11 0.452 0.437 0.015 0.027
11 0.501 0.441 0.013 0.027
2 0.774 0.635 0.351 0.416
11 0.606 0.435 0.011 0.025
7 0.791 0.278 0.026 0.048
7 0.54 0.508 0.011 0.017
7 0.518 0.519 0.009 0.017
7 0.458 0.506 0.009 0.02
7 0.434 0.51 0.009 0.019
7 0.406 0.505 0.011 0.016
7 0.392 0.518 0.007 0.009
7 0.368 0.516 0.007 0.014
8 0.361 0.497 0.009 0.014
8 0.382 0.497 0.009 0.017
2 0.416 0.565 0.031 0.034
2 0.438 0.552 0.021 0.023
2 0.589 0.576 0.056 0.094
2 0.38 0.564 0.042 0.061
2 0.321 0.546 0.019 0.031
2 0.463 0.555 0.019 0.023
2 0.536 0.587 0.09 0.105
2 0.354 0.538 0.018 0.031
2 0.336 0.548 0.01 0.036
8 0.293 0.532 0.01 0.016
