7 0.482 0.21 0.012 0.022
7 0.806 0.206 0.012 0.015
11 0.423 0.219 0.04 0.017
11 0.374 0.15 0.02 0.015
11 0.386 0.22 0.033 0.019
11 0.884 0.195 0.064 0.032
11 0.567 0.329 0.014 0.007
2 0.532 0.371 0.028 0.039
2 0.796 0.393 0.092 0.124
2 0.734 0.416 0.124 0.114
2 0.592 0.41 0.096 0.112
4 0.458 0.365 0.126 0.236
5 0.288 0.469 0.118 0.103
5 0.27 0.471 0.114 0.107
5 0.142 0.637 0.212 0.18
2 0.939 0.462 0.117 0.204
11 0.989 0.274 0.018 0.019
11 0.389 0.311 0.023 0.044
10 0.474 0.199 0.012 0.031
8 0.792 0.191 0.011 0.034
7 0.554 0.323 0.007 0.023
11 0.351 0.253 0.022 0.05
