7 0.147 0.026 0.025 0.052
8 0.015 0.277 0.016 0.075
8 0.05 0.27 0.015 0.052
8 0.764 0.261 0.021 0.061
7 0.377 0.336 0.011 0.042
7 0.425 0.345 0.011 0.037
10 0.896 0.282 0.022 0.084
10 0.928 0.345 0.017 0.037
10 0.808 0.217 0.013 0.068
8 0.069 0.411 0.017 0.023
8 0.572 0.399 0.009 0.019
10 0.01 0.019 0.02 0.038
11 0.247 0.377 0.018 0.012
11 0.22 0.416 0.02 0.04
11 0.79 0.169 0.04 0.103
11 0.781 0.362 0.046 0.076
11 0.454 0.432 0.017 0.028
0 0.167 0.495 0.012 0.059
0 0.189 0.482 0.008 0.037
0 0.179 0.501 0.015 0.08
0 0.209 0.485 0.012 0.049
2 0.243 0.472 0.018 0.026
2 0.682 0.473 0.07 0.052
2 0.273 0.471 0.029 0.028
2 0.431 0.604 0.216 0.284
2 0.947 0.509 0.105 0.087
2 0.808 0.61 0.384 0.27
