7 0.307 0.308 0.01 0.053
10 0.322 0.316 0.013 0.059
10 0.612 0.415 0.011 0.043
7 0.599 0.413 0.014 0.048
11 0.663 0.593 0.013 0.033
11 0.762 0.516 0.029 0.031
11 0.749 0.537 0.024 0.018
11 0.257 0.518 0.024 0.015
2 0.108 0.713 0.216 0.422
2 0.254 0.586 0.116 0.088
2 0.28 0.636 0.154 0.171
2 0.38 0.613 0.092 0.133
2 0.444 0.623 0.05 0.073
2 0.483 0.634 0.031 0.051
2 0.502 0.639 0.02 0.037
2 0.517 0.64 0.016 0.027
2 0.546 0.645 0.017 0.022
2 0.665 0.646 0.044 0.065
4 0.588 0.62 0.045 0.096
2 0.633 0.646 0.033 0.053
2 0.615 0.643 0.016 0.043
10 0.493 0.577 0.008 0.018
2 0.875 0.793 0.248 0.41
0 0.707 0.647 0.011 0.045
