7 0.374 0.277 0.014 0.066
8 0.058 0.508 0.011 0.021
8 0.309 0.566 0.01 0.013
8 0.342 0.55 0.007 0.019
8 0.404 0.522 0.005 0.019
8 0.423 0.521 0.007 0.017
8 0.582 0.483 0.013 0.026
8 0.463 0.532 0.008 0.017
11 0.41 0.276 0.014 0.03
11 0.478 0.35 0.07 0.026
2 0.031 0.594 0.062 0.073
11 0.237 0.533 0.013 0.023
11 0.276 0.533 0.014 0.023
11 0.339 0.515 0.018 0.013
10 0.359 0.5 0.006 0.026
10 0.386 0.499 0.007 0.023
2 0.398 0.577 0.017 0.017
2 0.435 0.559 0.026 0.051
2 0.473 0.59 0.073 0.117
2 0.547 0.549 0.025 0.021
2 0.568 0.545 0.029 0.021
2 0.589 0.545 0.03 0.03
10 0.91 0.069 0.03 0.128
10 0.811 0.403 0.024 0.079
11 0.97 0.027 0.026 0.053
11 0.992 0.099 0.015 0.055
2 0.931 0.588 0.138 0.113
11 0.937 0.484 0.013 0.032
7 0.583 0.425 0.014 0.068
