2 0.082 0.608 0.163 0.231
2 0.188 0.52 0.119 0.116
2 0.077 0.496 0.108 0.085
2 0.31 0.483 0.041 0.058
2 0.349 0.449 0.016 0.042
2 0.356 0.455 0.026 0.04
2 0.364 0.462 0.026 0.054
2 0.363 0.469 0.025 0.044
2 0.371 0.476 0.026 0.042
1 0.385 0.536 0.063 0.268
1 0.84 0.612 0.173 0.483
5 0.384 0.606 0.064 0.198
5 0.858 0.771 0.242 0.343
2 0.702 0.504 0.381 0.443
11 0.146 0.236 0.037 0.023
11 0.148 0.342 0.03 0.056
11 0.523 0.381 0.026 0.046
11 0.525 0.321 0.03 0.019
11 0.471 0.405 0.021 0.015
11 0.27 0.384 0.008 0.023
11 0.278 0.377 0.007 0.021
11 0.306 0.344 0.009 0.023
2 0.285 0.426 0.033 0.017
11 0.259 0.337 0.009 0.017
11 0.132 0.252 0.03 0.017
11 0.033 0.308 0.013 0.15
0 0.534 0.459 0.01 0.023
