0 0.362 0.396 0.011 0.058
0 0.352 0.394 0.011 0.056
0 0.32 0.399 0.011 0.056
0 0.312 0.414 0.011 0.039
0 0.298 0.403 0.019 0.058
0 0.268 0.404 0.015 0.07
0 0.255 0.406 0.014 0.065
0 0.186 0.406 0.01 0.048
0 0.196 0.406 0.01 0.039
0 0.155 0.394 0.018 0.111
0 0.127 0.376 0.006 0.078
2 0.12 0.38 0.017 0.012
2 0.103 0.411 0.143 0.07
10 0.143 0.216 0.013 0.082
11 0.133 0.214 0.024 0.061
11 0.132 0.105 0.026 0.08
10 0.047 0.25 0.016 0.044
11 0.057 0.286 0.033 0.014
10 0.055 0.307 0.018 0.022
7 0.377 0.297 0.01 0.039
10 0.391 0.295 0.012 0.046
2 0.471 0.496 0.176 0.267
2 0.558 0.421 0.047 0.128
2 0.491 0.346 0.089 0.043
2 0.769 0.518 0.266 0.311
2 0.892 0.542 0.214 0.503
0 0.655 0.388 0.037 0.054
7 0.687 0.234 0.019 0.07
7 0.749 0.298 0.008 0.044
11 0.682 0.134 0.028 0.058
11 0.68 0.139 0.038 0.061
11 0.746 0.245 0.014 0.027
11 0.702 0.282 0.011 0.01
11 0.7 0.292 0.032 0.014
11 0.615 0.361 0.011 0.019
2 0.593 0.376 0.021 0.024
2 0.619 0.379 0.022 0.02
8 0.752 0.34 0.011 0.02
10 0.688 0.32 0.014 0.034
11 0.708 0.332 0.02 0.012
