11 0.684 0.318 0.028 0.03
8 0.143 0.048 0.018 0.092
7 0.121 0.046 0.022 0.087
10 0.1 0.048 0.02 0.083
10 0.07 0.352 0.026 0.038
2 0.468 0.44 0.018 0.015
2 0.455 0.451 0.014 0.023
2 0.442 0.453 0.012 0.028
2 0.426 0.459 0.02 0.03
2 0.394 0.456 0.037 0.06
0 0.387 0.476 0.017 0.055
2 0.478 0.433 0.012 0.021
2 0.509 0.434 0.007 0.019
2 0.518 0.433 0.01 0.03
2 0.529 0.431 0.016 0.043
2 0.544 0.444 0.02 0.038
2 0.561 0.459 0.038 0.055
2 0.971 0.471 0.053 0.09
2 0.599 0.479 0.07 0.07
2 0.495 0.434 0.012 0.028
2 0.339 0.476 0.07 0.09
0 0.536 0.461 0.012 0.047
