8 0.411 0.532 0.007 0.021
8 0.494 0.521 0.005 0.021
8 0.367 0.572 0.007 0.02
7 0.193 0.486 0.021 0.038
7 0.737 0.468 0.021 0.034
8 0.705 0.473 0.01 0.036
11 0.71 0.406 0.039 0.027
7 0.634 0.18 0.018 0.077
8 0.659 0.184 0.02 0.082
11 0.566 0.422 0.025 0.034
11 0.516 0.525 0.025 0.016
11 0.405 0.573 0.006 0.021
2 0.478 0.598 0.021 0.036
2 0.462 0.597 0.02 0.03
2 0.425 0.605 0.022 0.029
2 0.411 0.592 0.023 0.025
2 0.385 0.623 0.023 0.05
2 0.355 0.612 0.031 0.075
2 0.304 0.627 0.099 0.1
2 0.494 0.6 0.021 0.021
2 0.513 0.598 0.022 0.054
2 0.524 0.607 0.021 0.047
2 0.551 0.598 0.041 0.072
2 0.56 0.61 0.031 0.077
2 0.61 0.607 0.075 0.104
10 0.215 0.492 0.019 0.035
