11 0.058 0.427 0.029 0.052
2 0.369 0.492 0.01 0.01
2 0.36 0.495 0.01 0.012
2 0.352 0.494 0.009 0.016
2 0.344 0.492 0.011 0.018
2 0.331 0.493 0.019 0.023
2 0.324 0.5 0.018 0.026
2 0.313 0.498 0.018 0.033
2 0.3 0.5 0.028 0.037
2 0.256 0.5 0.034 0.034
2 0.27 0.509 0.041 0.052
2 0.231 0.519 0.041 0.067
2 0.192 0.523 0.066 0.088
2 0.144 0.546 0.09 0.088
2 0.382 0.493 0.011 0.015
2 0.398 0.49 0.005 0.015
2 0.417 0.49 0.012 0.012
2 0.426 0.485 0.008 0.016
2 0.436 0.487 0.011 0.02
2 0.445 0.485 0.011 0.029
2 0.46 0.481 0.037 0.029
2 0.475 0.485 0.04 0.038
2 0.405 0.491 0.014 0.019
2 0.879 0.515 0.182 0.113
2 0.971 0.446 0.052 0.057
2 0.98 0.531 0.037 0.112
11 0.782 0.37 0.016 0.039
