2 0.29 0.486 0.016 0.023
2 0.307 0.486 0.014 0.019
2 0.322 0.485 0.016 0.017
2 0.336 0.486 0.013 0.019
2 0.276 0.48 0.013 0.017
2 0.28 0.47 0.012 0.021
2 0.264 0.473 0.016 0.015
2 0.249 0.471 0.017 0.011
2 0.301 0.472 0.013 0.017
2 0.357 0.503 0.018 0.032
2 0.413 0.496 0.024 0.04
2 0.441 0.495 0.029 0.03
2 0.329 0.521 0.045 0.055
2 0.495 0.514 0.103 0.132
2 0.385 0.5 0.033 0.047
2 0.059 0.564 0.117 0.083
11 0.325 0.456 0.016 0.015
11 0.367 0.459 0.011 0.017
11 0.409 0.451 0.012 0.017
11 0.411 0.465 0.013 0.011
11 0.448 0.442 0.016 0.021
11 0.671 0.381 0.022 0.051
4 0.676 0.483 0.181 0.157
2 0.189 0.488 0.011 0.023
