7 0.427 0.345 0.004 0.029
7 0.508 0.349 0.006 0.021
2 0.445 0.41 0.012 0.016
2 0.457 0.41 0.012 0.021
2 0.433 0.408 0.012 0.021
2 0.396 0.404 0.022 0.029
2 0.319 0.412 0.025 0.061
2 0.305 0.418 0.027 0.079
2 0.275 0.418 0.048 0.101
2 0.612 0.433 0.016 0.034
2 0.626 0.438 0.022 0.04
2 0.641 0.439 0.033 0.053
2 0.67 0.441 0.045 0.056
2 0.705 0.449 0.043 0.071
2 0.72 0.451 0.033 0.087
2 0.219 0.42 0.122 0.161
2 0.369 0.404 0.039 0.045
2 0.416 0.408 0.025 0.042
2 0.484 0.424 0.061 0.074
2 0.577 0.424 0.057 0.085
2 0.774 0.451 0.109 0.156
3 0.517 0.4 0.043 0.079
0 0.014 0.388 0.025 0.119
0 0.883 0.459 0.019 0.087
0 0.916 0.445 0.019 0.053
0 0.93 0.462 0.021 0.066
11 0.912 0.3 0.025 0.034
11 0.912 0.335 0.03 0.029
11 0.975 0.115 0.042 0.087
