11 0.121 0.446 0.026 0.033
11 0.322 0.442 0.013 0.034
11 0.55 0.436 0.013 0.041
11 0.608 0.422 0.011 0.03
11 0.804 0.359 0.039 0.031
11 0.819 0.379 0.007 0.025
2 0.404 0.515 0.015 0.033
2 0.389 0.52 0.024 0.034
2 0.371 0.526 0.026 0.048
2 0.35 0.537 0.032 0.055
2 0.328 0.543 0.035 0.061
2 0.295 0.55 0.057 0.078
2 0.249 0.565 0.087 0.097
2 0.167 0.591 0.143 0.122
2 0.529 0.515 0.018 0.048
2 0.544 0.518 0.022 0.061
2 0.507 0.501 0.031 0.048
2 0.573 0.525 0.059 0.081
2 0.45 0.533 0.063 0.094
0 0.698 0.505 0.021 0.164
0 0.717 0.512 0.033 0.155
2 0.063 0.623 0.127 0.23
