7 0.391 0.271 0.011 0.047
7 0.545 0.268 0.011 0.047
7 0.842 0.249 0.013 0.039
7 0.946 0.247 0.014 0.045
10 0.18 0.389 0.01 0.031
10 0.179 0.237 0.01 0.024
10 0.823 0.184 0.019 0.059
10 0.901 0.132 0.024 0.072
3 0.202 0.486 0.047 0.037
4 0.072 0.477 0.083 0.039
2 0.191 0.5 0.012 0.028
2 0.185 0.502 0.016 0.033
2 0.156 0.501 0.015 0.04
2 0.14 0.499 0.03 0.042
2 0.124 0.497 0.031 0.041
2 0.096 0.501 0.05 0.049
2 0.054 0.507 0.044 0.049
2 0.017 0.502 0.035 0.064
2 0.968 0.493 0.062 0.062
2 0.265 0.495 0.01 0.013
2 0.272 0.494 0.006 0.015
2 0.281 0.493 0.012 0.016
2 0.291 0.493 0.005 0.018
2 0.3 0.493 0.017 0.021
2 0.313 0.489 0.014 0.021
2 0.341 0.491 0.009 0.024
2 0.415 0.497 0.024 0.029
2 0.439 0.493 0.027 0.033
2 0.355 0.483 0.028 0.047
2 0.644 0.493 0.03 0.056
2 0.749 0.497 0.104 0.057
2 0.326 0.496 0.027 0.034
2 0.385 0.49 0.04 0.042
2 0.459 0.497 0.032 0.031
0 0.256 0.5 0.009 0.036
11 0.145 0.291 0.028 0.018
11 0.17 0.308 0.023 0.052
0 0.501 0.495 0.008 0.033
0 0.547 0.487 0.01 0.044
0 0.558 0.487 0.008 0.044
0 0.566 0.486 0.008 0.041
0 0.586 0.481 0.008 0.028
0 0.598 0.49 0.013 0.042
0 0.607 0.49 0.01 0.046
0 0.615 0.49 0.01 0.046
0 0.62 0.477 0.008 0.018
0 0.696 0.484 0.01 0.051
0 0.761 0.46 0.012 0.016
0 0.777 0.462 0.016 0.02
0 0.791 0.468 0.016 0.034
11 0.202 0.361 0.026 0.029
11 0.202 0.392 0.017 0.026
11 0.203 0.425 0.015 0.016
11 0.17 0.355 0.027 0.039
0 0.885 0.48 0.02 0.067
0 0.95 0.461 0.018 0.052
0 0.967 0.46 0.019 0.047
0 0.492 0.491 0.007 0.029
