2 0.229 0.227 0.019 0.036
2 0.243 0.223 0.011 0.043
2 0.253 0.223 0.015 0.054
2 0.438 0.249 0.075 0.107
2 0.812 0.245 0.123 0.075
2 0.96 0.262 0.078 0.084
7 0.567 0.057 0.009 0.036
10 0.559 0.058 0.007 0.034
10 0.656 0.119 0.032 0.043
8 0.557 0.163 0.011 0.019
9 0.212 0.016 0.008 0.032
10 0.221 0.015 0.008 0.03
10 0.205 0.014 0.007 0.028
10 0.097 0.129 0.018 0.019
11 0.143 0.028 0.059 0.019
11 0.094 0.057 0.022 0.013
11 0.635 0.04 0.043 0.08
11 0.584 0.088 0.024 0.011
11 0.63 0.12 0.019 0.03
11 0.115 0.129 0.018 0.03
4 0.664 0.229 0.182 0.158
0 0.827 0.253 0.028 0.107
0 0.788 0.266 0.031 0.122
0 0.718 0.267 0.028 0.127
0 0.683 0.257 0.026 0.114
0 0.808 0.284 0.034 0.09
3 0.326 0.176 0.155 0.286
2 0.066 0.236 0.133 0.153
2 0.522 0.317 0.161 0.207
2 0.848 0.579 0.299 0.591
11 0.567 0.197 0.008 0.019
