0 0.033 0.372 0.016 0.069
2 0.075 0.37 0.056 0.085
2 0.134 0.353 0.043 0.094
2 0.16 0.37 0.014 0.034
2 0.178 0.37 0.023 0.03
2 0.189 0.368 0.02 0.03
2 0.215 0.373 0.043 0.057
2 0.267 0.371 0.042 0.019
2 0.31 0.378 0.022 0.017
2 0.33 0.377 0.014 0.019
2 0.451 0.392 0.055 0.053
2 0.51 0.434 0.081 0.128
2 0.65 0.402 0.079 0.085
2 0.664 0.431 0.084 0.087
2 0.746 0.472 0.152 0.162
0 0.632 0.418 0.014 0.108
11 0.617 0.325 0.014 0.034
11 0.604 0.306 0.019 0.009
10 0.606 0.348 0.014 0.011
9 0.408 0.248 0.007 0.028
10 0.074 0.077 0.013 0.06
2 0.599 0.387 0.036 0.038
10 0.544 0.243 0.015 0.039
10 0.707 0.326 0.017 0.032
