11 0.181 0.354 0.027 0.043
11 0.064 0.442 0.026 0.053
11 0.417 0.388 0.019 0.038
11 0.488 0.367 0.014 0.02
11 0.233 0.416 0.016 0.02
11 0.234 0.436 0.011 0.017
11 0.289 0.442 0.007 0.008
2 0.359 0.448 0.011 0.01
2 0.392 0.475 0.023 0.048
2 0.393 0.48 0.019 0.048
2 0.422 0.475 0.05 0.079
2 0.429 0.488 0.033 0.079
2 0.324 0.464 0.011 0.02
2 0.316 0.469 0.01 0.02
2 0.346 0.462 0.009 0.013
4 0.332 0.457 0.016 0.028
2 0.51 0.45 0.036 0.033
2 0.016 0.506 0.023 0.027
2 0.296 0.485 0.044 0.064
2 0.477 0.497 0.083 0.102
2 0.769 0.561 0.386 0.327
