2 0.462 0.619 0.01 0.022
2 0.436 0.586 0.015 0.015
2 0.447 0.586 0.011 0.019
2 0.445 0.606 0.014 0.019
2 0.432 0.597 0.012 0.022
2 0.425 0.613 0.015 0.034
2 0.452 0.623 0.014 0.024
2 0.415 0.62 0.014 0.034
2 0.395 0.624 0.018 0.017
2 0.374 0.631 0.02 0.032
2 0.348 0.632 0.019 0.068
2 0.337 0.638 0.022 0.08
2 0.308 0.64 0.06 0.097
2 0.198 0.672 0.145 0.129
11 0.479 0.612 0.008 0.022
4 0.553 0.579 0.143 0.257
0 0.566 0.651 0.026 0.143
2 0.437 0.626 0.027 0.041
11 0.215 0.487 0.018 0.039
11 0.213 0.526 0.014 0.034
8 0.395 0.574 0.01 0.024
