11 0.009 0.435 0.018 0.028
11 0.827 0.323 0.032 0.018
11 0.803 0.314 0.013 0.022
11 0.808 0.349 0.041 0.022
11 0.815 0.374 0.02 0.021
11 0.491 0.505 0.01 0.008
11 0.442 0.46 0.009 0.016
11 0.445 0.484 0.014 0.024
10 0.253 0.089 0.018 0.099
7 0.273 0.084 0.021 0.112
10 0.295 0.089 0.022 0.101
10 0.571 0.143 0.022 0.089
7 0.592 0.141 0.018 0.097
10 0.526 0.478 0.003 0.013
10 0.529 0.479 0.005 0.012
10 0.576 0.479 0.004 0.012
10 0.579 0.479 0.003 0.013
2 0.59 0.548 0.005 0.019
2 0.596 0.549 0.01 0.023
2 0.604 0.55 0.009 0.02
2 0.61 0.554 0.011 0.029
2 0.618 0.556 0.013 0.038
2 0.528 0.55 0.009 0.016
2 0.519 0.552 0.01 0.017
2 0.511 0.554 0.01 0.023
2 0.541 0.55 0.021 0.031
2 0.465 0.546 0.013 0.016
2 0.456 0.563 0.018 0.044
2 0.444 0.569 0.026 0.051
2 0.414 0.57 0.045 0.063
0 0.351 0.543 0.012 0.018
2 0.36 0.584 0.079 0.082
2 0.485 0.566 0.051 0.071
2 0.57 0.566 0.046 0.068
2 0.781 0.613 0.328 0.455
2 0.01 0.627 0.02 0.082
