7 0.383 0.165 0.012 0.059
7 0.856 0.049 0.014 0.08
8 0.21 0.358 0.014 0.026
10 0.401 0.163 0.016 0.055
10 0.374 0.17 0.006 0.055
10 0.838 0.049 0.019 0.075
10 0.871 0.045 0.015 0.073
10 0.222 0.356 0.011 0.029
11 0.178 0.203 0.03 0.017
11 0.195 0.296 0.027 0.045
11 0.203 0.215 0.011 0.021
11 0.73 0.243 0.028 0.014
11 0.715 0.302 0.022 0.036
0 0.843 0.433 0.02 0.083
0 0.861 0.405 0.02 0.071
0 0.81 0.426 0.011 0.069
0 0.776 0.428 0.019 0.087
0 0.814 0.428 0.018 0.08
0 0.336 0.431 0.018 0.075
0 0.368 0.425 0.017 0.04
2 0.366 0.476 0.083 0.154
2 0.925 0.456 0.145 0.263
2 0.582 0.481 0.406 0.456
2 0.179 0.473 0.207 0.107
