2 0.682 0.545 0.149 0.162
2 0.024 0.554 0.046 0.141
2 0.1 0.556 0.088 0.094
2 0.171 0.538 0.066 0.091
2 0.214 0.536 0.032 0.057
2 0.244 0.531 0.038 0.057
2 0.262 0.531 0.027 0.057
2 0.286 0.523 0.027 0.05
2 0.603 0.543 0.05 0.1
2 0.562 0.544 0.055 0.078
2 0.531 0.537 0.037 0.061
2 0.509 0.532 0.036 0.057
2 0.494 0.524 0.031 0.053
2 0.485 0.521 0.033 0.053
2 0.334 0.521 0.038 0.034
2 0.392 0.517 0.015 0.027
2 0.373 0.518 0.013 0.017
2 0.414 0.522 0.021 0.026
2 0.444 0.516 0.018 0.023
7 0.34 0.449 0.004 0.021
7 0.429 0.456 0.006 0.021
11 0.5 0.442 0.012 0.016
11 0.451 0.489 0.008 0.01
