11 0.472 0.202 0.021 0.016
11 0.52 0.208 0.02 0.015
11 0.506 0.229 0.049 0.031
11 0.455 0.229 0.053 0.046
2 0.466 0.293 0.01 0.013
2 0.454 0.295 0.011 0.01
2 0.442 0.295 0.009 0.013
2 0.42 0.312 0.017 0.015
2 0.445 0.313 0.019 0.026
2 0.466 0.311 0.021 0.023
2 0.435 0.331 0.022 0.036
2 0.42 0.336 0.017 0.016
2 0.386 0.336 0.028 0.023
2 0.664 0.33 0.04 0.028
2 0.749 0.336 0.037 0.029
2 0.876 0.318 0.113 0.052
2 0.604 0.333 0.07 0.049
2 0.347 0.322 0.022 0.023
2 0.303 0.332 0.031 0.028
2 0.103 0.356 0.077 0.056
2 0.167 0.343 0.041 0.042
2 0.232 0.35 0.074 0.044
2 0.405 0.342 0.027 0.039
2 0.467 0.331 0.024 0.034
2 0.057 0.508 0.114 0.291
