0 0.088 0.643 0.064 0.346
2 0.356 0.538 0.033 0.056
2 0.396 0.521 0.012 0.017
2 0.465 0.532 0.011 0.015
2 0.471 0.548 0.012 0.041
2 0.481 0.55 0.012 0.041
2 0.506 0.562 0.041 0.07
2 0.522 0.572 0.045 0.075
2 0.543 0.588 0.063 0.097
2 0.588 0.613 0.083 0.143
2 0.712 0.645 0.231 0.279
2 0.376 0.517 0.015 0.024
11 0.634 0.386 0.022 0.022
2 0.627 0.436 0.031 0.073
2 0.323 0.558 0.071 0.073
2 0.423 0.596 0.105 0.153
3 0.237 0.508 0.085 0.148
0 0.143 0.486 0.015 0.027
2 0.86 0.766 0.277 0.413
2 0.098 0.557 0.195 0.534
