11 0.984 0.284 0.031 0.109
11 0.502 0.435 0.029 0.017
10 0.479 0.442 0.005 0.024
7 0.474 0.442 0.009 0.024
10 0.353 0.455 0.008 0.016
10 0.348 0.455 0.006 0.029
10 0.343 0.456 0.006 0.024
10 0.218 0.513 0.012 0.021
0 0.047 0.579 0.024 0.083
2 0.296 0.551 0.05 0.052
2 0.393 0.531 0.008 0.021
2 0.384 0.534 0.01 0.021
2 0.378 0.536 0.009 0.024
2 0.421 0.526 0.008 0.019
2 0.448 0.533 0.032 0.057
2 0.474 0.521 0.031 0.061
0 0.531 0.519 0.012 0.035
2 0.619 0.518 0.021 0.029
2 0.603 0.508 0.02 0.021
2 0.584 0.556 0.06 0.071
2 0.269 0.579 0.064 0.069
2 0.438 0.558 0.038 0.054
2 0.503 0.589 0.104 0.147
2 0.715 0.556 0.227 0.22
2 0.13 0.659 0.259 0.256
2 0.971 0.658 0.057 0.193
2 0.409 0.539 0.021 0.04
2 0.367 0.538 0.025 0.033
