7 0.347 0.26 0.006 0.024
10 0.342 0.261 0.005 0.024
10 0.355 0.262 0.007 0.024
11 0.373 0.311 0.01 0.023
7 0.23 0.219 0.007 0.029
10 0.237 0.221 0.009 0.028
2 0.283 0.357 0.027 0.046
2 0.344 0.363 0.01 0.02
2 0.354 0.365 0.02 0.034
2 0.246 0.377 0.056 0.078
4 0.316 0.368 0.054 0.08
2 0.127 0.381 0.08 0.103
2 0.077 0.399 0.079 0.106
2 0.025 0.394 0.051 0.159
2 0.414 0.397 0.069 0.11
2 0.421 0.423 0.061 0.113
2 0.496 0.438 0.146 0.188
2 0.616 0.541 0.269 0.297
2 0.65 0.344 0.033 0.031
2 0.604 0.344 0.029 0.025
