10 0.325 0.11 0.021 0.07
10 0.057 0.017 0.03 0.034
8 0.303 0.107 0.018 0.073
8 0.783 0.363 0.019 0.033
8 0.768 0.218 0.014 0.065
10 0.757 0.367 0.013 0.037
8 0.529 0.372 0.009 0.016
8 0.163 0.331 0.018 0.031
8 0.192 0.335 0.01 0.03
11 0.163 0.219 0.03 0.021
11 0.194 0.241 0.01 0.014
11 0.183 0.262 0.034 0.024
11 0.192 0.288 0.015 0.023
11 0.245 0.154 0.03 0.054
11 0.765 0.274 0.041 0.027
11 0.961 0.318 0.018 0.108
11 0.624 0.384 0.008 0.044
10 0.602 0.424 0.005 0.016
10 0.584 0.424 0.008 0.013
2 0.554 0.437 0.008 0.014
2 0.561 0.437 0.006 0.014
2 0.568 0.44 0.011 0.017
2 0.577 0.452 0.02 0.03
2 0.545 0.44 0.011 0.017
2 0.535 0.439 0.009 0.011
4 0.519 0.435 0.018 0.037
2 0.466 0.457 0.034 0.04
2 0.437 0.466 0.043 0.06
0 0.102 0.437 0.017 0.095
0 0.335 0.453 0.014 0.061
0 0.154 0.473 0.05 0.235
0 0.594 0.452 0.009 0.04
0 0.565 0.45 0.007 0.027
0 0.633 0.451 0.012 0.036
0 0.608 0.458 0.01 0.047
0 0.616 0.467 0.008 0.034
0 0.622 0.476 0.01 0.046
0 0.628 0.497 0.021 0.085
0 0.989 0.488 0.022 0.119
0 0.978 0.513 0.038 0.156
0 0.836 0.618 0.142 0.356
0 0.732 0.621 0.133 0.432
0 0.693 0.585 0.132 0.393
0 0.493 0.588 0.077 0.424
0 0.411 0.578 0.098 0.467
