8 0.048 0.463 0.02 0.03
8 0.06 0.407 0.017 0.052
8 0.341 0.279 0.012 0.049
8 0.819 0.121 0.017 0.073
8 0.867 0.428 0.021 0.036
8 0.396 0.479 0.005 0.017
8 0.358 0.491 0.006 0.019
10 0.792 0.129 0.016 0.075
10 0.545 0.464 0.005 0.019
10 0.074 0.463 0.008 0.026
11 0.067 0.364 0.035 0.019
11 0.841 0.4 0.017 0.032
11 0.838 0.145 0.019 0.032
11 0.597 0.493 0.008 0.013
11 0.59 0.454 0.009 0.015
11 0.592 0.478 0.015 0.024
11 0.262 0.479 0.017 0.022
0 0.779 0.564 0.01 0.109
0 0.614 0.54 0.008 0.026
0 0.624 0.531 0.009 0.039
0 0.078 0.563 0.012 0.077
0 0.106 0.55 0.017 0.073
0 0.185 0.55 0.011 0.047
0 0.225 0.538 0.009 0.045
0 0.211 0.523 0.008 0.026
0 0.264 0.543 0.011 0.052
0 0.295 0.533 0.007 0.028
0 0.309 0.534 0.006 0.015
0 0.316 0.539 0.008 0.032
0 0.338 0.542 0.006 0.026
0 0.332 0.539 0.007 0.032
0 0.362 0.54 0.007 0.034
0 0.368 0.54 0.006 0.037
0 0.565 0.525 0.007 0.022
0 0.596 0.534 0.011 0.052
0 0.575 0.528 0.008 0.043
0 0.793 0.571 0.021 0.118
0 0.67 0.539 0.015 0.051
0 0.092 0.562 0.018 0.086
0 0.218 0.661 0.065 0.268
0 0.026 0.701 0.053 0.364
2 0.402 0.541 0.006 0.024
2 0.343 0.546 0.03 0.022
2 0.437 0.539 0.009 0.028
2 0.552 0.545 0.024 0.039
2 0.536 0.552 0.03 0.054
3 0.552 0.51 0.027 0.03
4 0.53 0.513 0.016 0.021
2 0.389 0.542 0.019 0.034
2 0.417 0.546 0.028 0.041
4 0.48 0.519 0.086 0.186
0 0.279 0.542 0.008 0.037
0 0.749 0.539 0.013 0.066
