2 0.776 0.382 0.447 0.388
2 0.05 0.234 0.099 0.071
2 0.382 0.247 0.01 0.015
2 0.401 0.25 0.011 0.025
2 0.314 0.253 0.014 0.027
2 0.268 0.25 0.013 0.015
2 0.254 0.251 0.015 0.012
4 0.223 0.245 0.025 0.022
2 0.213 0.253 0.027 0.014
2 0.114 0.249 0.026 0.029
6 0.431 0.263 0.011 0.024
1 0.43 0.243 0.008 0.022
4 0.15 0.231 0.051 0.056
11 0.35 0.278 0.076 0.116
2 0.474 0.263 0.047 0.067
2 0.292 0.263 0.043 0.062
11 0.38 0.178 0.026 0.026
11 0.405 0.178 0.024 0.024
11 0.329 0.18 0.018 0.035
11 0.27 0.156 0.038 0.012
11 0.223 0.177 0.044 0.046
11 0.272 0.18 0.05 0.045
11 0.429 0.207 0.008 0.014
2 0.395 0.259 0.02 0.039
