2 0.162 0.432 0.319 0.371
2 0.504 0.456 0.279 0.453
2 0.021 0.406 0.04 0.18
2 0.895 0.38 0.208 0.154
2 0.306 0.376 0.069 0.149
2 0.688 0.386 0.14 0.243
2 0.355 0.354 0.065 0.092
2 0.281 0.3 0.026 0.017
1 0.756 0.318 0.027 0.095
5 0.758 0.355 0.019 0.08
0 0.786 0.315 0.012 0.083
0 0.817 0.306 0.023 0.075
0 0.775 0.321 0.006 0.073
2 0.818 0.298 0.067 0.059
8 0.5 0.136 0.008 0.036
8 0.376 0.186 0.007 0.026
10 0.061 0.187 0.014 0.049
10 0.121 0.25 0.011 0.035
10 0.517 0.135 0.008 0.052
10 0.754 0.174 0.014 0.061
10 0.78 0.23 0.027 0.033
8 0.652 0.244 0.011 0.021
10 0.383 0.185 0.006 0.024
11 0.369 0.259 0.012 0.016
11 0.368 0.279 0.012 0.014
11 0.768 0.049 0.028 0.04
11 0.76 0.088 0.012 0.024
11 0.775 0.089 0.014 0.026
11 0.768 0.147 0.013 0.038
11 0.766 0.115 0.022 0.009
11 0.781 0.178 0.031 0.01
11 0.772 0.191 0.016 0.012
11 0.565 0.146 0.016 0.035
11 0.569 0.125 0.019 0.014
10 0.136 0.249 0.015 0.027
2 0.859 0.283 0.027 0.027
