7 0.181 0.456 0.008 0.016
7 0.283 0.429 0.009 0.02
3 0.211 0.487 0.028 0.035
2 0.224 0.513 0.013 0.033
2 0.207 0.515 0.024 0.041
3 0.235 0.487 0.023 0.022
2 0.252 0.494 0.017 0.02
2 0.132 0.522 0.017 0.047
2 0.151 0.524 0.029 0.063
2 0.257 0.506 0.014 0.027
2 0.022 0.539 0.037 0.082
2 0.046 0.512 0.085 0.114
4 0.54 0.449 0.24 0.261
2 0.112 0.527 0.042 0.057
2 0.18 0.526 0.053 0.071
2 0.241 0.518 0.037 0.051
3 0.276 0.499 0.033 0.055
2 0.009 0.556 0.018 0.116
2 0.352 0.514 0.024 0.04
2 0.307 0.51 0.016 0.024
0 0.876 0.618 0.081 0.514
0 0.663 0.573 0.067 0.192
0 0.692 0.583 0.111 0.239
11 0.782 0.195 0.067 0.126
11 0.779 0.106 0.054 0.051
2 0.319 0.512 0.018 0.027
