11 0.03 0.461 0.044 0.027
11 0.056 0.442 0.031 0.02
11 0.063 0.481 0.022 0.02
10 0.071 0.405 0.021 0.067
11 0.448 0.492 0.054 0.036
11 0.534 0.37 0.03 0.044
11 0.492 0.361 0.031 0.046
11 0.592 0.498 0.029 0.02
11 0.593 0.525 0.021 0.034
7 0.38 0.535 0.006 0.019
0 0.156 0.616 0.019 0.094
0 0.141 0.618 0.02 0.094
0 0.124 0.607 0.01 0.078
0 0.114 0.608 0.013 0.082
0 0.097 0.621 0.028 0.131
10 0.035 0.523 0.024 0.032
0 0.069 0.625 0.02 0.102
0 0.046 0.619 0.02 0.114
0 0.007 0.616 0.011 0.121
0 0.017 0.63 0.015 0.114
0 0.028 0.623 0.023 0.114
5 0.936 0.796 0.127 0.333
1 0.942 0.708 0.113 0.403
0 0.911 0.601 0.052 0.151
0 0.822 0.659 0.03 0.18
2 0.837 0.628 0.124 0.162
0 0.783 0.641 0.047 0.207
0 0.846 0.644 0.05 0.25
0 0.728 0.622 0.022 0.122
0 0.702 0.623 0.026 0.124
0 0.618 0.61 0.025 0.112
0 0.632 0.614 0.015 0.102
0 0.65 0.61 0.016 0.095
0 0.667 0.608 0.018 0.097
0 0.572 0.61 0.011 0.073
0 0.557 0.604 0.011 0.058
0 0.529 0.605 0.011 0.06
0 0.48 0.604 0.013 0.037
5 0.478 0.61 0.009 0.024
5 0.55 0.638 0.017 0.027
0 0.585 0.615 0.02 0.088
3 0.418 0.591 0.028 0.06
2 0.392 0.6 0.01 0.024
2 0.382 0.6 0.014 0.037
2 0.373 0.603 0.023 0.039
2 0.35 0.602 0.04 0.068
2 0.33 0.618 0.056 0.087
1 0.3 0.591 0.015 0.029
2 0.447 0.604 0.022 0.034
0 0.463 0.604 0.008 0.044
2 0.433 0.602 0.011 0.024
2 0.24 0.636 0.148 0.19
2 0.403 0.611 0.034 0.046
0 0.516 0.609 0.013 0.054
7 0.052 0.409 0.013 0.053
11 0.902 0.303 0.069 0.041
