11 0.4 0.232 0.057 0.028
11 0.311 0.272 0.027 0.022
11 0.311 0.312 0.02 0.027
11 0.35 0.33 0.014 0.032
11 0.362 0.355 0.019 0.042
11 0.413 0.281 0.02 0.07
11 0.417 0.382 0.009 0.046
11 0.432 0.38 0.009 0.023
11 0.758 0.376 0.019 0.047
11 0.867 0.332 0.03 0.022
11 0.597 0.379 0.014 0.015
11 0.62 0.394 0.01 0.013
11 0.503 0.392 0.012 0.01
11 0.602 0.412 0.007 0.019
8 0.485 0.36 0.009 0.018
8 0.564 0.368 0.009 0.014
8 0.515 0.389 0.008 0.013
8 0.515 0.399 0.007 0.01
8 0.52 0.404 0.007 0.008
8 0.54 0.399 0.007 0.014
8 0.553 0.389 0.005 0.01
8 0.532 0.404 0.006 0.014
8 0.452 0.207 0.021 0.033
8 0.864 0.375 0.01 0.015
8 0.621 0.414 0.009 0.01
7 0.484 0.242 0.014 0.036
7 0.742 0.205 0.015 0.056
10 0.296 0.352 0.02 0.029
2 0.52 0.418 0.008 0.014
2 0.529 0.424 0.009 0.019
2 0.541 0.418 0.009 0.014
2 0.511 0.423 0.011 0.028
2 0.502 0.423 0.014 0.042
2 0.492 0.432 0.012 0.047
2 0.47 0.414 0.049 0.096
2 0.454 0.434 0.046 0.067
2 0.555 0.419 0.024 0.031
2 0.577 0.434 0.019 0.026
2 0.618 0.439 0.022 0.032
2 0.63 0.44 0.015 0.033
2 0.646 0.443 0.028 0.041
2 0.669 0.444 0.022 0.035
2 0.061 0.429 0.121 0.128
10 0.806 0.103 0.027 0.031
10 0.81 0.017 0.022 0.033
