11 0.086 0.266 0.011 0.07
11 0.078 0.298 0.013 0.017
11 0.203 0.033 0.031 0.066
11 0.191 0.146 0.017 0.045
11 0.178 0.186 0.037 0.028
11 0.204 0.219 0.03 0.026
2 0.035 0.403 0.067 0.066
2 0.017 0.409 0.033 0.083
2 0.258 0.407 0.025 0.049
2 0.332 0.42 0.084 0.045
2 0.426 0.419 0.077 0.051
11 0.406 0.287 0.016 0.017
11 0.419 0.304 0.016 0.013
2 0.53 0.427 0.08 0.081
11 0.468 0.354 0.01 0.036
11 0.387 0.344 0.01 0.009
11 0.676 0.408 0.005 0.017
11 0.819 0.347 0.016 0.017
11 0.847 0.238 0.007 0.03
2 0.801 0.403 0.038 0.04
2 0.778 0.495 0.163 0.162
5 0.964 0.486 0.032 0.113
