2 0.649 0.286 0.014 0.021
4 0.631 0.281 0.017 0.032
2 0.667 0.282 0.013 0.02
2 0.559 0.296 0.028 0.055
4 0.466 0.293 0.033 0.036
2 0.425 0.316 0.043 0.043
2 0.424 0.294 0.026 0.023
2 0.373 0.313 0.042 0.043
2 0.345 0.332 0.051 0.059
2 0.306 0.295 0.05 0.039
2 0.264 0.304 0.036 0.032
2 0.23 0.302 0.022 0.032
4 0.171 0.3 0.089 0.064
2 0.299 0.34 0.053 0.072
2 0.23 0.355 0.098 0.084
2 0.053 0.397 0.105 0.128
4 0.512 0.304 0.072 0.1
2 0.597 0.318 0.066 0.1
2 0.682 0.3 0.018 0.064
2 0.702 0.306 0.042 0.079
2 0.708 0.318 0.024 0.072
2 0.771 0.308 0.109 0.15
2 0.895 0.298 0.208 0.28
2 0.952 0.372 0.095 0.265
5 0.867 0.474 0.11 0.318
1 0.866 0.362 0.105 0.395
