2 0.467 0.437 0.032 0.022
2 0.425 0.432 0.052 0.026
2 0.384 0.429 0.093 0.037
2 0.308 0.416 0.074 0.037
2 0.286 0.424 0.102 0.048
2 0.236 0.424 0.062 0.048
2 0.199 0.421 0.093 0.048
2 0.192 0.432 0.071 0.046
2 0.187 0.436 0.068 0.051
2 0.108 0.432 0.128 0.077
2 0.066 0.445 0.127 0.065
2 0.634 0.427 0.031 0.039
2 0.655 0.429 0.063 0.044
2 0.666 0.436 0.077 0.037
2 0.793 0.473 0.279 0.172
2 0.86 0.484 0.246 0.168
2 0.809 0.536 0.048 0.095
2 0.91 0.529 0.178 0.218
2 0.96 0.589 0.079 0.292
2 0.036 0.45 0.072 0.069
11 0.248 0.315 0.02 0.027
11 0.511 0.382 0.016 0.026
11 0.556 0.395 0.012 0.024
11 0.619 0.389 0.008 0.015
11 0.353 0.345 0.013 0.034
11 0.385 0.402 0.005 0.015
11 0.598 0.401 0.02 0.014
