11 0.717 0.238 0.021 0.043
11 0.226 0.5 0.042 0.071
0 0.705 0.519 0.059 0.217
0 0.972 0.538 0.054 0.279
0 0.641 0.478 0.013 0.062
0 0.661 0.475 0.017 0.069
0 0.657 0.455 0.008 0.029
0 0.627 0.471 0.012 0.049
0 0.591 0.459 0.008 0.021
0 0.602 0.463 0.01 0.017
10 0.755 0.312 0.027 0.055
10 0.7 0.321 0.015 0.059
3 0.405 0.403 0.236 0.477
2 0.091 0.574 0.181 0.258
4 0.151 0.5 0.084 0.12
2 0.222 0.511 0.064 0.08
2 0.27 0.508 0.044 0.118
2 0.258 0.474 0.036 0.033
2 0.573 0.535 0.101 0.144
2 0.548 0.467 0.047 0.047
