7 0.457 0.556 0.005 0.023
7 0.575 0.561 0.006 0.023
11 0.317 0.571 0.011 0.023
11 0.011 0.46 0.021 0.028
2 0.498 0.644 0.016 0.023
2 0.491 0.644 0.013 0.019
2 0.479 0.642 0.013 0.023
2 0.466 0.642 0.02 0.028
2 0.433 0.644 0.023 0.032
2 0.418 0.643 0.025 0.03
2 0.378 0.639 0.032 0.053
2 0.307 0.636 0.042 0.034
2 0.348 0.644 0.05 0.062
2 0.198 0.657 0.116 0.117
2 0.522 0.641 0.011 0.017
2 0.53 0.644 0.011 0.015
2 0.541 0.647 0.016 0.021
2 0.567 0.649 0.01 0.017
2 0.557 0.645 0.012 0.021
2 0.593 0.657 0.028 0.036
2 0.616 0.66 0.018 0.038
2 0.633 0.658 0.034 0.047
2 0.661 0.675 0.055 0.06
2 0.736 0.695 0.082 0.1
4 0.881 0.71 0.205 0.194
