2 0.201 0.484 0.136 0.075
2 0.5 0.417 0.009 0.014
2 0.494 0.417 0.01 0.014
2 0.488 0.427 0.013 0.017
2 0.482 0.436 0.013 0.017
2 0.475 0.446 0.018 0.031
2 0.463 0.461 0.017 0.036
2 0.449 0.471 0.025 0.045
2 0.43 0.477 0.029 0.054
2 0.418 0.486 0.038 0.049
2 0.522 0.42 0.009 0.01
2 0.528 0.427 0.01 0.014
2 0.533 0.441 0.009 0.021
2 0.538 0.453 0.015 0.045
2 0.559 0.461 0.034 0.043
2 0.578 0.482 0.052 0.064
2 0.368 0.51 0.06 0.076
2 0.78 0.555 0.218 0.215
2 0.915 0.433 0.117 0.04
2 0.937 0.621 0.123 0.267
2 0.082 0.604 0.161 0.258
