7 0.318 0.366 0.007 0.035
7 0.415 0.382 0.008 0.026
10 0.31 0.367 0.009 0.031
10 0.407 0.382 0.008 0.029
11 0.189 0.419 0.022 0.012
11 0.257 0.466 0.02 0.012
11 0.485 0.452 0.011 0.009
11 0.484 0.46 0.012 0.009
10 0.537 0.457 0.015 0.023
0 0.201 0.522 0.007 0.019
0 0.248 0.522 0.013 0.042
0 0.21 0.54 0.012 0.071
0 0.767 0.554 0.032 0.154
0 0.747 0.542 0.024 0.137
0 0.708 0.548 0.028 0.113
0 0.538 0.525 0.014 0.059
0 0.221 0.526 0.006 0.033
0 0.261 0.516 0.008 0.038
0 0.488 0.503 0.006 0.024
0 0.496 0.515 0.009 0.045
0 0.549 0.515 0.01 0.031
0 0.569 0.503 0.013 0.029
0 0.556 0.509 0.011 0.035
0 0.655 0.525 0.016 0.066
0 0.664 0.507 0.014 0.064
0 0.677 0.514 0.011 0.04
0 0.686 0.501 0.014 0.056
0 0.516 0.515 0.008 0.042
0 0.507 0.522 0.008 0.033
3 0.093 0.483 0.186 0.378
2 0.461 0.505 0.064 0.099
2 0.381 0.642 0.219 0.334
2 0.602 0.59 0.155 0.154
2 0.628 0.509 0.024 0.024
2 0.604 0.501 0.068 0.038
