2 0.49 0.426 0.007 0.012
2 0.492 0.439 0.009 0.014
2 0.499 0.448 0.009 0.015
2 0.506 0.455 0.008 0.011
2 0.513 0.459 0.012 0.021
2 0.525 0.455 0.015 0.026
2 0.545 0.45 0.022 0.043
2 0.558 0.444 0.028 0.061
2 0.457 0.432 0.011 0.008
2 0.455 0.439 0.015 0.009
2 0.45 0.447 0.018 0.009
2 0.448 0.455 0.018 0.006
2 0.433 0.466 0.009 0.023
2 0.426 0.465 0.005 0.024
2 0.417 0.469 0.009 0.017
2 0.408 0.47 0.012 0.021
2 0.294 0.477 0.057 0.066
2 0.226 0.495 0.079 0.093
2 0.391 0.468 0.022 0.028
2 0.448 0.467 0.016 0.017
2 0.484 0.459 0.017 0.024
4 0.59 0.446 0.057 0.072
2 0.789 0.49 0.197 0.165
11 0.024 0.353 0.022 0.034
