2 0.435 0.618 0.021 0.038
2 0.413 0.616 0.032 0.046
2 0.479 0.616 0.027 0.046
2 0.55 0.627 0.043 0.046
2 0.583 0.633 0.02 0.028
2 0.124 0.668 0.136 0.155
2 0.455 0.613 0.027 0.036
2 0.499 0.617 0.037 0.051
2 0.628 0.646 0.077 0.089
1 0.049 0.649 0.085 0.283
6 0.046 0.737 0.091 0.27
4 0.296 0.539 0.207 0.383
0 0.672 0.639 0.016 0.048
0 0.688 0.638 0.013 0.053
0 0.695 0.639 0.013 0.051
0 0.708 0.646 0.014 0.048
0 0.725 0.643 0.016 0.064
0 0.731 0.641 0.011 0.064
0 0.743 0.644 0.021 0.061
0 0.759 0.632 0.014 0.046
0 0.872 0.662 0.017 0.102
0 0.885 0.662 0.02 0.107
0 0.796 0.644 0.006 0.051
0 0.953 0.667 0.021 0.127
0 0.96 0.675 0.016 0.122
11 0.4 0.523 0.016 0.018
11 0.582 0.538 0.026 0.018
11 0.609 0.552 0.011 0.015
11 0.63 0.53 0.013 0.013
11 0.597 0.538 0.011 0.048
11 0.543 0.572 0.026 0.02
7 0.437 0.527 0.013 0.038
