2 0.016 0.593 0.033 0.153
2 0.915 0.717 0.17 0.258
2 0.304 0.566 0.039 0.048
2 0.44 0.586 0.072 0.113
2 0.59 0.606 0.129 0.172
2 0.497 0.567 0.026 0.046
2 0.068 0.592 0.089 0.1
2 0.139 0.582 0.084 0.091
2 0.192 0.58 0.043 0.073
2 0.232 0.578 0.051 0.066
2 0.266 0.57 0.032 0.057
2 0.678 0.609 0.075 0.138
2 0.814 0.666 0.163 0.166
2 0.4 0.549 0.024 0.029
2 0.479 0.56 0.013 0.021
11 0.466 0.508 0.027 0.014
11 0.414 0.51 0.013 0.009
11 0.955 0.401 0.031 0.055
11 0.594 0.514 0.011 0.023
0 0.354 0.558 0.01 0.039
