2 0.056 0.698 0.113 0.123
2 0.21 0.653 0.078 0.092
2 0.284 0.627 0.057 0.058
2 0.335 0.613 0.019 0.047
2 0.39 0.601 0.019 0.029
2 0.407 0.601 0.018 0.025
2 0.423 0.599 0.02 0.025
2 0.362 0.622 0.045 0.061
2 0.472 0.588 0.013 0.025
4 0.504 0.579 0.016 0.038
2 0.525 0.609 0.018 0.022
2 0.513 0.625 0.026 0.036
2 0.477 0.644 0.047 0.078
2 0.557 0.651 0.054 0.07
2 0.713 0.705 0.202 0.249
6 0.488 0.681 0.024 0.067
1 0.485 0.629 0.028 0.045
2 0.794 0.588 0.066 0.038
2 0.909 0.561 0.063 0.038
7 0.447 0.548 0.009 0.025
7 0.584 0.576 0.009 0.022
