7 0.447 0.416 0.008 0.011
7 0.34 0.407 0.007 0.014
7 0.364 0.477 0.007 0.011
7 0.442 0.459 0.007 0.012
2 0.472 0.493 0.017 0.021
2 0.456 0.491 0.02 0.044
2 0.411 0.498 0.074 0.113
2 0.347 0.496 0.024 0.034
2 0.369 0.489 0.014 0.021
2 0.243 0.497 0.023 0.047
2 0.221 0.497 0.038 0.061
2 0.184 0.502 0.054 0.084
2 0.089 0.593 0.176 0.376
2 0.512 0.499 0.027 0.035
2 0.591 0.56 0.17 0.204
4 0.66 0.457 0.142 0.262
2 0.871 0.5 0.255 0.384
0 0.285 0.486 0.012 0.043
0 0.3 0.483 0.01 0.046
0 0.8 0.479 0.052 0.119
11 0.264 0.423 0.012 0.011
11 0.276 0.419 0.009 0.018
11 0.301 0.439 0.012 0.011
11 0.513 0.428 0.009 0.011
11 0.557 0.433 0.011 0.021
0 0.188 0.448 0.01 0.02
11 0.956 0.154 0.033 0.113
11 0.355 0.471 0.009 0.009
