11 0.361 0.349 0.035 0.021
11 0.694 0.421 0.015 0.046
11 0.68 0.42 0.013 0.048
11 0.787 0.413 0.028 0.021
8 0.81 0.432 0.008 0.028
8 0.61 0.415 0.012 0.021
8 0.395 0.424 0.009 0.031
11 0.394 0.39 0.015 0.029
10 0.156 0.345 0.009 0.04
10 0.157 0.414 0.009 0.018
8 0.026 0.417 0.009 0.019
10 0.082 0.349 0.013 0.029
10 0.092 0.35 0.011 0.027
2 0.384 0.479 0.009 0.023
2 0.308 0.474 0.008 0.017
2 0.298 0.476 0.009 0.021
2 0.289 0.478 0.012 0.017
2 0.279 0.474 0.009 0.021
2 0.265 0.471 0.011 0.019
2 0.249 0.47 0.022 0.021
2 0.222 0.473 0.032 0.035
2 0.405 0.48 0.025 0.039
2 0.427 0.486 0.036 0.044
3 0.438 0.467 0.03 0.035
2 0.622 0.496 0.023 0.035
2 0.684 0.55 0.121 0.154
2 0.836 0.659 0.324 0.379
2 0.529 0.616 0.235 0.406
2 0.364 0.488 0.029 0.029
2 0.323 0.484 0.033 0.033
3 0.359 0.467 0.05 0.058
0 0.287 0.478 0.018 0.042
