11 0.269 0.269 0.01 0.024
11 0.474 0.267 0.043 0.028
11 0.416 0.301 0.015 0.007
11 0.311 0.321 0.008 0.017
10 0.757 0.296 0.012 0.028
2 0.234 0.366 0.034 0.04
2 0.255 0.364 0.023 0.022
2 0.314 0.349 0.014 0.02
2 0.412 0.361 0.025 0.028
2 0.15 0.385 0.169 0.16
2 0.282 0.362 0.026 0.035
2 0.358 0.378 0.099 0.119
2 0.467 0.375 0.066 0.082
2 0.671 0.436 0.291 0.292
8 0.954 0.243 0.016 0.051
11 0.929 0.158 0.04 0.031
11 0.937 0.19 0.053 0.031
11 0.746 0.121 0.032 0.038
11 0.698 0.016 0.09 0.028
7 0.543 0.038 0.019 0.059
7 0.725 0.191 0.017 0.046
7 0.263 0.165 0.017 0.051
11 0.125 0.152 0.04 0.036
11 0.021 0.242 0.037 0.025
