2 0.456 0.571 0.008 0.019
2 0.467 0.576 0.01 0.017
2 0.475 0.583 0.013 0.017
2 0.485 0.593 0.018 0.034
2 0.513 0.597 0.033 0.045
2 0.553 0.617 0.033 0.091
2 0.568 0.633 0.026 0.077
2 0.615 0.639 0.075 0.117
2 0.685 0.666 0.12 0.176
2 0.851 0.742 0.295 0.323
2 0.435 0.583 0.008 0.016
2 0.398 0.608 0.047 0.066
2 0.424 0.596 0.011 0.028
2 0.423 0.573 0.012 0.015
2 0.359 0.592 0.032 0.045
2 0.322 0.619 0.029 0.077
2 0.285 0.624 0.044 0.083
2 0.224 0.628 0.093 0.129
2 0.139 0.665 0.121 0.157
2 0.039 0.687 0.078 0.196
11 0.328 0.519 0.019 0.013
11 0.263 0.476 0.013 0.011
11 0.548 0.532 0.016 0.013
11 0.553 0.512 0.011 0.011
11 0.537 0.551 0.018 0.029
11 0.598 0.535 0.016 0.019
11 0.867 0.534 0.022 0.064
11 0.887 0.551 0.016 0.03
11 0.887 0.523 0.014 0.019
11 0.273 0.491 0.024 0.015
7 0.393 0.456 0.009 0.036
7 0.497 0.484 0.011 0.039
10 0.384 0.452 0.007 0.032
10 0.488 0.48 0.007 0.038
7 0.419 0.535 0.011 0.023
7 0.467 0.536 0.007 0.017
8 0.462 0.546 0.01 0.021
8 0.439 0.545 0.008 0.019
2 0.535 0.605 0.012 0.068
2 0.491 0.563 0.022 0.018
