2 0.433 0.405 0.03 0.046
2 0.451 0.402 0.017 0.039
2 0.541 0.398 0.018 0.017
2 0.579 0.396 0.018 0.033
2 0.64 0.399 0.009 0.019
2 0.659 0.413 0.021 0.044
2 0.679 0.414 0.027 0.082
2 0.306 0.432 0.103 0.091
2 0.403 0.417 0.04 0.04
2 0.559 0.395 0.02 0.039
2 0.609 0.407 0.052 0.096
2 0.723 0.43 0.102 0.114
3 0.515 0.389 0.036 0.044
0 0.46 0.404 0.01 0.037
0 0.837 0.417 0.011 0.057
0 0.815 0.405 0.013 0.06
0 0.846 0.419 0.016 0.079
0 0.901 0.411 0.023 0.087
0 0.801 0.405 0.014 0.062
11 0.745 0.245 0.022 0.039
11 0.748 0.328 0.02 0.029
7 0.501 0.322 0.004 0.022
7 0.638 0.327 0.003 0.017
10 0.506 0.322 0.003 0.017
10 0.496 0.32 0.007 0.019
10 0.633 0.331 0.004 0.012
10 0.643 0.326 0.002 0.018
