11 0.094 0.237 0.021 0.016
11 0.102 0.257 0.026 0.02
7 0.098 0.293 0.01 0.038
10 0.153 0.226 0.014 0.04
7 0.444 0.265 0.01 0.027
10 0.351 0.252 0.009 0.029
11 0.503 0.283 0.016 0.016
11 0.521 0.309 0.008 0.047
11 0.597 0.308 0.023 0.018
10 0.093 0.339 0.016 0.029
10 0.533 0.35 0.018 0.02
10 0.607 0.337 0.016 0.027
0 0.182 0.395 0.021 0.054
0 0.248 0.385 0.013 0.029
0 0.132 0.415 0.014 0.09
0 0.011 0.41 0.018 0.076
0 0.026 0.414 0.026 0.078
1 0.107 0.422 0.033 0.09
5 0.11 0.442 0.045 0.074
0 0.571 0.4 0.013 0.052
0 0.532 0.399 0.013 0.054
0 0.514 0.389 0.009 0.038
0 0.496 0.395 0.01 0.036
0 0.584 0.405 0.018 0.074
0 0.614 0.4 0.019 0.07
0 0.632 0.385 0.021 0.047
0 0.764 0.424 0.033 0.121
5 0.634 0.435 0.03 0.047
5 0.625 0.439 0.023 0.047
11 0.304 0.374 0.024 0.043
2 0.209 0.405 0.052 0.087
2 0.43 0.377 0.01 0.022
2 0.437 0.379 0.014 0.027
3 0.406 0.355 0.039 0.045
2 0.397 0.433 0.095 0.137
2 0.053 0.407 0.081 0.054
