7 0.482 0.394 0.01 0.034
7 0.306 0.366 0.01 0.041
7 0.214 0.453 0.011 0.034
10 0.014 0.443 0.026 0.039
10 0.749 0.449 0.023 0.036
10 0.317 0.363 0.015 0.039
8 0.432 0.482 0.007 0.019
8 0.501 0.479 0.01 0.019
2 0.469 0.535 0.011 0.015
2 0.477 0.538 0.015 0.024
2 0.488 0.533 0.016 0.029
2 0.497 0.539 0.015 0.027
2 0.507 0.54 0.012 0.029
2 0.518 0.544 0.022 0.032
2 0.443 0.535 0.008 0.024
2 0.436 0.535 0.018 0.029
2 0.579 0.58 0.093 0.143
2 0.81 0.555 0.075 0.058
2 0.386 0.522 0.085 0.095
2 0.455 0.541 0.023 0.032
2 0.709 0.637 0.258 0.272
2 0.348 0.616 0.193 0.238
2 0.91 0.635 0.179 0.345
0 0.157 0.546 0.018 0.075
0 0.205 0.553 0.015 0.061
0 0.175 0.538 0.01 0.049
0 0.18 0.54 0.011 0.053
0 0.237 0.529 0.011 0.022
0 0.247 0.532 0.01 0.027
0 0.262 0.536 0.012 0.032
0 0.271 0.54 0.015 0.044
0 0.279 0.533 0.011 0.049
11 0.028 0.34 0.025 0.027
11 0.043 0.386 0.02 0.027
11 0.042 0.41 0.036 0.027
11 0.529 0.404 0.042 0.024
11 0.568 0.417 0.022 0.027
11 0.729 0.379 0.037 0.022
11 0.831 0.358 0.029 0.146
11 0.602 0.45 0.02 0.019
11 0.512 0.458 0.041 0.024
10 0.617 0.489 0.016 0.029
2 0.03 0.555 0.057 0.092
0 0.222 0.545 0.014 0.024
