2 0.044 0.54 0.088 0.084
2 0.898 0.656 0.203 0.478
2 0.134 0.536 0.092 0.071
2 0.207 0.538 0.055 0.069
2 0.265 0.535 0.055 0.067
2 0.305 0.529 0.027 0.058
2 0.331 0.528 0.022 0.033
2 0.4 0.518 0.016 0.047
2 0.421 0.518 0.012 0.028
2 0.8 0.579 0.155 0.234
2 0.751 0.519 0.135 0.19
2 0.69 0.523 0.039 0.107
2 0.662 0.516 0.046 0.094
2 0.636 0.518 0.028 0.061
2 0.626 0.514 0.03 0.061
2 0.609 0.515 0.019 0.04
2 0.598 0.507 0.014 0.03
2 0.592 0.506 0.016 0.028
2 0.575 0.5 0.019 0.018
11 0.388 0.417 0.024 0.062
11 0.708 0.425 0.019 0.046
2 0.37 0.523 0.021 0.049
