7 0.18 0.3 0.019 0.073
7 0.852 0.461 0.012 0.046
9 0.854 0.404 0.022 0.034
11 0.179 0.246 0.018 0.024
11 0.609 0.454 0.026 0.032
11 0.484 0.434 0.015 0.041
10 0.111 0.432 0.018 0.085
2 0.406 0.538 0.016 0.01
2 0.381 0.541 0.012 0.022
2 0.372 0.54 0.012 0.015
2 0.35 0.541 0.011 0.017
2 0.338 0.541 0.015 0.017
2 0.318 0.541 0.026 0.041
2 0.203 0.557 0.046 0.063
2 0.147 0.564 0.079 0.073
2 0.388 0.545 0.012 0.015
1 0.271 0.561 0.031 0.104
6 0.268 0.573 0.02 0.066
0 0.499 0.566 0.015 0.104
1 0.516 0.552 0.015 0.049
5 0.498 0.581 0.052 0.068
5 0.595 0.579 0.057 0.087
0 0.736 0.579 0.02 0.121
0 0.763 0.581 0.03 0.131
0 0.79 0.586 0.029 0.131
5 0.901 0.612 0.071 0.085
1 0.967 0.627 0.064 0.296
6 0.958 0.674 0.081 0.267
0 0.045 0.559 0.022 0.102
11 0.829 0.366 0.018 0.041
0 0.712 0.596 0.022 0.121
