2 0.081 0.473 0.049 0.056
2 0.124 0.472 0.079 0.059
2 0.268 0.489 0.039 0.037
2 0.356 0.489 0.061 0.078
2 0.445 0.491 0.017 0.034
2 0.471 0.5 0.026 0.019
2 0.795 0.522 0.109 0.078
2 0.66 0.536 0.116 0.11
3 0.55 0.468 0.13 0.145
10 0.08 0.247 0.011 0.039
10 0.096 0.249 0.01 0.042
10 0.113 0.362 0.016 0.032
10 0.466 0.276 0.009 0.039
10 0.482 0.275 0.009 0.044
10 0.532 0.354 0.008 0.034
10 0.546 0.357 0.008 0.029
10 0.901 0.427 0.021 0.039
10 0.873 0.426 0.016 0.035
7 0.54 0.355 0.008 0.035
7 0.473 0.276 0.01 0.042
11 0.314 0.374 0.022 0.03
11 0.309 0.232 0.015 0.039
11 0.58 0.376 0.038 0.025
11 0.949 0.311 0.028 0.051
11 0.914 0.285 0.032 0.027
11 0.906 0.295 0.03 0.029
11 0.884 0.353 0.022 0.041
11 0.949 0.354 0.044 0.034
10 0.298 0.371 0.012 0.034
11 0.324 0.485 0.009 0.025
11 0.278 0.424 0.008 0.022
2 0.948 0.538 0.103 0.059
11 0.94 0.505 0.015 0.056
2 0.41 0.502 0.066 0.102
