2 0.02 0.498 0.039 0.17
2 0.4 0.476 0.012 0.019
2 0.39 0.478 0.012 0.021
2 0.379 0.48 0.009 0.022
2 0.361 0.478 0.02 0.026
2 0.339 0.479 0.026 0.031
2 0.308 0.483 0.033 0.029
2 0.276 0.491 0.034 0.049
2 0.221 0.491 0.073 0.082
2 0.146 0.501 0.082 0.091
2 0.072 0.501 0.067 0.103
2 0.486 0.486 0.011 0.017
2 0.499 0.488 0.017 0.022
2 0.512 0.49 0.012 0.03
2 0.523 0.492 0.011 0.032
2 0.547 0.484 0.039 0.067
2 0.6 0.503 0.066 0.09
2 0.71 0.536 0.182 0.168
2 0.847 0.505 0.101 0.105
2 0.455 0.479 0.011 0.012
7 0.419 0.439 0.006 0.015
7 0.403 0.454 0.006 0.012
7 0.474 0.442 0.006 0.014
7 0.461 0.452 0.006 0.014
7 0.438 0.451 0.005 0.015
11 0.78 0.329 0.025 0.03
11 0.513 0.448 0.01 0.022
