7 0.292 0.099 0.013 0.053
7 0.485 0.136 0.011 0.03
10 0.283 0.097 0.006 0.044
7 0.429 0.272 0.009 0.012
10 0.581 0.284 0.016 0.027
8 0.75 0.224 0.023 0.046
10 0.729 0.224 0.021 0.041
10 0.009 0.25 0.018 0.045
10 0.166 0.278 0.022 0.038
2 0.435 0.343 0.012 0.037
2 0.415 0.361 0.045 0.063
2 0.363 0.36 0.064 0.095
2 0.454 0.346 0.012 0.05
2 0.33 0.391 0.102 0.133
2 0.482 0.363 0.064 0.096
2 0.136 0.518 0.271 0.371
2 0.913 0.648 0.17 0.493
0 0.245 0.373 0.014 0.055
11 0.051 0.188 0.03 0.054
11 0.757 0.049 0.048 0.071
