7 0.457 0.319 0.011 0.041
7 0.247 0.427 0.006 0.034
10 0.223 0.194 0.018 0.064
10 0.117 0.296 0.01 0.047
10 0.145 0.325 0.01 0.049
10 0.172 0.416 0.011 0.03
10 0.636 0.28 0.011 0.041
10 0.681 0.287 0.01 0.053
7 0.556 0.405 0.006 0.03
0 0.601 0.471 0.01 0.051
0 0.635 0.471 0.012 0.064
0 0.21 0.498 0.008 0.045
0 0.198 0.502 0.008 0.049
0 0.181 0.497 0.012 0.047
2 0.168 0.493 0.025 0.021
2 0.15 0.484 0.022 0.03
2 0.132 0.494 0.02 0.032
2 0.089 0.493 0.054 0.043
2 0.063 0.507 0.07 0.062
10 0.044 0.382 0.007 0.038
10 0.027 0.435 0.017 0.026
2 0.324 0.478 0.016 0.026
2 0.311 0.491 0.025 0.043
2 0.41 0.476 0.013 0.03
2 0.403 0.481 0.017 0.036
2 0.447 0.467 0.012 0.021
2 0.456 0.469 0.013 0.017
4 0.478 0.475 0.05 0.079
4 0.377 0.476 0.035 0.047
2 0.349 0.494 0.05 0.058
2 0.278 0.497 0.055 0.055
2 0.431 0.482 0.025 0.043
2 0.521 0.51 0.058 0.09
2 0.702 0.465 0.044 0.06
2 0.663 0.469 0.053 0.06
11 0.484 0.741 0.01 0.002
11 0.916 0.39 0.043 0.085
