11 0.585 0.061 0.011 0.038
11 0.428 0.045 0.03 0.056
11 0.633 0.011 0.017 0.02
11 0.326 0.097 0.033 0.028
7 0.022 0.078 0.01 0.038
7 0.1 0.022 0.01 0.038
10 0.38 0.02 0.009 0.031
8 0.027 0.15 0.01 0.025
10 0.368 0.02 0.01 0.036
10 0.638 0.029 0.014 0.043
10 0.032 0.079 0.009 0.036
10 0.116 0.014 0.011 0.028
0 0.576 0.169 0.034 0.084
0 0.39 0.152 0.01 0.028
0 0.319 0.16 0.01 0.025
1 0.428 0.301 0.093 0.413
0 0.654 0.144 0.025 0.11
2 0.275 0.167 0.017 0.028
2 0.208 0.173 0.021 0.031
2 0.238 0.182 0.034 0.048
2 0.189 0.16 0.011 0.02
2 0.175 0.164 0.017 0.023
2 0.163 0.176 0.033 0.036
2 0.15 0.194 0.03 0.051
2 0.114 0.199 0.047 0.066
2 0.256 0.163 0.029 0.051
5 0.418 0.404 0.096 0.292
