4 0.491 0.449 0.016 0.026
0 0.5 0.458 0.008 0.034
2 0.508 0.457 0.011 0.026
2 0.511 0.456 0.013 0.032
2 0.523 0.458 0.02 0.05
2 0.526 0.458 0.014 0.047
2 0.543 0.461 0.038 0.056
2 0.551 0.473 0.044 0.058
2 0.65 0.475 0.149 0.198
2 0.381 0.462 0.021 0.022
2 0.36 0.481 0.038 0.05
2 0.437 0.513 0.117 0.181
2 0.029 0.482 0.059 0.028
2 0.036 0.565 0.073 0.18
2 0.203 0.642 0.376 0.428
0 0.075 0.456 0.046 0.105
11 0.816 0.177 0.023 0.058
11 0.819 0.229 0.021 0.036
11 0.019 0.382 0.028 0.05
11 0.592 0.341 0.011 0.017
11 0.649 0.358 0.015 0.024
11 0.157 0.391 0.016 0.013
11 0.819 0.303 0.013 0.079
7 0.494 0.37 0.005 0.019
7 0.364 0.385 0.003 0.022
10 0.358 0.385 0.004 0.019
10 0.488 0.368 0.005 0.019
11 0.831 0.471 0.017 0.03
11 0.834 0.499 0.018 0.026
11 0.157 0.371 0.016 0.028
11 0.269 0.388 0.012 0.009
11 0.6 0.361 0.012 0.017
11 0.89 0.37 0.014 0.032
