2 0.46 0.447 0.012 0.022
2 0.464 0.454 0.011 0.022
2 0.467 0.466 0.01 0.022
2 0.471 0.482 0.01 0.024
2 0.478 0.482 0.015 0.034
2 0.484 0.481 0.014 0.036
2 0.49 0.487 0.008 0.034
2 0.5 0.482 0.018 0.049
2 0.523 0.481 0.036 0.061
2 0.526 0.489 0.018 0.058
2 0.553 0.482 0.044 0.102
2 0.6 0.487 0.081 0.126
2 0.443 0.444 0.011 0.017
2 0.441 0.455 0.012 0.015
2 0.45 0.481 0.016 0.027
2 0.433 0.464 0.012 0.022
2 0.423 0.484 0.016 0.044
2 0.408 0.488 0.025 0.051
2 0.402 0.495 0.029 0.046
2 0.392 0.5 0.029 0.061
2 0.368 0.489 0.056 0.097
2 0.303 0.519 0.119 0.153
2 0.667 0.505 0.135 0.148
0 0.15 0.495 0.038 0.104
0 0.771 0.329 0.046 0.083
