8 0.575 0.314 0.008 0.038
8 0.411 0.363 0.008 0.029
8 0.336 0.458 0.009 0.019
7 0.345 0.386 0.008 0.01
8 0.658 0.427 0.009 0.016
10 0.403 0.363 0.008 0.028
10 0.418 0.363 0.007 0.031
10 0.568 0.315 0.008 0.036
10 0.589 0.314 0.019 0.047
10 0.78 0.422 0.022 0.028
11 0.779 0.326 0.036 0.021
11 0.389 0.363 0.012 0.019
11 0.797 0.423 0.012 0.017
0 0.373 0.507 0.012 0.05
0 0.69 0.484 0.011 0.069
0 0.655 0.481 0.016 0.068
0 0.599 0.473 0.007 0.035
0 0.58 0.493 0.006 0.017
0 0.584 0.49 0.006 0.023
2 0.537 0.456 0.016 0.017
2 0.519 0.464 0.015 0.016
2 0.508 0.464 0.015 0.017
2 0.495 0.467 0.016 0.012
2 0.538 0.471 0.01 0.019
2 0.544 0.477 0.023 0.033
2 0.556 0.484 0.029 0.036
2 0.49 0.472 0.019 0.012
2 0.468 0.481 0.026 0.033
2 0.452 0.495 0.039 0.047
2 0.5 0.484 0.064 0.026
2 0.5 0.502 0.098 0.019
2 0.541 0.683 0.25 0.36
2 0.792 0.469 0.05 0.068
2 0.393 0.487 0.015 0.043
2 0.376 0.492 0.025 0.05
2 0.353 0.476 0.015 0.014
2 0.358 0.494 0.021 0.043
2 0.335 0.476 0.022 0.016
2 0.319 0.495 0.019 0.042
2 0.267 0.483 0.018 0.012
2 0.292 0.482 0.037 0.017
2 0.299 0.506 0.024 0.047
2 0.243 0.492 0.029 0.029
2 0.125 0.502 0.026 0.021
2 0.104 0.508 0.027 0.017
2 0.154 0.504 0.031 0.023
2 0.173 0.502 0.042 0.035
2 0.201 0.505 0.059 0.045
2 0.214 0.517 0.05 0.042
2 0.14 0.55 0.117 0.073
2 0.1 0.576 0.128 0.104
2 0.062 0.577 0.124 0.113
2 0.035 0.601 0.07 0.13
2 0.259 0.516 0.081 0.061
2 0.338 0.506 0.037 0.05
