11 0.167 0.178 0.031 0.023
11 0.195 0.203 0.01 0.023
11 0.182 0.238 0.024 0.036
11 0.405 0.379 0.009 0.015
11 0.419 0.374 0.007 0.005
11 0.421 0.379 0.008 0.008
11 0.598 0.339 0.013 0.02
11 0.593 0.367 0.007 0.015
2 0.435 0.388 0.009 0.013
2 0.429 0.397 0.013 0.018
2 0.42 0.405 0.016 0.024
2 0.408 0.416 0.017 0.036
2 0.398 0.421 0.019 0.046
2 0.393 0.426 0.014 0.046
2 0.373 0.425 0.036 0.064
2 0.446 0.391 0.009 0.01
2 0.453 0.392 0.007 0.011
2 0.458 0.395 0.009 0.015
2 0.459 0.402 0.01 0.015
2 0.462 0.41 0.013 0.021
2 0.47 0.413 0.017 0.028
2 0.471 0.421 0.014 0.033
2 0.482 0.425 0.023 0.041
2 0.488 0.433 0.018 0.047
2 0.503 0.436 0.025 0.067
2 0.527 0.439 0.051 0.087
2 0.355 0.434 0.05 0.069
2 0.551 0.463 0.08 0.1
2 0.991 0.517 0.017 0.119
