7 0.444 0.008 0.015 0.016
11 0.15 0.024 0.039 0.044
11 0.15 0.159 0.029 0.024
11 0.153 0.196 0.017 0.042
11 0.156 0.26 0.028 0.046
11 0.373 0.246 0.017 0.011
11 0.273 0.261 0.053 0.096
8 0.37 0.269 0.006 0.02
7 0.449 0.289 0.005 0.018
7 0.516 0.286 0.006 0.02
2 0.12 0.353 0.05 0.064
2 0.102 0.347 0.084 0.072
2 0.404 0.351 0.041 0.08
2 0.359 0.371 0.084 0.121
2 0.601 0.362 0.027 0.056
2 0.631 0.368 0.062 0.075
2 0.569 0.319 0.054 0.052
2 0.514 0.343 0.024 0.077
2 0.226 0.396 0.197 0.242
2 0.464 0.397 0.107 0.18
2 0.56 0.363 0.062 0.101
2 0.783 0.453 0.297 0.317
