4 0.206 0.848 0.104 0.15
3 0.374 0.852 0.028 0.023
2 0.352 0.853 0.017 0.024
2 0.323 0.861 0.014 0.011
2 0.313 0.862 0.009 0.018
2 0.293 0.872 0.082 0.052
4 0.527 0.849 0.023 0.033
11 0.516 0.806 0.017 0.014
11 0.491 0.819 0.01 0.018
2 0.46 0.828 0.011 0.015
2 0.452 0.84 0.008 0.011
2 0.46 0.846 0.01 0.014
2 0.444 0.854 0.009 0.015
2 0.43 0.858 0.013 0.01
2 0.421 0.859 0.013 0.014
2 0.411 0.856 0.014 0.012
2 0.398 0.853 0.012 0.019
2 0.478 0.843 0.012 0.012
2 0.474 0.856 0.008 0.016
2 0.471 0.868 0.014 0.019
2 0.455 0.856 0.021 0.014
2 0.564 0.847 0.03 0.029
2 0.544 0.85 0.012 0.015
2 0.525 0.863 0.02 0.031
2 0.456 0.874 0.028 0.038
2 0.497 0.888 0.054 0.072
2 0.502 0.845 0.017 0.018
2 0.657 0.893 0.084 0.107
2 0.566 0.845 0.019 0.018
2 0.623 0.852 0.019 0.016
2 0.712 0.862 0.02 0.019
2 0.771 0.886 0.034 0.019
2 0.828 0.921 0.058 0.038
4 0.962 0.918 0.073 0.119
11 0.586 0.807 0.011 0.018
11 0.602 0.835 0.018 0.064
11 0.587 0.835 0.011 0.033
