10 0.24 0.233 0.013 0.047
7 0.254 0.235 0.024 0.053
10 0.483 0.209 0.013 0.045
10 0.461 0.206 0.014 0.051
7 0.472 0.206 0.014 0.055
7 0.221 0.384 0.023 0.029
8 0.095 0.334 0.03 0.039
11 0.114 0.346 0.031 0.045
11 0.63 0.336 0.038 0.037
8 0.673 0.347 0.032 0.041
11 0.828 0.178 0.044 0.084
0 0.687 0.459 0.032 0.126
0 0.533 0.455 0.018 0.057
2 0.289 0.473 0.029 0.047
2 0.24 0.462 0.078 0.098
2 0.207 0.481 0.041 0.067
2 0.157 0.521 0.14 0.163
2 0.452 0.441 0.01 0.02
0 0.48 0.454 0.016 0.057
2 0.476 0.455 0.038 0.049
2 0.499 0.455 0.018 0.033
2 0.516 0.456 0.023 0.027
2 0.63 0.418 0.042 0.051
2 0.596 0.507 0.147 0.161
3 0.377 0.432 0.149 0.314
2 0.071 0.544 0.142 0.302
