7 0.285 0.263 0.007 0.03
7 0.397 0.286 0.007 0.025
7 0.346 0.346 0.005 0.016
7 0.387 0.351 0.004 0.012
8 0.027 0.264 0.009 0.021
8 0.162 0.319 0.011 0.021
2 0.046 0.461 0.091 0.205
2 0.784 0.558 0.43 0.374
2 0.39 0.397 0.007 0.021
2 0.38 0.4 0.018 0.027
2 0.403 0.404 0.009 0.023
2 0.418 0.405 0.025 0.04
2 0.427 0.419 0.014 0.06
2 0.444 0.413 0.038 0.096
2 0.447 0.429 0.025 0.082
2 0.474 0.429 0.056 0.106
2 0.499 0.441 0.049 0.124
2 0.586 0.46 0.173 0.241
2 0.349 0.396 0.014 0.025
2 0.323 0.415 0.04 0.073
2 0.198 0.415 0.062 0.084
2 0.265 0.427 0.089 0.114
2 0.086 0.134 0.004 0.001
