2 0.009 0.366 0.015 0.042
2 0.027 0.364 0.024 0.02
2 0.128 0.378 0.048 0.029
2 0.196 0.382 0.031 0.031
2 0.241 0.38 0.018 0.024
2 0.258 0.382 0.022 0.022
2 0.288 0.383 0.015 0.017
2 0.308 0.385 0.012 0.017
2 0.314 0.392 0.011 0.017
2 0.324 0.403 0.019 0.024
2 0.342 0.404 0.009 0.022
2 0.37 0.402 0.012 0.018
2 0.396 0.424 0.03 0.033
2 0.355 0.413 0.025 0.04
2 0.505 0.484 0.07 0.083
2 0.416 0.481 0.076 0.103
2 0.323 0.447 0.049 0.072
11 0.486 0.377 0.031 0.046
11 0.318 0.332 0.033 0.044
11 0.351 0.331 0.03 0.028
11 0.381 0.345 0.026 0.039
11 0.367 0.382 0.009 0.013
11 0.336 0.377 0.009 0.011
11 0.404 0.382 0.011 0.02
11 0.298 0.365 0.006 0.015
2 0.79 0.599 0.314 0.312
