2 0.439 0.588 0.019 0.044
2 0.51 0.57 0.013 0.017
2 0.521 0.577 0.013 0.019
2 0.534 0.581 0.014 0.023
2 0.407 0.606 0.063 0.098
4 0.329 0.582 0.08 0.112
1 0.315 0.594 0.018 0.06
6 0.315 0.645 0.021 0.042
0 0.102 0.609 0.022 0.096
5 0.552 0.599 0.027 0.033
5 0.555 0.608 0.027 0.04
5 0.559 0.611 0.034 0.04
5 0.567 0.615 0.039 0.04
5 0.572 0.62 0.039 0.042
5 0.579 0.622 0.04 0.046
5 0.587 0.624 0.047 0.05
2 0.468 0.562 0.015 0.019
0 0.668 0.625 0.018 0.096
7 0.228 0.486 0.011 0.027
7 0.658 0.491 0.011 0.025
8 0.113 0.442 0.014 0.04
7 0.102 0.523 0.015 0.025
7 0.345 0.511 0.008 0.019
7 0.714 0.532 0.015 0.031
8 0.719 0.462 0.013 0.031
0 0.923 0.614 0.013 0.089
11 0.101 0.392 0.029 0.029
2 0.485 0.562 0.011 0.012
2 0.494 0.565 0.011 0.01
