7 0.542 0.478 0.007 0.036
7 0.447 0.499 0.008 0.032
7 0.731 0.59 0.014 0.018
10 0.53 0.48 0.008 0.028
10 0.884 0.514 0.033 0.041
10 0.314 0.5 0.014 0.041
10 0.277 0.5 0.016 0.041
10 0.453 0.594 0.009 0.02
10 0.436 0.592 0.012 0.027
11 0.348 0.551 0.015 0.028
11 0.717 0.549 0.021 0.011
11 0.724 0.536 0.017 0.012
11 0.709 0.528 0.015 0.014
11 0.65 0.606 0.011 0.021
11 0.602 0.481 0.041 0.021
11 0.606 0.616 0.018 0.018
11 0.583 0.619 0.018 0.023
11 0.57 0.62 0.011 0.018
11 0.553 0.622 0.023 0.028
2 0.538 0.663 0.012 0.02
2 0.549 0.671 0.008 0.021
2 0.561 0.677 0.016 0.025
4 0.523 0.66 0.017 0.037
4 0.501 0.669 0.009 0.023
4 0.509 0.675 0.015 0.021
2 0.492 0.671 0.015 0.028
2 0.645 0.673 0.026 0.046
2 0.708 0.668 0.016 0.025
2 0.725 0.655 0.025 0.03
2 0.743 0.649 0.025 0.034
2 0.752 0.661 0.033 0.043
2 0.772 0.657 0.025 0.039
2 0.794 0.65 0.026 0.043
2 0.96 0.638 0.081 0.071
2 0.992 0.628 0.016 0.03
2 0.606 0.679 0.068 0.085
2 0.346 0.671 0.073 0.085
2 0.296 0.671 0.033 0.059
2 0.256 0.682 0.056 0.064
2 0.135 0.685 0.212 0.158
2 0.024 0.692 0.048 0.073
11 0.322 0.566 0.011 0.03
2 0.443 0.691 0.111 0.131
2 0.874 0.723 0.22 0.202
11 0.35 0.521 0.026 0.101
