7 0.479 0.448 0.009 0.014
7 0.492 0.445 0.009 0.017
7 0.521 0.453 0.007 0.024
7 0.575 0.457 0.006 0.015
8 0.416 0.444 0.008 0.026
8 0.401 0.446 0.011 0.025
2 0.244 0.524 0.135 0.161
2 0.474 0.541 0.115 0.184
2 0.336 0.511 0.022 0.033
2 0.355 0.508 0.027 0.049
2 0.388 0.525 0.072 0.083
2 0.153 0.515 0.039 0.04
2 0.113 0.522 0.041 0.043
2 0.07 0.519 0.058 0.051
2 0.579 0.499 0.039 0.033
2 0.979 0.519 0.039 0.093
2 0.941 0.498 0.073 0.075
2 0.913 0.515 0.106 0.079
2 0.839 0.497 0.087 0.082
2 0.781 0.505 0.055 0.054
2 0.748 0.504 0.044 0.046
2 0.714 0.5 0.034 0.043
2 0.693 0.5 0.029 0.039
2 0.667 0.5 0.034 0.033
2 0.641 0.502 0.034 0.035
