11 0.497 0.163 0.046 0.027
11 0.609 0.176 0.042 0.029
11 0.608 0.229 0.141 0.092
11 0.495 0.211 0.059 0.066
11 0.211 0.258 0.036 0.121
2 0.498 0.405 0.014 0.017
2 0.508 0.407 0.011 0.019
2 0.518 0.41 0.015 0.012
2 0.515 0.425 0.012 0.012
2 0.58 0.438 0.03 0.053
2 0.597 0.421 0.012 0.029
2 0.611 0.443 0.036 0.053
2 0.677 0.454 0.019 0.032
2 0.727 0.456 0.053 0.051
2 0.783 0.461 0.082 0.095
2 0.542 0.445 0.052 0.078
2 0.422 0.426 0.031 0.049
2 0.443 0.409 0.014 0.029
2 0.393 0.399 0.011 0.034
2 0.36 0.405 0.014 0.027
2 0.349 0.404 0.014 0.029
2 0.286 0.403 0.036 0.051
2 0.203 0.397 0.033 0.058
2 0.175 0.394 0.045 0.058
2 0.238 0.399 0.072 0.068
2 0.023 0.381 0.046 0.095
2 0.475 0.462 0.087 0.136
2 0.649 0.458 0.059 0.073
11 0.951 0.366 0.019 0.012
11 0.961 0.387 0.014 0.019
11 0.773 0.393 0.015 0.017
11 0.769 0.358 0.018 0.015
