11 0.413 0.364 0.008 0.014
11 0.529 0.365 0.018 0.009
7 0.438 0.376 0.007 0.017
7 0.503 0.346 0.008 0.019
7 0.514 0.364 0.004 0.014
2 0.503 0.412 0.026 0.031
2 0.411 0.422 0.026 0.04
2 0.392 0.431 0.02 0.036
2 0.242 0.443 0.035 0.057
2 0.198 0.444 0.07 0.09
2 0.14 0.46 0.09 0.081
2 0.306 0.44 0.086 0.069
2 0.522 0.422 0.019 0.029
2 0.576 0.428 0.061 0.08
2 0.435 0.419 0.021 0.028
11 0.583 0.343 0.011 0.019
11 0.578 0.36 0.016 0.016
11 0.566 0.364 0.012 0.014
11 0.882 0.162 0.044 0.056
11 0.562 0.377 0.015 0.012
2 0.926 0.453 0.087 0.07
2 0.822 0.45 0.075 0.07
2 0.695 0.433 0.021 0.03
2 0.076 0.465 0.051 0.07
