11 0.495 0.654 0.054 0.099
11 0.863 0.696 0.041 0.075
11 0.323 0.317 0.254 0.118
11 0.681 0.378 0.216 0.111
11 0.951 0.407 0.095 0.09
11 0.023 0.292 0.046 0.095
11 0.368 0.783 0.024 0.021
11 0.333 0.779 0.014 0.012
11 0.039 0.784 0.067 0.13
11 0.538 0.795 0.051 0.114
11 0.952 0.816 0.05 0.114
7 0.231 0.706 0.01 0.05
7 0.697 0.267 0.037 0.062
7 0.332 0.214 0.039 0.065
0 0.609 0.801 0.02 0.069
2 0.588 0.849 0.054 0.142
2 0.371 0.837 0.018 0.062
2 0.292 0.867 0.164 0.255
2 0.793 0.855 0.368 0.279
11 0.102 0.564 0.076 0.05
11 0.33 0.581 0.123 0.052
11 0.784 0.186 0.278 0.19
