11 0.626 0.246 0.062 0.052
11 0.547 0.18 0.055 0.037
11 0.516 0.257 0.116 0.096
11 0.323 0.247 0.123 0.11
11 0.178 0.487 0.034 0.066
11 0.129 0.487 0.042 0.066
11 0.295 0.524 0.017 0.045
11 0.384 0.507 0.04 0.012
11 0.57 0.533 0.008 0.021
11 0.555 0.539 0.013 0.014
2 0.567 0.565 0.011 0.019
2 0.555 0.565 0.011 0.023
2 0.512 0.568 0.016 0.021
2 0.526 0.565 0.007 0.023
2 0.498 0.562 0.009 0.023
2 0.467 0.567 0.024 0.037
2 0.435 0.561 0.041 0.068
2 0.357 0.561 0.024 0.054
2 0.379 0.572 0.046 0.047
2 0.156 0.547 0.054 0.021
2 0.017 0.611 0.034 0.157
