11 0.045 0.092 0.056 0.063
7 0.034 0.327 0.013 0.031
7 0.029 0.217 0.015 0.073
11 0.194 0.356 0.02 0.031
11 0.194 0.431 0.015 0.012
7 0.328 0.382 0.008 0.037
7 0.476 0.423 0.007 0.02
0 0.933 0.63 0.023 0.118
0 0.718 0.549 0.015 0.028
2 0.958 0.735 0.08 0.187
2 0.015 0.808 0.026 0.221
0 0.081 0.522 0.015 0.086
0 0.103 0.539 0.026 0.118
0 0.238 0.523 0.005 0.047
0 0.229 0.52 0.005 0.044
0 0.222 0.521 0.007 0.043
0 0.215 0.52 0.007 0.041
0 0.158 0.499 0.009 0.024
0 0.173 0.496 0.006 0.021
0 0.167 0.505 0.009 0.051
5 0.169 0.531 0.011 0.038
0 0.142 0.514 0.015 0.069
0 0.059 0.517 0.015 0.054
8 0.249 0.459 0.008 0.012
2 0.454 0.538 0.016 0.031
2 0.502 0.574 0.083 0.112
2 0.399 0.504 0.024 0.009
2 0.361 0.496 0.049 0.023
2 0.307 0.523 0.023 0.032
2 0.251 0.518 0.015 0.02
2 0.654 0.588 0.154 0.165
2 0.383 0.646 0.197 0.272
2 0.275 0.527 0.034 0.052
11 0.023 0.4 0.025 0.055
11 0.02 0.476 0.038 0.098
10 0.485 0.422 0.008 0.026
2 0.753 0.564 0.028 0.047
5 0.783 0.638 0.038 0.057
5 0.203 0.535 0.01 0.031
11 0.779 0.58 0.013 0.037
