7 0.15 0.216 0.015 0.055
7 0.683 0.089 0.014 0.057
7 0.609 0.354 0.006 0.011
7 0.481 0.359 0.004 0.012
7 0.503 0.359 0.004 0.011
7 0.4 0.276 0.013 0.052
7 0.783 0.283 0.015 0.021
10 0.163 0.211 0.011 0.045
10 0.113 0.346 0.013 0.026
10 0.369 0.367 0.004 0.012
10 0.4 0.362 0.004 0.015
10 0.761 0.283 0.012 0.026
10 0.698 0.093 0.013 0.057
11 0.082 0.018 0.036 0.036
11 0.109 0.159 0.044 0.072
11 0.128 0.238 0.045 0.022
11 0.102 0.308 0.016 0.026
11 0.103 0.339 0.014 0.036
11 0.323 0.352 0.011 0.03
11 0.405 0.334 0.015 0.027
11 0.406 0.314 0.006 0.011
7 0.4 0.362 0.005 0.015
11 0.778 0.208 0.007 0.012
11 0.769 0.232 0.032 0.021
11 0.727 0.123 0.068 0.035
11 0.464 0.382 0.015 0.015
11 0.55 0.356 0.01 0.004
11 0.643 0.352 0.006 0.015
0 0.701 0.381 0.008 0.046
0 0.836 0.377 0.018 0.109
0 0.961 0.408 0.02 0.096
0 0.936 0.386 0.039 0.168
2 0.473 0.393 0.01 0.012
2 0.462 0.404 0.011 0.015
2 0.437 0.401 0.013 0.019
2 0.426 0.406 0.008 0.016
2 0.418 0.407 0.009 0.014
2 0.405 0.412 0.006 0.015
2 0.396 0.412 0.006 0.009
2 0.389 0.414 0.008 0.012
2 0.384 0.415 0.007 0.014
2 0.377 0.415 0.008 0.017
2 0.369 0.417 0.012 0.016
2 0.36 0.417 0.011 0.017
2 0.34 0.415 0.009 0.009
2 0.346 0.422 0.017 0.009
2 0.327 0.42 0.018 0.02
2 0.313 0.42 0.01 0.017
2 0.295 0.426 0.017 0.019
2 0.276 0.427 0.024 0.025
2 0.261 0.427 0.014 0.02
2 0.24 0.43 0.028 0.021
2 0.213 0.43 0.023 0.026
2 0.188 0.437 0.028 0.025
2 0.156 0.437 0.034 0.03
2 0.141 0.429 0.009 0.016
2 0.105 0.435 0.041 0.039
2 0.068 0.44 0.029 0.027
2 0.569 0.362 0.006 0.011
2 0.555 0.398 0.014 0.017
2 0.565 0.392 0.004 0.01
2 0.541 0.404 0.017 0.025
2 0.505 0.401 0.016 0.027
2 0.523 0.403 0.021 0.032
2 0.586 0.387 0.006 0.01
2 0.592 0.399 0.013 0.016
2 0.604 0.396 0.011 0.026
2 0.614 0.392 0.014 0.041
2 0.624 0.393 0.015 0.04
2 0.634 0.397 0.021 0.049
2 0.64 0.398 0.013 0.042
2 0.667 0.388 0.051 0.08
2 0.579 0.396 0.008 0.015
2 0.573 0.401 0.007 0.012
2 0.573 0.38 0.006 0.007
2 0.096 0.581 0.191 0.44
11 0.359 0.37 0.013 0.009
