2 0.034 0.426 0.038 0.034
2 0.194 0.41 0.035 0.028
2 0.222 0.407 0.03 0.024
11 0.222 0.269 0.029 0.017
11 0.367 0.283 0.024 0.058
11 0.694 0.285 0.017 0.017
11 0.672 0.337 0.011 0.024
10 0.041 0.291 0.006 0.024
10 0.169 0.259 0.009 0.031
10 0.21 0.294 0.008 0.028
10 0.067 0.365 0.008 0.023
7 0.451 0.264 0.008 0.029
7 0.551 0.218 0.006 0.031
7 0.692 0.247 0.007 0.028
2 0.636 0.366 0.015 0.021
2 0.63 0.371 0.021 0.029
2 0.602 0.378 0.026 0.038
2 0.658 0.376 0.031 0.038
2 0.717 0.409 0.073 0.113
2 0.782 0.401 0.121 0.171
2 0.882 0.419 0.231 0.292
2 0.986 0.563 0.022 0.179
7 0.565 0.324 0.006 0.021
2 0.344 0.395 0.018 0.02
2 0.362 0.396 0.018 0.02
2 0.463 0.383 0.013 0.015
2 0.43 0.386 0.017 0.014
10 0.47 0.332 0.008 0.021
10 0.647 0.317 0.008 0.012
