2 0.618 0.502 0.042 0.088
2 0.463 0.489 0.016 0.018
2 0.505 0.486 0.009 0.015
2 0.488 0.486 0.018 0.026
2 0.529 0.484 0.022 0.032
2 0.566 0.496 0.037 0.045
2 0.423 0.493 0.027 0.043
2 0.395 0.496 0.034 0.041
2 0.362 0.496 0.027 0.03
2 0.074 0.535 0.12 0.088
2 0.242 0.55 0.206 0.232
11 0.317 0.391 0.018 0.031
11 0.588 0.429 0.013 0.024
11 0.511 0.44 0.024 0.03
11 0.534 0.455 0.008 0.024
11 0.637 0.408 0.025 0.048
11 0.439 0.437 0.008 0.016
11 0.115 0.39 0.014 0.029
11 0.524 0.458 0.011 0.019
2 0.477 0.487 0.01 0.016
10 0.153 0.387 0.011 0.034
2 0.767 0.46 0.277 0.4
2 0.972 0.45 0.055 0.128
