11 0.643 0.351 0.018 0.05
11 0.166 0.446 0.022 0.012
11 0.271 0.478 0.015 0.007
11 0.656 0.426 0.019 0.014
7 0.318 0.393 0.009 0.028
7 0.509 0.412 0.007 0.028
7 0.464 0.494 0.005 0.014
7 0.264 0.503 0.006 0.016
11 0.537 0.49 0.01 0.016
7 0.601 0.502 0.009 0.016
11 0.644 0.441 0.02 0.012
8 0.659 0.476 0.019 0.019
2 0.117 0.581 0.176 0.153
2 0.332 0.579 0.111 0.114
2 0.478 0.572 0.087 0.139
2 0.722 0.631 0.235 0.229
2 0.557 0.555 0.03 0.035
2 0.919 0.625 0.159 0.203
2 0.828 0.558 0.099 0.087
2 0.537 0.555 0.013 0.035
2 0.238 0.594 0.08 0.133
2 0.03 0.599 0.06 0.127
2 0.403 0.554 0.045 0.05
2 0.618 0.554 0.046 0.057
