7 0.193 0.021 0.027 0.037
10 0.232 0.025 0.032 0.051
10 0.171 0.026 0.021 0.052
10 0.658 0.402 0.026 0.051
11 0.657 0.251 0.062 0.037
11 0.601 0.263 0.019 0.032
0 0.674 0.534 0.027 0.124
0 0.516 0.606 0.042 0.169
0 0.455 0.62 0.026 0.178
2 0.316 0.56 0.011 0.026
2 0.305 0.554 0.011 0.022
2 0.276 0.563 0.015 0.022
2 0.254 0.561 0.014 0.017
2 0.237 0.564 0.02 0.017
2 0.127 0.593 0.042 0.039
2 0.102 0.597 0.017 0.036
2 0.217 0.57 0.032 0.034
2 0.292 0.559 0.014 0.028
2 0.336 0.569 0.03 0.051
2 0.065 0.602 0.065 0.052
4 0.021 0.593 0.042 0.079
2 0.907 0.562 0.185 0.227
