11 0.054 0.305 0.046 0.021
11 0.083 0.281 0.017 0.028
11 0.564 0.146 0.064 0.033
11 0.638 0.098 0.033 0.071
11 0.662 0.187 0.021 0.021
11 0.701 0.218 0.018 0.059
11 0.645 0.217 0.035 0.029
11 0.505 0.166 0.017 0.028
11 0.033 0.356 0.019 0.036
11 0.486 0.289 0.01 0.019
7 0.119 0.268 0.008 0.04
7 0.483 0.185 0.009 0.043
10 0.11 0.267 0.01 0.035
10 0.129 0.268 0.012 0.036
10 0.471 0.185 0.013 0.04
10 0.497 0.189 0.012 0.031
10 0.671 0.261 0.028 0.033
2 0.045 0.501 0.089 0.204
2 0.13 0.457 0.092 0.095
2 0.306 0.434 0.082 0.092
2 0.423 0.412 0.071 0.099
2 0.672 0.463 0.227 0.239
2 0.352 0.407 0.046 0.059
2 0.556 0.402 0.053 0.073
2 0.38 0.405 0.019 0.029
2 0.265 0.431 0.023 0.061
0 0.183 0.431 0.012 0.05
0 0.193 0.431 0.009 0.04
0 0.749 0.349 0.019 0.068
11 0.022 0.332 0.024 0.015
7 0.203 0.333 0.005 0.035
