7 0.373 0.4 0.011 0.034
7 0.507 0.368 0.009 0.028
10 0.501 0.364 0.004 0.037
2 0.764 0.529 0.171 0.139
8 0.501 0.447 0.006 0.028
8 0.543 0.443 0.005 0.018
8 0.566 0.463 0.006 0.018
8 0.578 0.465 0.004 0.017
2 0.874 0.501 0.117 0.075
2 0.56 0.501 0.055 0.045
2 0.904 0.492 0.059 0.087
11 0.54 0.363 0.029 0.019
11 0.606 0.409 0.018 0.014
11 0.614 0.394 0.015 0.008
2 0.397 0.479 0.021 0.032
2 0.468 0.487 0.016 0.018
2 0.483 0.48 0.011 0.021
2 0.499 0.481 0.012 0.018
2 0.419 0.481 0.012 0.019
2 0.439 0.486 0.015 0.017
11 0.29 0.441 0.013 0.01
11 0.323 0.26 0.012 0.023
11 0.325 0.305 0.014 0.02
11 0.323 0.375 0.018 0.007
11 0.319 0.402 0.029 0.035
11 0.039 0.421 0.017 0.023
11 0.046 0.36 0.033 0.012
2 0.524 0.482 0.023 0.026
11 0.069 0.036 0.138 0.073
