2 0.425 0.644 0.079 0.099
2 0.538 0.623 0.046 0.079
2 0.49 0.615 0.006 0.019
2 0.484 0.619 0.008 0.017
2 0.478 0.621 0.012 0.017
2 0.471 0.625 0.008 0.019
2 0.464 0.625 0.008 0.021
3 0.504 0.611 0.025 0.059
0 0.699 0.611 0.01 0.057
0 0.642 0.617 0.01 0.031
2 0.633 0.624 0.028 0.021
0 0.346 0.646 0.007 0.05
0 0.323 0.647 0.008 0.041
7 0.484 0.551 0.003 0.019
7 0.544 0.546 0.003 0.019
10 0.489 0.552 0.005 0.014
10 0.549 0.545 0.004 0.015
2 0.571 0.606 0.026 0.035
11 0.63 0.538 0.007 0.014
11 0.493 0.567 0.024 0.011
10 0.633 0.583 0.006 0.01
0 0.612 0.617 0.007 0.03
