11 0.709 0.264 0.042 0.082
11 0.224 0.276 0.024 0.026
2 0.445 0.439 0.009 0.023
2 0.437 0.442 0.012 0.026
2 0.425 0.44 0.015 0.045
2 0.419 0.449 0.018 0.049
2 0.408 0.449 0.024 0.049
2 0.39 0.45 0.03 0.056
2 0.377 0.462 0.042 0.075
2 0.348 0.476 0.057 0.098
2 0.31 0.491 0.076 0.129
2 0.21 0.525 0.195 0.197
2 0.678 0.456 0.067 0.059
2 0.477 0.441 0.011 0.023
2 0.46 0.443 0.015 0.023
2 0.487 0.446 0.017 0.033
2 0.523 0.459 0.044 0.063
2 0.976 0.545 0.047 0.091
2 0.929 0.763 0.141 0.312
2 0.063 0.586 0.125 0.347
0 0.659 0.475 0.02 0.083
