8 0.453 0.509 0.01 0.012
8 0.488 0.511 0.008 0.012
11 0.684 0.443 0.041 0.062
11 0.505 0.528 0.008 0.014
2 0.45 0.544 0.013 0.027
2 0.435 0.547 0.013 0.028
2 0.423 0.551 0.013 0.032
2 0.406 0.553 0.02 0.052
2 0.368 0.56 0.056 0.092
2 0.316 0.576 0.081 0.107
2 0.255 0.596 0.081 0.137
2 0.178 0.626 0.159 0.204
2 0.521 0.552 0.018 0.043
2 0.535 0.549 0.026 0.046
2 0.542 0.562 0.017 0.048
2 0.559 0.56 0.03 0.044
2 0.616 0.577 0.062 0.096
2 0.579 0.58 0.046 0.069
2 0.744 0.6 0.219 0.242
2 0.47 0.543 0.017 0.016
2 0.495 0.551 0.012 0.018
2 0.072 0.673 0.144 0.266
2 0.895 0.745 0.21 0.375
