11 0.45 0.404 0.021 0.01
11 0.45 0.401 0.025 0.02
11 0.385 0.429 0.061 0.04
11 0.438 0.431 0.047 0.039
11 0.466 0.416 0.007 0.011
11 0.488 0.486 0.008 0.015
11 0.863 0.428 0.016 0.054
11 0.882 0.45 0.037 0.079
2 0.433 0.503 0.014 0.012
2 0.445 0.504 0.01 0.016
2 0.514 0.522 0.012 0.02
2 0.567 0.526 0.014 0.026
2 0.577 0.534 0.015 0.022
2 0.587 0.539 0.021 0.033
2 0.608 0.542 0.041 0.049
2 0.495 0.528 0.027 0.044
2 0.539 0.554 0.065 0.095
2 0.667 0.569 0.055 0.086
2 0.787 0.601 0.234 0.272
11 0.758 0.401 0.036 0.031
11 0.427 0.402 0.023 0.013
