7 0.507 0.398 0.005 0.017
7 0.431 0.403 0.005 0.015
8 0.008 0.217 0.016 0.058
8 0.006 0.363 0.013 0.036
11 0.4 0.407 0.018 0.009
11 0.532 0.402 0.019 0.009
11 0.702 0.38 0.019 0.041
11 0.232 0.4 0.019 0.039
0 0.052 0.479 0.022 0.086
0 0.087 0.484 0.016 0.069
0 0.85 0.488 0.014 0.099
0 0.931 0.495 0.017 0.122
0 0.865 0.492 0.022 0.112
0 0.914 0.503 0.029 0.135
2 0.546 0.476 0.049 0.095
2 0.586 0.483 0.028 0.06
2 0.464 0.499 0.124 0.206
2 0.675 0.511 0.19 0.234
8 0.964 0.117 0.022 0.127
0 0.189 0.476 0.014 0.069
9 0.988 0.114 0.023 0.12
2 0.389 0.46 0.025 0.041
11 0.367 0.434 0.009 0.003
11 0.365 0.423 0.008 0.003
9 0.583 0.406 0.006 0.018
