11 0.647 0.18 0.021 0.035
0 0.247 0.463 0.06 0.267
5 0.582 0.662 0.022 0.055
2 0.058 0.556 0.117 0.35
2 0.14 0.48 0.189 0.243
2 0.281 0.479 0.027 0.106
2 0.299 0.437 0.068 0.128
2 0.335 0.441 0.017 0.068
2 0.344 0.438 0.014 0.05
2 0.355 0.432 0.011 0.045
2 0.365 0.432 0.008 0.029
2 0.823 0.465 0.352 0.636
2 0.663 0.47 0.12 0.26
2 0.453 0.443 0.018 0.068
2 0.453 0.426 0.041 0.094
2 0.429 0.428 0.011 0.038
2 0.422 0.426 0.01 0.028
2 0.395 0.426 0.037 0.042
7 0.362 0.341 0.007 0.017
7 0.44 0.333 0.005 0.017
