7 0.387 0.324 0.011 0.034
7 0.489 0.334 0.007 0.028
7 0.473 0.369 0.011 0.021
7 0.344 0.331 0.013 0.021
10 0.381 0.322 0.011 0.026
0 0.744 0.411 0.022 0.1
0 0.817 0.413 0.028 0.113
0 0.983 0.414 0.032 0.162
2 0.476 0.4 0.013 0.028
2 0.481 0.411 0.014 0.053
2 0.493 0.414 0.024 0.064
2 0.355 0.414 0.017 0.038
0 0.343 0.429 0.024 0.094
0 0.329 0.433 0.025 0.102
2 0.308 0.435 0.049 0.079
2 0.282 0.449 0.053 0.073
2 0.243 0.459 0.079 0.092
2 0.183 0.475 0.104 0.115
2 0.091 0.504 0.18 0.166
2 0.022 0.565 0.041 0.134
2 0.415 0.461 0.138 0.25
3 0.605 0.37 0.211 0.311
2 0.906 0.669 0.187 0.394
