11 0.823 0.114 0.112 0.201
11 0.828 0.239 0.046 0.042
11 0.169 0.372 0.023 0.043
11 0.17 0.399 0.009 0.009
4 0.342 0.451 0.079 0.114
2 0.622 0.456 0.179 0.115
2 0.514 0.439 0.046 0.068
2 0.491 0.436 0.019 0.057
2 0.481 0.439 0.014 0.054
2 0.473 0.439 0.016 0.043
2 0.459 0.443 0.018 0.033
2 0.447 0.442 0.017 0.031
2 0.428 0.437 0.023 0.021
2 0.418 0.435 0.017 0.024
2 0.409 0.433 0.011 0.017
2 0.398 0.429 0.013 0.023
2 0.729 0.408 0.065 0.019
2 0.871 0.406 0.064 0.04
2 0.92 0.402 0.051 0.035
2 0.957 0.395 0.055 0.045
2 0.842 0.389 0.014 0.033
2 0.984 0.383 0.031 0.038
2 0.808 0.401 0.05 0.052
