10 0.84 0.068 0.024 0.1
7 0.816 0.061 0.023 0.1
10 0.793 0.073 0.025 0.097
7 0.978 0.417 0.019 0.036
10 0.962 0.418 0.02 0.041
7 0.149 0.468 0.022 0.045
10 0.171 0.472 0.017 0.041
11 0.152 0.397 0.044 0.016
11 0.162 0.379 0.032 0.023
11 0.687 0.503 0.006 0.018
2 0.593 0.545 0.01 0.02
2 0.574 0.548 0.012 0.014
2 0.61 0.548 0.01 0.014
2 0.62 0.542 0.008 0.016
2 0.633 0.543 0.017 0.032
2 0.54 0.564 0.037 0.097
2 0.445 0.568 0.034 0.059
2 0.428 0.576 0.027 0.063
2 0.388 0.581 0.081 0.088
2 0.495 0.579 0.083 0.124
2 0.68 0.557 0.039 0.05
2 0.771 0.547 0.054 0.059
