11 0.333 0.531 0.013 0.042
11 0.693 0.452 0.021 0.025
11 0.612 0.461 0.018 0.05
7 0.397 0.54 0.006 0.026
10 0.545 0.498 0.007 0.031
7 0.479 0.529 0.003 0.025
10 0.474 0.53 0.006 0.023
2 0.52 0.628 0.022 0.046
2 0.535 0.631 0.04 0.094
2 0.542 0.631 0.023 0.097
2 0.566 0.631 0.058 0.113
2 0.582 0.642 0.046 0.123
2 0.645 0.639 0.141 0.217
2 0.835 0.652 0.318 0.46
2 0.305 0.623 0.013 0.021
2 0.239 0.684 0.132 0.186
2 0.123 0.766 0.246 0.29
2 0.019 0.88 0.038 0.237
2 0.978 0.784 0.041 0.42
2 0.4 0.781 0.301 0.435
