7 0.305 0.164 0.009 0.037
7 0.516 0.2 0.008 0.033
10 0.313 0.165 0.008 0.035
10 0.296 0.171 0.007 0.042
10 0.521 0.202 0.005 0.037
10 0.509 0.202 0.008 0.033
7 0.452 0.27 0.007 0.017
7 0.262 0.287 0.008 0.017
7 0.597 0.279 0.011 0.025
11 0.585 0.254 0.015 0.012
11 0.638 0.215 0.022 0.019
11 0.64 0.24 0.012 0.027
11 0.265 0.252 0.013 0.012
2 0.383 0.326 0.023 0.031
2 0.366 0.327 0.02 0.037
2 0.354 0.327 0.018 0.037
2 0.337 0.331 0.02 0.037
2 0.323 0.335 0.02 0.037
2 0.288 0.332 0.02 0.031
2 0.305 0.341 0.026 0.033
2 0.498 0.31 0.019 0.037
2 0.51 0.311 0.018 0.027
2 0.524 0.318 0.023 0.029
2 0.542 0.328 0.039 0.035
2 0.423 0.312 0.028 0.025
2 0.475 0.314 0.014 0.029
2 0.453 0.315 0.029 0.044
2 0.212 0.346 0.057 0.085
2 0.101 0.359 0.036 0.081
2 0.023 0.4 0.046 0.119
2 0.153 0.367 0.073 0.085
2 0.433 0.289 0.023 0.021
