11 0.631 0.353 0.027 0.014
11 0.659 0.393 0.02 0.03
11 0.658 0.418 0.01 0.009
11 0.517 0.385 0.018 0.037
11 0.519 0.418 0.009 0.012
11 0.629 0.383 0.048 0.048
11 0.277 0.203 0.048 0.082
11 0.273 0.077 0.1 0.151
2 0.543 0.486 0.021 0.044
2 0.555 0.476 0.01 0.018
2 0.519 0.498 0.032 0.059
2 0.507 0.474 0.021 0.025
4 0.617 0.455 0.026 0.036
2 0.638 0.489 0.03 0.062
2 0.478 0.51 0.073 0.099
2 0.593 0.547 0.109 0.163
2 0.878 0.601 0.244 0.243
11 0.719 0.426 0.013 0.039
2 0.023 0.479 0.046 0.036
2 0.161 0.479 0.034 0.029
