7 0.353 0.204 0.008 0.049
7 0.509 0.183 0.011 0.047
7 0.696 0.252 0.011 0.017
8 0.724 0.156 0.011 0.034
8 0.883 0.156 0.011 0.038
11 0.171 0.293 0.014 0.031
11 0.597 0.246 0.011 0.036
11 0.616 0.243 0.028 0.047
11 0.654 0.234 0.018 0.032
2 0.485 0.355 0.03 0.032
2 0.457 0.387 0.035 0.07
2 0.141 0.411 0.088 0.087
2 0.079 0.418 0.156 0.098
2 0.048 0.45 0.094 0.094
2 0.835 0.383 0.211 0.177
2 0.532 0.405 0.094 0.141
2 0.383 0.513 0.22 0.318
2 0.983 0.33 0.032 0.066
2 0.97 0.433 0.058 0.132
11 0.441 0.303 0.01 0.024
11 0.276 0.316 0.008 0.012
