11 0.379 0.038 0.049 0.075
11 0.436 0.035 0.053 0.069
11 0.953 0.256 0.029 0.047
11 0.952 0.305 0.031 0.055
11 0.581 0.407 0.013 0.01
9 0.568 0.405 0.008 0.016
6 0.215 0.507 0.023 0.051
2 0.442 0.481 0.014 0.031
2 0.429 0.481 0.017 0.035
2 0.406 0.485 0.017 0.043
2 0.52 0.465 0.013 0.018
2 0.617 0.471 0.012 0.031
2 0.635 0.47 0.025 0.049
2 0.649 0.473 0.022 0.055
2 0.663 0.476 0.034 0.057
2 0.682 0.479 0.05 0.055
2 0.727 0.49 0.048 0.086
2 0.78 0.498 0.103 0.102
2 0.142 0.527 0.109 0.102
2 0.047 0.534 0.091 0.163
2 0.912 0.519 0.174 0.165
2 0.378 0.492 0.044 0.051
