7 0.5 0.411 0.007 0.023
7 0.551 0.415 0.008 0.019
7 0.473 0.428 0.007 0.021
11 0.464 0.408 0.009 0.019
2 0.559 0.449 0.018 0.026
2 0.573 0.453 0.017 0.028
2 0.589 0.455 0.02 0.023
2 0.603 0.463 0.018 0.03
2 0.62 0.467 0.021 0.028
2 0.638 0.469 0.033 0.052
2 0.667 0.476 0.041 0.061
2 0.696 0.487 0.042 0.077
2 0.722 0.493 0.049 0.089
2 0.741 0.5 0.042 0.098
2 0.778 0.509 0.053 0.108
2 0.833 0.511 0.095 0.141
2 0.921 0.557 0.141 0.185
2 0.454 0.454 0.017 0.035
2 0.438 0.455 0.016 0.037
2 0.421 0.462 0.025 0.033
2 0.399 0.466 0.028 0.035
2 0.379 0.469 0.029 0.037
2 0.359 0.47 0.028 0.045
2 0.339 0.469 0.026 0.047
2 0.309 0.462 0.047 0.07
2 0.267 0.48 0.059 0.087
2 0.207 0.487 0.09 0.101
2 0.99 0.576 0.02 0.143
2 0.09 0.491 0.163 0.134
2 0.484 0.453 0.018 0.028
2 0.529 0.466 0.045 0.077
