2 0.467 0.507 0.366 0.527
2 0.889 0.51 0.217 0.323
2 0.661 0.436 0.067 0.087
2 0.217 0.445 0.074 0.092
2 0.277 0.445 0.027 0.049
8 0.106 0.187 0.014 0.061
8 0.05 0.373 0.025 0.034
8 0.577 0.082 0.015 0.08
8 0.675 0.343 0.01 0.019
10 0.094 0.188 0.014 0.049
10 0.122 0.186 0.011 0.058
10 0.557 0.084 0.014 0.078
10 0.594 0.085 0.008 0.075
10 0.922 0.266 0.026 0.049
10 0.656 0.345 0.008 0.041
11 0.012 0.313 0.025 0.019
11 0.89 0.105 0.044 0.063
11 0.911 0.156 0.051 0.034
11 0.913 0.192 0.034 0.027
11 0.873 0.23 0.02 0.027
