10 0.177 0.294 0.008 0.034
10 0.253 0.332 0.005 0.023
10 0.466 0.347 0.005 0.02
10 0.421 0.362 0.006 0.018
10 0.567 0.285 0.009 0.024
10 0.665 0.347 0.005 0.019
10 0.377 0.283 0.008 0.031
11 0.253 0.281 0.018 0.01
11 0.247 0.302 0.012 0.011
11 0.325 0.278 0.012 0.015
11 0.325 0.349 0.008 0.018
11 0.369 0.366 0.008 0.014
11 0.689 0.299 0.021 0.034
2 0.366 0.395 0.029 0.033
2 0.435 0.422 0.05 0.068
4 0.401 0.376 0.029 0.063
2 0.628 0.416 0.016 0.08
0 0.634 0.392 0.009 0.03
0 0.66 0.392 0.009 0.027
2 0.68 0.423 0.063 0.071
2 0.748 0.435 0.096 0.084
2 0.317 0.393 0.017 0.06
2 0.299 0.402 0.039 0.082
2 0.265 0.402 0.054 0.103
2 0.21 0.404 0.096 0.114
2 0.141 0.431 0.154 0.158
2 0.539 0.437 0.174 0.283
2 0.852 0.458 0.158 0.126
