11 0.333 0.321 0.031 0.057
11 0.631 0.297 0.011 0.014
11 0.561 0.308 0.01 0.014
2 0.092 0.57 0.185 0.54
2 0.239 0.368 0.039 0.02
2 0.585 0.329 0.013 0.014
2 0.623 0.338 0.014 0.023
2 0.603 0.342 0.013 0.033
2 0.556 0.341 0.011 0.018
2 0.542 0.34 0.016 0.019
2 0.529 0.338 0.01 0.015
2 0.518 0.338 0.011 0.014
2 0.592 0.355 0.009 0.026
2 0.571 0.358 0.035 0.041
2 0.509 0.364 0.012 0.023
2 0.496 0.363 0.016 0.022
2 0.475 0.364 0.024 0.026
2 0.438 0.375 0.044 0.057
2 0.407 0.401 0.055 0.083
2 0.314 0.456 0.143 0.16
2 0.546 0.567 0.281 0.381
