2 0.437 0.48 0.019 0.031
2 0.406 0.484 0.02 0.036
2 0.382 0.485 0.028 0.049
2 0.283 0.501 0.079 0.135
2 0.491 0.488 0.018 0.033
2 0.467 0.494 0.033 0.052
2 0.569 0.514 0.03 0.05
2 0.586 0.508 0.01 0.031
2 0.613 0.515 0.044 0.059
2 0.536 0.504 0.047 0.087
2 0.847 0.593 0.141 0.125
2 0.946 0.597 0.098 0.165
2 0.991 0.789 0.017 0.253
0 0.742 0.527 0.01 0.049
0 0.727 0.522 0.01 0.043
0 0.662 0.511 0.009 0.038
0 0.165 0.49 0.021 0.068
0 0.096 0.449 0.016 0.045
0 0.078 0.472 0.018 0.092
10 0.116 0.385 0.017 0.028
10 0.333 0.308 0.01 0.042
10 0.304 0.302 0.008 0.036
7 0.345 0.31 0.008 0.031
7 0.13 0.327 0.012 0.061
10 0.183 0.298 0.012 0.035
7 0.579 0.377 0.006 0.026
11 0.834 0.364 0.027 0.017
11 0.837 0.345 0.011 0.021
11 0.831 0.458 0.04 0.047
11 0.834 0.405 0.014 0.043
11 0.891 0.432 0.014 0.043
11 0.685 0.427 0.014 0.016
11 0.292 0.334 0.036 0.019
11 0.265 0.332 0.013 0.033
11 0.135 0.335 0.033 0.019
11 0.142 0.383 0.016 0.017
7 0.441 0.438 0.005 0.016
7 0.51 0.445 0.004 0.019
7 0.263 0.387 0.008 0.04
8 0.25 0.42 0.011 0.023
11 0.646 0.392 0.019 0.028
8 0.695 0.471 0.013 0.021
