11 0.018 0.477 0.035 0.027
11 0.439 0.457 0.015 0.029
11 0.834 0.266 0.026 0.076
11 0.834 0.366 0.053 0.078
11 0.763 0.449 0.032 0.061
11 0.81 0.431 0.016 0.029
11 0.742 0.47 0.021 0.031
11 0.653 0.469 0.021 0.016
10 0.182 0.195 0.011 0.074
10 0.217 0.192 0.015 0.085
10 0.231 0.477 0.023 0.04
10 0.583 0.24 0.02 0.07
10 0.829 0.432 0.011 0.036
7 0.198 0.193 0.02 0.087
7 0.6 0.238 0.015 0.074
2 0.982 0.493 0.035 0.083
2 0.705 0.54 0.018 0.045
4 0.588 0.517 0.025 0.029
2 0.578 0.53 0.032 0.031
2 0.55 0.555 0.05 0.09
2 0.43 0.543 0.018 0.025
2 0.418 0.56 0.023 0.054
2 0.736 0.554 0.066 0.092
2 0.623 0.521 0.018 0.022
2 0.639 0.521 0.014 0.018
2 0.488 0.612 0.145 0.195
2 0.37 0.568 0.091 0.103
