2 0.022 0.535 0.044 0.058
2 0.039 0.511 0.042 0.03
2 0.164 0.677 0.327 0.368
11 0.191 0.36 0.019 0.052
11 0.191 0.412 0.022 0.041
11 0.362 0.513 0.008 0.019
11 0.363 0.5 0.011 0.011
11 0.496 0.502 0.027 0.03
11 0.429 0.5 0.019 0.037
11 0.889 0.29 0.036 0.067
2 0.95 0.568 0.088 0.077
11 0.894 0.351 0.033 0.047
11 0.74 0.384 0.103 0.105
11 0.621 0.442 0.046 0.067
0 0.515 0.557 0.015 0.062
2 0.458 0.552 0.015 0.021
2 0.478 0.555 0.025 0.028
0 0.84 0.544 0.024 0.062
0 0.866 0.546 0.023 0.062
11 0.089 0.132 0.016 0.05
11 0.697 0.517 0.018 0.027
11 0.503 0.552 0.009 0.022
2 0.797 0.543 0.029 0.032
