7 0.541 0.188 0.018 0.094
10 0.564 0.187 0.02 0.092
8 0.76 0.424 0.016 0.041
11 0.748 0.352 0.044 0.035
11 0.566 0.448 0.021 0.043
7 0.318 0.468 0.008 0.02
7 0.434 0.466 0.007 0.024
7 0.359 0.497 0.01 0.014
7 0.424 0.492 0.008 0.02
7 0.444 0.494 0.008 0.016
2 0.416 0.535 0.033 0.045
2 0.486 0.537 0.028 0.037
2 0.518 0.541 0.04 0.061
2 0.35 0.529 0.014 0.041
2 0.338 0.531 0.011 0.041
2 0.242 0.535 0.028 0.045
2 0.218 0.537 0.042 0.037
2 0.381 0.552 0.063 0.088
2 0.083 0.548 0.124 0.1
2 0.455 0.543 0.042 0.057
2 0.588 0.549 0.083 0.106
0 0.651 0.544 0.013 0.075
0 0.642 0.541 0.009 0.075
11 0.657 0.245 0.088 0.039
7 0.615 0.507 0.018 0.035
