11 0.657 0.161 0.038 0.074
11 0.654 0.238 0.038 0.076
11 0.591 0.222 0.012 0.027
11 0.592 0.257 0.01 0.023
11 0.56 0.239 0.014 0.025
11 0.561 0.264 0.012 0.025
11 0.55 0.269 0.012 0.014
11 0.423 0.269 0.01 0.014
11 0.44 0.285 0.009 0.012
11 0.478 0.285 0.007 0.016
7 0.737 0.186 0.041 0.039
0 0.277 0.311 0.019 0.076
0 0.453 0.3 0.006 0.019
0 0.459 0.298 0.008 0.019
0 0.677 0.291 0.01 0.041
0 0.688 0.295 0.008 0.033
0 0.697 0.298 0.009 0.039
0 0.664 0.3 0.006 0.019
6 0.655 0.321 0.016 0.047
6 0.641 0.313 0.007 0.037
6 0.629 0.308 0.015 0.047
6 0.603 0.307 0.01 0.029
6 0.584 0.306 0.013 0.023
6 0.569 0.307 0.014 0.025
6 0.387 0.318 0.02 0.029
2 0.524 0.31 0.024 0.035
2 0.484 0.313 0.019 0.025
2 0.44 0.316 0.043 0.035
2 0.469 0.312 0.013 0.023
2 0.506 0.309 0.012 0.025
11 0.531 0.279 0.009 0.01
10 0.485 0.213 0.012 0.014
10 0.407 0.202 0.013 0.012
