11 0.588 0.013 0.08 0.026
11 0.604 0.233 0.035 0.103
7 0.323 0.262 0.008 0.052
7 0.367 0.244 0.023 0.019
7 0.431 0.246 0.02 0.015
7 0.721 0.24 0.007 0.043
2 0.712 0.333 0.014 0.016
11 0.728 0.307 0.006 0.017
11 0.738 0.302 0.011 0.03
0 0.744 0.391 0.028 0.125
0 0.655 0.403 0.034 0.136
11 0.374 0.31 0.01 0.022
11 0.312 0.311 0.017 0.047
4 0.439 0.327 0.028 0.037
4 0.524 0.336 0.027 0.062
2 0.555 0.341 0.035 0.017
2 0.549 0.383 0.045 0.067
2 0.439 0.355 0.023 0.015
2 0.424 0.355 0.023 0.014
2 0.412 0.391 0.031 0.059
2 0.386 0.352 0.02 0.006
2 0.38 0.371 0.027 0.031
2 0.365 0.361 0.009 0.011
2 0.342 0.362 0.021 0.01
2 0.358 0.37 0.018 0.013
2 0.334 0.371 0.022 0.011
2 0.315 0.382 0.019 0.018
2 0.462 0.352 0.023 0.013
11 0.494 0.322 0.011 0.009
11 0.495 0.34 0.011 0.01
2 0.346 0.436 0.115 0.125
2 0.462 0.44 0.11 0.163
4 0.162 0.312 0.283 0.38
2 0.04 0.628 0.08 0.247
10 0.752 0.208 0.016 0.068
7 0.558 0.304 0.013 0.034
