7 0.422 0.393 0.007 0.011
7 0.448 0.393 0.006 0.01
7 0.432 0.406 0.007 0.008
7 0.459 0.408 0.006 0.008
8 0.755 0.362 0.013 0.047
8 0.131 0.407 0.018 0.021
8 0.779 0.404 0.016 0.024
8 0.754 0.057 0.022 0.083
10 0.226 0.207 0.013 0.054
10 0.211 0.238 0.024 0.042
8 0.21 0.196 0.018 0.037
10 0.757 0.324 0.011 0.029
10 0.774 0.084 0.03 0.134
10 0.77 0.008 0.037 0.015
10 0.737 0.063 0.012 0.076
11 0.169 0.281 0.027 0.036
11 0.177 0.233 0.044 0.025
11 0.407 0.392 0.012 0.008
11 0.52 0.414 0.008 0.019
11 0.558 0.376 0.009 0.017
11 0.769 0.264 0.021 0.042
11 0.943 0.019 0.114 0.038
10 0.149 0.407 0.004 0.015
10 0.763 0.403 0.004 0.015
11 0.474 0.415 0.005 0.011
11 0.467 0.418 0.004 0.011
2 0.059 0.491 0.119 0.093
2 0.348 0.457 0.024 0.028
2 0.449 0.425 0.009 0.007
2 0.43 0.426 0.009 0.01
2 0.438 0.429 0.009 0.012
2 0.438 0.47 0.042 0.044
2 0.369 0.475 0.044 0.044
2 0.506 0.469 0.037 0.046
0 0.175 0.473 0.014 0.061
0 0.322 0.457 0.009 0.042
0 0.314 0.455 0.009 0.049
0 0.544 0.453 0.008 0.04
0 0.6 0.455 0.01 0.05
0 0.747 0.482 0.019 0.08
3 0.966 0.464 0.067 0.141
3 0.947 0.455 0.104 0.155
