7 0.482 0.431 0.007 0.021
11 0.676 0.366 0.016 0.047
11 0.039 0.27 0.034 0.082
11 0.029 0.137 0.034 0.052
7 0.01 0.296 0.02 0.043
8 0.977 0.314 0.017 0.039
11 0.97 0.184 0.032 0.035
7 0.442 0.467 0.007 0.019
7 0.538 0.44 0.008 0.021
2 0.47 0.505 0.013 0.033
2 0.461 0.502 0.016 0.039
2 0.449 0.508 0.016 0.039
2 0.431 0.491 0.027 0.072
2 0.411 0.488 0.022 0.07
2 0.539 0.508 0.022 0.031
2 0.563 0.506 0.029 0.047
2 0.655 0.499 0.017 0.041
2 0.354 0.482 0.103 0.107
2 0.502 0.507 0.023 0.033
2 0.616 0.491 0.072 0.089
