0 0.733 0.615 0.038 0.134
0 0.904 0.622 0.037 0.143
0 0.968 0.628 0.02 0.103
0 0.46 0.603 0.042 0.26
0 0.471 0.604 0.015 0.2
0 0.485 0.607 0.009 0.197
0 0.88 0.631 0.018 0.109
0 0.994 0.637 0.011 0.118
11 0.433 0.306 0.039 0.061
11 0.43 0.218 0.037 0.085
11 0.053 0.289 0.024 0.054
11 0.048 0.346 0.04 0.079
11 0.539 0.516 0.013 0.019
11 0.539 0.529 0.01 0.008
11 0.555 0.406 0.007 0.022
11 0.569 0.405 0.016 0.024
11 0.823 0.473 0.02 0.015
11 0.826 0.494 0.022 0.01
11 0.799 0.457 0.017 0.011
8 0.594 0.41 0.007 0.035
8 0.778 0.398 0.009 0.044
8 0.444 0.511 0.012 0.024
10 0.583 0.409 0.008 0.036
10 0.766 0.401 0.011 0.04
10 0.708 0.518 0.009 0.026
10 0.747 0.535 0.009 0.011
10 0.822 0.541 0.009 0.017
10 0.942 0.559 0.005 0.015
10 0.841 0.545 0.012 0.021
10 0.79 0.486 0.005 0.024
10 0.78 0.484 0.01 0.024
10 0.438 0.419 0.013 0.047
11 0.459 0.402 0.016 0.036
11 0.453 0.429 0.02 0.018
11 0.451 0.453 0.02 0.01
2 0.399 0.587 0.03 0.043
2 0.598 0.597 0.03 0.043
2 0.57 0.595 0.019 0.036
0 0.553 0.6 0.012 0.039
0 0.571 0.599 0.011 0.046
0 0.699 0.609 0.012 0.037
2 0.86 0.618 0.054 0.071
0 0.538 0.599 0.011 0.044
0 0.53 0.595 0.009 0.04
11 0.935 0.532 0.023 0.012
0 0.764 0.61 0.013 0.035
2 0.987 0.606 0.017 0.059
