7 0.421 0.335 0.012 0.047
7 0.422 0.388 0.009 0.028
7 0.541 0.374 0.007 0.038
7 0.651 0.449 0.007 0.013
10 0.548 0.371 0.007 0.03
10 0.516 0.451 0.004 0.014
10 0.47 0.441 0.003 0.009
11 0.663 0.378 0.026 0.018
11 0.729 0.331 0.022 0.038
11 0.731 0.356 0.035 0.017
11 0.733 0.48 0.024 0.032
11 0.763 0.47 0.017 0.022
11 0.39 0.449 0.012 0.018
11 0.422 0.46 0.016 0.013
11 0.39 0.467 0.012 0.02
11 0.31 0.459 0.019 0.034
11 0.227 0.384 0.082 0.104
10 0.056 0.332 0.012 0.049
11 0.595 0.461 0.016 0.014
11 0.56 0.476 0.012 0.013
2 0.508 0.499 0.004 0.013
2 0.513 0.499 0.007 0.016
2 0.52 0.503 0.009 0.02
2 0.439 0.506 0.019 0.033
2 0.376 0.508 0.022 0.027
2 0.347 0.507 0.033 0.038
2 0.324 0.498 0.024 0.038
4 0.369 0.483 0.027 0.026
4 0.097 0.447 0.194 0.171
4 0.242 0.475 0.066 0.039
2 0.411 0.535 0.072 0.094
2 0.49 0.502 0.01 0.014
2 0.533 0.499 0.015 0.027
11 0.643 0.437 0.016 0.012
