11 0.465 0.36 0.016 0.007
11 0.395 0.346 0.014 0.004
11 0.356 0.327 0.014 0.016
11 0.354 0.404 0.01 0.013
11 0.947 0.426 0.01 0.007
11 0.959 0.436 0.014 0.022
11 0.356 0.344 0.015 0.012
2 0.482 0.443 0.015 0.029
4 0.506 0.432 0.02 0.043
2 0.511 0.445 0.019 0.031
2 0.564 0.439 0.03 0.038
2 0.542 0.454 0.038 0.063
2 0.371 0.445 0.03 0.036
2 0.409 0.454 0.034 0.045
0 0.15 0.452 0.015 0.083
0 0.127 0.442 0.025 0.112
0 0.075 0.439 0.029 0.128
0 0.043 0.432 0.03 0.128
0 0.011 0.459 0.023 0.123
5 0.117 0.486 0.054 0.083
11 0.353 0.37 0.006 0.024
0 0.276 0.436 0.016 0.07
0 0.332 0.438 0.006 0.038
0 0.322 0.426 0.005 0.022
0 0.316 0.432 0.005 0.027
0 0.308 0.428 0.006 0.031
0 0.299 0.438 0.006 0.043
3 0.765 0.379 0.362 0.543
2 0.96 0.521 0.056 0.072
8 0.488 0.356 0.007 0.022
8 0.449 0.367 0.008 0.018
8 0.42 0.355 0.007 0.02
11 0.393 0.388 0.003 0.02
