11 0.287 0.265 0.024 0.01
11 0.277 0.305 0.018 0.011
11 0.644 0.338 0.015 0.007
11 0.592 0.35 0.008 0.006
11 0.587 0.381 0.024 0.022
11 0.496 0.41 0.006 0.012
11 0.324 0.358 0.012 0.007
11 0.331 0.341 0.015 0.007
11 0.326 0.37 0.007 0.009
10 0.275 0.37 0.023 0.026
11 0.28 0.347 0.009 0.011
10 0.323 0.394 0.006 0.01
10 0.407 0.299 0.004 0.02
10 0.595 0.282 0.007 0.027
7 0.518 0.299 0.006 0.026
10 0.514 0.298 0.004 0.026
0 0.336 0.437 0.004 0.026
0 0.347 0.439 0.006 0.025
2 0.415 0.443 0.008 0.01
2 0.396 0.444 0.005 0.019
2 0.39 0.443 0.009 0.027
2 0.379 0.445 0.028 0.037
2 0.491 0.447 0.012 0.035
2 0.59 0.473 0.046 0.072
2 0.646 0.477 0.091 0.107
2 0.723 0.504 0.147 0.132
2 0.317 0.477 0.028 0.085
2 0.249 0.481 0.142 0.186
2 0.119 0.55 0.235 0.261
2 0.01 0.68 0.021 0.167
2 0.474 0.446 0.018 0.021
3 0.434 0.441 0.007 0.014
10 0.647 0.393 0.018 0.017
11 0.643 0.367 0.011 0.011
2 0.366 0.454 0.033 0.041
2 0.514 0.448 0.034 0.056
2 0.886 0.562 0.227 0.237
10 0.592 0.404 0.01 0.021
8 0.449 0.39 0.007 0.014
8 0.439 0.413 0.007 0.012
8 0.479 0.426 0.008 0.017
