2 0.495 0.546 0.014 0.025
2 0.485 0.546 0.019 0.029
2 0.471 0.536 0.013 0.012
2 0.45 0.538 0.012 0.021
2 0.444 0.536 0.009 0.016
2 0.461 0.534 0.013 0.012
2 0.534 0.543 0.012 0.01
2 0.538 0.556 0.02 0.027
2 0.552 0.556 0.013 0.024
2 0.571 0.563 0.029 0.041
2 0.601 0.577 0.044 0.058
2 0.709 0.623 0.153 0.165
2 0.429 0.525 0.013 0.014
2 0.414 0.522 0.016 0.021
2 0.392 0.524 0.031 0.033
2 0.517 0.536 0.012 0.016
2 0.512 0.547 0.016 0.023
2 0.464 0.573 0.051 0.074
7 0.533 0.444 0.008 0.027
7 0.541 0.49 0.007 0.016
2 0.498 0.532 0.009 0.012
11 0.882 0.353 0.026 0.049
10 0.417 0.39 0.012 0.037
7 0.324 0.49 0.008 0.023
11 0.408 0.497 0.008 0.021
11 0.385 0.482 0.008 0.019
7 0.595 0.513 0.007 0.016
7 0.453 0.485 0.008 0.016
7 0.524 0.489 0.006 0.016
