2 0.673 0.428 0.024 0.045
2 0.649 0.423 0.015 0.021
2 0.638 0.421 0.017 0.026
2 0.607 0.43 0.018 0.04
2 0.593 0.431 0.026 0.042
2 0.533 0.43 0.046 0.063
2 0.492 0.425 0.044 0.082
2 0.451 0.428 0.062 0.087
0 0.685 0.425 0.022 0.105
0 0.567 0.402 0.015 0.045
0 0.769 0.41 0.021 0.075
11 0.273 0.311 0.034 0.077
11 0.555 0.391 0.017 0.028
11 0.045 0.252 0.04 0.03
11 0.828 0.267 0.025 0.033
11 0.843 0.115 0.04 0.028
11 0.82 0.178 0.053 0.037
11 0.762 0.327 0.03 0.054
2 0.383 0.437 0.104 0.105
2 0.733 0.432 0.098 0.129
2 0.631 0.427 0.021 0.028
