7 0.412 0.421 0.005 0.017
7 0.445 0.417 0.006 0.019
7 0.464 0.423 0.005 0.017
7 0.434 0.428 0.004 0.014
2 0.76 0.473 0.055 0.062
0 0.723 0.484 0.016 0.038
0 0.91 0.471 0.018 0.057
2 0.461 0.472 0.021 0.026
2 0.815 0.471 0.056 0.059
2 0.961 0.477 0.031 0.059
2 0.03 0.492 0.06 0.177
2 0.063 0.487 0.076 0.128
4 0.079 0.431 0.096 0.199
2 0.157 0.464 0.054 0.075
4 0.247 0.442 0.051 0.073
4 0.284 0.451 0.02 0.052
2 0.315 0.462 0.019 0.026
2 0.332 0.464 0.015 0.028
2 0.386 0.465 0.013 0.016
2 0.391 0.458 0.015 0.017
2 0.431 0.455 0.016 0.016
0 0.56 0.469 0.01 0.029
