7 0.281 0.022 0.027 0.044
11 0.085 0.033 0.034 0.066
11 0.061 0.131 0.029 0.021
11 0.093 0.119 0.013 0.027
11 0.172 0.041 0.031 0.058
11 0.315 0.102 0.019 0.021
11 0.883 0.228 0.036 0.023
11 0.887 0.276 0.021 0.022
7 0.672 0.128 0.014 0.058
2 0.289 0.393 0.047 0.134
2 0.194 0.405 0.199 0.281
2 0.857 0.372 0.213 0.113
7 0.907 0.319 0.012 0.029
2 0.086 0.471 0.171 0.571
2 0.829 0.507 0.338 0.331
2 0.481 0.457 0.379 0.667
3 0.697 0.319 0.126 0.288
0 0.994 0.413 0.01 0.053
0 0.977 0.407 0.012 0.04
0 0.962 0.398 0.009 0.023
10 0.894 0.315 0.015 0.031
