11 0.539 0.371 0.014 0.043
11 0.416 0.361 0.013 0.028
2 0.339 0.344 0.014 0.023
2 0.29 0.337 0.014 0.017
2 0.273 0.338 0.019 0.011
2 0.277 0.354 0.011 0.026
2 0.269 0.361 0.02 0.019
2 0.259 0.371 0.019 0.017
2 0.25 0.392 0.037 0.034
2 0.232 0.411 0.03 0.045
2 0.195 0.437 0.067 0.081
2 0.05 0.495 0.1 0.188
2 0.35 0.355 0.019 0.023
2 0.358 0.373 0.024 0.021
2 0.37 0.395 0.03 0.038
2 0.391 0.427 0.055 0.06
2 0.414 0.468 0.049 0.07
2 0.439 0.479 0.047 0.087
2 0.488 0.493 0.098 0.175
2 0.616 0.523 0.238 0.264
2 0.832 0.659 0.332 0.414
