7 0.452 0.369 0.014 0.051
7 0.299 0.402 0.015 0.049
10 0.311 0.4 0.011 0.046
10 0.463 0.373 0.01 0.049
7 0.215 0.535 0.014 0.024
9 0.624 0.461 0.012 0.032
7 0.406 0.547 0.01 0.019
7 0.46 0.54 0.011 0.019
11 0.265 0.425 0.056 0.045
11 0.519 0.371 0.059 0.036
11 0.618 0.343 0.02 0.019
11 0.609 0.371 0.034 0.022
11 0.611 0.424 0.026 0.063
11 0.232 0.465 0.025 0.019
11 0.232 0.493 0.018 0.041
11 0.568 0.499 0.014 0.019
11 0.568 0.513 0.011 0.019
11 0.57 0.468 0.011 0.017
11 0.219 0.434 0.02 0.022
2 0.417 0.589 0.019 0.024
2 0.406 0.59 0.012 0.022
2 0.395 0.591 0.015 0.029
2 0.366 0.586 0.046 0.058
2 0.295 0.592 0.097 0.124
2 0.108 0.632 0.214 0.321
2 0.428 0.58 0.012 0.022
2 0.438 0.58 0.014 0.022
2 0.47 0.581 0.023 0.029
2 0.452 0.584 0.014 0.034
0 0.53 0.557 0.008 0.022
0 0.538 0.572 0.008 0.041
0 0.544 0.568 0.008 0.044
0 0.55 0.572 0.01 0.046
0 0.559 0.566 0.014 0.068
0 0.581 0.56 0.01 0.056
0 0.589 0.561 0.012 0.058
0 0.599 0.557 0.012 0.056
0 0.613 0.55 0.012 0.061
0 0.64 0.555 0.012 0.066
0 0.647 0.554 0.014 0.063
0 0.655 0.554 0.012 0.063
0 0.666 0.546 0.01 0.053
0 0.673 0.549 0.011 0.058
0 0.682 0.55 0.015 0.066
0 0.7 0.552 0.015 0.056
0 0.76 0.512 0.015 0.024
0 0.78 0.506 0.014 0.022
