2 0.448 0.562 0.007 0.021
2 0.459 0.56 0.01 0.016
2 0.427 0.554 0.03 0.042
2 0.418 0.563 0.03 0.051
4 0.485 0.55 0.025 0.054
2 0.365 0.593 0.049 0.138
2 0.3 0.591 0.131 0.235
2 0.601 0.6 0.105 0.166
2 0.679 0.636 0.186 0.22
2 0.408 0.577 0.031 0.04
2 0.508 0.561 0.047 0.064
2 0.786 0.631 0.195 0.315
2 0.148 0.618 0.295 0.345
6 0.049 0.689 0.097 0.231
11 0.37 0.382 0.008 0.04
11 0.498 0.402 0.008 0.033
11 0.61 0.504 0.01 0.021
2 0.363 0.386 0.007 0.037
11 0.252 0.422 0.022 0.03
11 0.625 0.437 0.022 0.019
11 0.687 0.347 0.026 0.016
11 0.542 0.506 0.01 0.016
10 0.689 0.434 0.03 0.035
5 0.54 0.585 0.021 0.028
2 0.843 0.614 0.312 0.294
