2 0.065 0.584 0.131 0.207
2 0.222 0.541 0.055 0.064
2 0.961 0.417 0.077 0.091
2 0.523 0.476 0.075 0.079
2 0.466 0.498 0.047 0.053
2 0.435 0.505 0.037 0.05
2 0.185 0.546 0.028 0.042
2 0.255 0.527 0.043 0.054
2 0.288 0.526 0.031 0.04
2 0.309 0.516 0.02 0.025
2 0.32 0.51 0.012 0.017
2 0.331 0.505 0.011 0.021
2 0.34 0.505 0.007 0.018
2 0.359 0.499 0.012 0.014
2 0.366 0.496 0.008 0.012
2 0.345 0.5 0.005 0.012
10 0.384 0.022 0.028 0.042
10 0.414 0.022 0.024 0.042
10 0.981 0.109 0.037 0.118
8 0.507 0.408 0.015 0.026
