2 0.105 0.567 0.211 0.225
2 0.277 0.499 0.111 0.118
2 0.727 0.477 0.153 0.185
2 0.578 0.419 0.02 0.029
2 0.543 0.412 0.01 0.021
2 0.472 0.441 0.03 0.029
2 0.508 0.418 0.017 0.028
2 0.56 0.413 0.013 0.023
2 0.652 0.463 0.051 0.135
2 0.625 0.433 0.044 0.09
2 0.522 0.412 0.012 0.019
11 0.872 0.133 0.032 0.066
11 0.895 0.192 0.036 0.045
7 0.439 0.341 0.007 0.031
7 0.574 0.333 0.006 0.031
10 0.446 0.34 0.007 0.028
10 0.58 0.328 0.008 0.04
11 0.393 0.377 0.017 0.015
11 0.428 0.375 0.013 0.011
11 0.64 0.351 0.017 0.011
11 0.645 0.337 0.015 0.015
7 0.428 0.401 0.009 0.022
7 0.629 0.382 0.008 0.011
11 0.62 0.369 0.014 0.015
8 0.582 0.388 0.007 0.019
8 0.565 0.376 0.006 0.021
8 0.517 0.381 0.007 0.015
8 0.491 0.405 0.009 0.015
