2 0.284 0.32 0.006 0.017
2 0.265 0.338 0.019 0.023
2 0.279 0.333 0.006 0.011
2 0.251 0.34 0.019 0.04
2 0.471 0.38 0.028 0.022
2 0.223 0.338 0.039 0.064
2 0.015 0.36 0.029 0.043
11 0.206 0.262 0.009 0.019
11 0.328 0.307 0.006 0.011
11 0.131 0.233 0.01 0.013
11 0.057 0.217 0.01 0.026
7 0.243 0.044 0.011 0.069
7 0.374 0.039 0.014 0.078
10 0.465 0.017 0.029 0.031
10 0.448 0.262 0.016 0.041
11 0.372 0.246 0.006 0.017
11 0.371 0.261 0.009 0.014
11 0.829 0.255 0.021 0.024
11 0.478 0.35 0.011 0.009
2 0.767 0.403 0.156 0.126
2 0.982 0.458 0.031 0.224
2 0.299 0.316 0.009 0.013
