7 0.466 0.201 0.006 0.036
7 0.321 0.149 0.011 0.046
10 0.31 0.151 0.009 0.032
10 0.365 0.182 0.011 0.034
11 0.586 0.241 0.019 0.016
11 0.552 0.283 0.011 0.014
11 0.557 0.273 0.01 0.013
11 0.277 0.248 0.018 0.027
11 0.277 0.278 0.014 0.021
11 0.756 0.212 0.022 0.055
11 0.762 0.172 0.027 0.021
11 0.769 0.077 0.024 0.032
8 0.778 0.267 0.016 0.029
10 0.312 0.251 0.011 0.032
2 0.346 0.35 0.054 0.113
2 0.235 0.356 0.041 0.064
2 0.17 0.352 0.086 0.134
2 0.303 0.374 0.097 0.132
2 0.11 0.49 0.219 0.484
2 0.508 0.376 0.04 0.075
2 0.709 0.369 0.077 0.043
2 0.766 0.375 0.078 0.059
2 0.81 0.381 0.074 0.072
2 0.848 0.385 0.093 0.075
2 0.947 0.393 0.106 0.117
2 0.564 0.409 0.114 0.152
2 0.43 0.424 0.14 0.197
5 0.67 0.424 0.034 0.068
1 0.661 0.394 0.027 0.093
7 0.595 0.31 0.015 0.021
