7 0.513 0.419 0.007 0.019
7 0.527 0.425 0.005 0.016
7 0.548 0.432 0.006 0.016
7 0.478 0.435 0.006 0.014
11 0.56 0.433 0.007 0.014
2 0.415 0.457 0.012 0.012
2 0.408 0.458 0.009 0.019
2 0.401 0.456 0.007 0.017
2 0.396 0.458 0.01 0.021
2 0.384 0.458 0.015 0.019
2 0.338 0.454 0.03 0.052
2 0.316 0.457 0.026 0.061
2 0.301 0.459 0.035 0.059
2 0.265 0.469 0.058 0.068
2 0.54 0.451 0.016 0.019
2 0.554 0.451 0.012 0.021
2 0.566 0.452 0.019 0.028
2 0.578 0.451 0.013 0.033
2 0.701 0.462 0.089 0.102
2 0.821 0.467 0.187 0.178
2 0.44 0.451 0.024 0.026
2 0.598 0.454 0.032 0.042
2 0.06 0.491 0.12 0.116
2 0.941 0.529 0.08 0.133
2 0.462 0.455 0.012 0.012
