7 0.642 0.421 0.008 0.02
10 0.636 0.422 0.008 0.022
10 0.541 0.41 0.008 0.022
10 0.537 0.411 0.008 0.025
11 0.656 0.423 0.008 0.025
11 0.674 0.428 0.017 0.015
11 0.701 0.425 0.011 0.022
11 0.725 0.425 0.013 0.017
11 0.696 0.396 0.011 0.02
2 0.043 0.458 0.042 0.03
2 0.187 0.471 0.077 0.05
2 0.228 0.472 0.039 0.047
2 0.27 0.467 0.052 0.037
2 0.645 0.479 0.013 0.027
2 0.654 0.482 0.021 0.037
2 0.658 0.492 0.017 0.042
2 0.627 0.487 0.015 0.042
2 0.614 0.487 0.032 0.052
2 0.952 0.526 0.095 0.212
2 0.945 0.717 0.109 0.426
2 0.535 0.557 0.165 0.257
2 0.694 0.499 0.077 0.12
4 0.394 0.451 0.108 0.13
4 0.31 0.446 0.092 0.075
4 0.143 0.438 0.106 0.067
2 0.093 0.475 0.046 0.052
5 0.752 0.488 0.02 0.045
5 0.789 0.496 0.013 0.04
5 0.794 0.499 0.008 0.042
5 0.801 0.498 0.015 0.04
5 0.805 0.502 0.015 0.042
5 0.817 0.498 0.017 0.055
5 0.826 0.502 0.018 0.057
5 0.836 0.503 0.017 0.055
5 0.862 0.518 0.014 0.045
