11 0.28 0.259 0.01 0.053
8 0.122 0.15 0.034 0.164
8 0.196 0.401 0.03 0.043
5 0.084 0.655 0.154 0.158
1 0.087 0.593 0.079 0.235
5 0.676 0.599 0.053 0.068
1 0.673 0.561 0.035 0.132
0 0.713 0.548 0.017 0.098
0 0.644 0.532 0.018 0.066
0 0.638 0.548 0.019 0.098
0 0.623 0.555 0.024 0.128
0 0.586 0.534 0.017 0.1
0 0.541 0.558 0.025 0.134
0 0.53 0.537 0.017 0.077
0 0.51 0.553 0.025 0.13
0 0.483 0.551 0.022 0.134
0 0.424 0.572 0.029 0.145
0 0.388 0.566 0.042 0.164
0 0.311 0.572 0.03 0.154
0 0.247 0.596 0.054 0.227
0 0.202 0.583 0.036 0.198
5 0.168 0.62 0.067 0.079
0 0.459 0.552 0.022 0.119
0 0.339 0.502 0.019 0.049
0 0.322 0.555 0.016 0.145
0 0.261 0.569 0.019 0.141
0 0.19 0.505 0.012 0.038
0 0.176 0.55 0.017 0.077
0 0.143 0.527 0.018 0.073
0 0.113 0.523 0.023 0.064
0 0.069 0.513 0.019 0.053
0 0.059 0.574 0.023 0.2
0 0.026 0.597 0.052 0.247
0 0.009 0.552 0.019 0.115
2 0.857 0.59 0.281 0.198
4 0.856 0.449 0.289 0.365
