7 0.853 0.159 0.018 0.078
8 0.879 0.344 0.024 0.041
11 0.845 0.344 0.012 0.041
11 0.862 0.248 0.044 0.031
11 0.858 0.221 0.022 0.022
2 0.345 0.423 0.007 0.012
2 0.337 0.42 0.008 0.008
2 0.334 0.432 0.017 0.025
2 0.319 0.43 0.012 0.027
2 0.288 0.431 0.015 0.03
2 0.302 0.438 0.029 0.037
2 0.268 0.437 0.03 0.062
2 0.254 0.441 0.026 0.064
2 0.232 0.448 0.054 0.078
2 0.185 0.457 0.089 0.094
2 0.388 0.423 0.006 0.022
2 0.399 0.425 0.01 0.023
2 0.465 0.432 0.009 0.016
2 0.474 0.441 0.015 0.039
2 0.498 0.444 0.04 0.056
2 0.363 0.434 0.028 0.045
2 0.441 0.449 0.049 0.075
0 0.084 0.441 0.03 0.108
0 0.052 0.434 0.026 0.114
0 0.724 0.481 0.027 0.141
0 0.912 0.477 0.026 0.127
0 0.752 0.462 0.015 0.07
0 0.657 0.461 0.016 0.066
0 0.829 0.471 0.016 0.111
0 0.87 0.471 0.01 0.111
0 0.814 0.48 0.017 0.125
0 0.775 0.505 0.034 0.064
0 0.643 0.466 0.011 0.048
0 0.633 0.468 0.009 0.042
0 0.634 0.431 0.009 0.025
0 0.625 0.455 0.011 0.053
2 0.419 0.432 0.013 0.021
