2 0.212 0.398 0.022 0.039
2 0.191 0.397 0.037 0.043
2 0.156 0.396 0.052 0.049
2 0.107 0.388 0.052 0.045
2 0.852 0.458 0.071 0.047
2 0.675 0.435 0.088 0.056
2 0.562 0.427 0.077 0.041
2 0.489 0.422 0.075 0.049
2 0.363 0.413 0.107 0.066
2 0.304 0.41 0.079 0.062
10 0.049 0.194 0.015 0.039
8 0.184 0.323 0.015 0.021
7 0.179 0.257 0.009 0.019
10 0.378 0.322 0.02 0.036
10 0.359 0.274 0.016 0.049
7 0.035 0.194 0.012 0.037
11 0.313 0.363 0.019 0.03
11 0.322 0.338 0.009 0.03
10 0.56 0.347 0.023 0.051
2 0.241 0.407 0.012 0.021
