0 0.664 0.459 0.015 0.068
0 0.68 0.449 0.015 0.08
2 0.473 0.435 0.008 0.021
2 0.48 0.436 0.009 0.019
2 0.487 0.436 0.01 0.023
2 0.497 0.441 0.01 0.029
2 0.435 0.433 0.009 0.029
2 0.427 0.435 0.009 0.023
2 0.417 0.439 0.008 0.023
2 0.412 0.436 0.008 0.021
2 0.384 0.435 0.008 0.027
2 0.375 0.438 0.016 0.033
2 0.358 0.44 0.029 0.047
2 0.515 0.441 0.032 0.049
2 0.576 0.463 0.061 0.078
2 0.067 0.481 0.135 0.21
2 0.838 0.517 0.319 0.344
11 0.237 0.31 0.017 0.016
11 0.333 0.335 0.013 0.052
11 0.561 0.38 0.014 0.016
2 0.46 0.434 0.012 0.031
11 0.406 0.413 0.007 0.016
