7 0.405 0.575 0.004 0.018
7 0.395 0.573 0.006 0.021
11 0.544 0.495 0.014 0.048
2 0.359 0.604 0.007 0.016
2 0.343 0.61 0.008 0.016
2 0.335 0.603 0.009 0.021
2 0.325 0.607 0.009 0.021
2 0.317 0.603 0.015 0.021
2 0.299 0.611 0.024 0.03
2 0.277 0.619 0.015 0.034
2 0.25 0.622 0.038 0.052
2 0.196 0.621 0.067 0.082
2 0.119 0.637 0.104 0.098
2 0.031 0.639 0.061 0.154
2 0.397 0.603 0.01 0.011
2 0.414 0.604 0.009 0.016
3 0.427 0.602 0.017 0.032
2 0.444 0.604 0.02 0.023
2 0.461 0.607 0.016 0.039
2 0.479 0.61 0.018 0.048
2 0.496 0.617 0.023 0.052
2 0.525 0.627 0.044 0.072
2 0.596 0.627 0.106 0.129
2 0.735 0.661 0.183 0.215
8 0.981 0.406 0.032 0.088
