7 0.278 0.012 0.012 0.022
7 0.595 0.1 0.015 0.027
7 0.502 0.403 0.004 0.013
10 0.506 0.402 0.005 0.016
8 0.796 0.1 0.051 0.036
11 0.85 0.305 0.015 0.021
11 0.846 0.228 0.025 0.04
0 0.868 0.465 0.017 0.087
2 0.616 0.459 0.014 0.037
2 0.63 0.466 0.023 0.043
2 0.647 0.486 0.051 0.067
2 0.412 0.457 0.009 0.027
2 0.389 0.475 0.047 0.058
2 0.292 0.468 0.054 0.058
2 0.335 0.455 0.035 0.016
2 0.105 0.488 0.119 0.101
2 0.206 0.506 0.124 0.102
2 0.451 0.473 0.078 0.111
2 0.33 0.547 0.163 0.169
2 0.555 0.539 0.159 0.246
2 0.063 0.585 0.126 0.226
