2 0.547 0.53 0.01 0.022
2 0.56 0.532 0.018 0.034
2 0.599 0.537 0.041 0.068
2 0.592 0.545 0.014 0.065
2 0.603 0.554 0.026 0.087
2 0.623 0.567 0.051 0.112
0 0.704 0.505 0.022 0.062
2 0.678 0.569 0.107 0.203
2 0.839 0.604 0.322 0.416
2 0.97 0.818 0.059 0.163
0 0.536 0.547 0.027 0.088
2 0.523 0.521 0.014 0.023
2 0.468 0.533 0.037 0.06
0 0.488 0.552 0.027 0.128
2 0.501 0.543 0.057 0.082
2 0.374 0.578 0.171 0.255
2 0.18 0.603 0.204 0.215
2 0.066 0.646 0.131 0.289
2 0.631 0.417 0.011 0.028
0 0.449 0.532 0.018 0.07
2 0.592 0.512 0.058 0.11
