2 0.077 0.536 0.151 0.12
2 0.454 0.482 0.024 0.042
2 0.329 0.488 0.037 0.047
2 0.729 0.608 0.29 0.36
4 0.197 0.509 0.094 0.092
2 0.412 0.47 0.018 0.024
0 0.227 0.472 0.01 0.026
0 0.239 0.473 0.01 0.028
2 0.598 0.544 0.097 0.163
2 0.524 0.491 0.056 0.081
2 0.496 0.491 0.019 0.057
2 0.491 0.478 0.02 0.062
2 0.35 0.484 0.017 0.045
2 0.364 0.487 0.013 0.038
2 0.427 0.464 0.01 0.026
2 0.477 0.458 0.014 0.021
2 0.427 0.467 0.009 0.019
2 0.458 0.445 0.01 0.012
1 0.383 0.466 0.007 0.021
5 0.383 0.476 0.009 0.016
4 0.908 0.472 0.183 0.13
1 0.372 0.464 0.003 0.024
5 0.374 0.484 0.006 0.021
11 0.167 0.309 0.051 0.029
11 0.759 0.244 0.033 0.059
