7 0.496 0.377 0.011 0.04
7 0.272 0.36 0.011 0.04
10 0.583 0.332 0.016 0.04
11 0.274 0.391 0.016 0.016
11 0.632 0.373 0.02 0.023
11 0.537 0.422 0.017 0.014
0 0.126 0.448 0.012 0.028
0 0.19 0.488 0.018 0.066
0 0.241 0.481 0.016 0.061
0 0.301 0.482 0.009 0.04
0 0.294 0.483 0.009 0.037
0 0.533 0.513 0.021 0.096
0 0.547 0.514 0.013 0.098
2 0.363 0.489 0.016 0.035
2 0.349 0.49 0.028 0.047
2 0.755 0.579 0.178 0.178
0 0.873 0.49 0.026 0.056
0 0.814 0.472 0.013 0.033
0 0.662 0.544 0.021 0.122
2 0.603 0.518 0.105 0.145
2 0.127 0.525 0.1 0.141
2 0.473 0.491 0.041 0.068
3 0.415 0.463 0.073 0.166
2 0.322 0.491 0.037 0.054
2 0.042 0.445 0.083 0.335
2 0.894 0.636 0.211 0.295
