7 0.437 0.345 0.01 0.018
7 0.322 0.346 0.009 0.018
8 0.264 0.389 0.007 0.014
11 0.504 0.335 0.013 0.024
11 0.455 0.336 0.011 0.013
11 0.196 0.37 0.017 0.019
11 0.314 0.34 0.011 0.012
11 0.255 0.322 0.011 0.026
2 0.518 0.421 0.037 0.028
2 0.418 0.385 0.012 0.015
2 0.405 0.385 0.013 0.01
2 0.49 0.437 0.015 0.036
2 0.519 0.475 0.058 0.086
2 0.561 0.439 0.029 0.029
2 0.627 0.52 0.189 0.209
2 0.832 0.531 0.224 0.207
2 0.967 0.619 0.066 0.182
2 0.443 0.398 0.032 0.017
2 0.414 0.397 0.016 0.014
2 0.4 0.399 0.015 0.015
2 0.328 0.435 0.012 0.018
2 0.267 0.457 0.052 0.064
2 0.292 0.482 0.077 0.11
2 0.171 0.471 0.058 0.083
2 0.139 0.462 0.042 0.111
2 0.079 0.598 0.159 0.344
2 0.407 0.552 0.205 0.315
