7 0.315 0.363 0.008 0.021
7 0.481 0.363 0.007 0.021
7 0.535 0.424 0.011 0.016
10 0.475 0.36 0.008 0.026
11 0.274 0.374 0.026 0.016
11 0.203 0.377 0.021 0.026
11 0.229 0.397 0.015 0.014
11 0.505 0.371 0.024 0.019
11 0.528 0.394 0.015 0.014
11 0.498 0.427 0.012 0.019
2 0.404 0.457 0.011 0.023
2 0.421 0.467 0.034 0.047
2 0.379 0.488 0.055 0.103
2 0.614 0.477 0.086 0.105
2 0.673 0.452 0.07 0.021
4 0.363 0.432 0.042 0.066
4 0.245 0.431 0.144 0.049
4 0.45 0.439 0.04 0.098
4 0.813 0.38 0.265 0.206
2 0.925 0.57 0.149 0.342
2 0.233 0.659 0.31 0.436
2 0.769 0.675 0.447 0.497
2 0.481 0.481 0.08 0.136
4 0.585 0.426 0.112 0.166
