7 0.376 0.268 0.009 0.015
7 0.49 0.211 0.007 0.017
7 0.341 0.282 0.008 0.017
11 0.869 0.237 0.015 0.036
11 0.809 0.252 0.02 0.043
11 0.803 0.212 0.021 0.037
11 0.456 0.157 0.019 0.036
11 0.402 0.152 0.019 0.041
11 0.368 0.156 0.017 0.037
11 0.517 0.155 0.011 0.04
11 0.359 0.284 0.012 0.04
11 0.088 0.222 0.176 0.208
2 0.491 0.331 0.014 0.046
2 0.503 0.341 0.028 0.057
2 0.743 0.337 0.044 0.081
2 0.789 0.337 0.035 0.075
2 0.833 0.347 0.086 0.079
2 0.435 0.354 0.09 0.169
4 0.623 0.223 0.235 0.442
2 0.937 0.324 0.123 0.195
2 0.93 0.475 0.137 0.418
11 0.336 0.165 0.018 0.071
4 0.495 0.295 0.046 0.042
