0 0.858 0.44 0.02 0.087
0 0.609 0.447 0.015 0.073
0 0.184 0.448 0.007 0.018
10 0.665 0.326 0.014 0.051
8 0.354 0.361 0.007 0.032
8 0.595 0.337 0.009 0.042
11 0.354 0.313 0.017 0.028
2 0.464 0.394 0.009 0.015
2 0.537 0.516 0.133 0.205
2 0.14 0.506 0.077 0.075
2 0.193 0.483 0.055 0.071
2 0.239 0.471 0.048 0.05
2 0.263 0.457 0.034 0.051
6 0.288 0.451 0.023 0.032
2 0.312 0.441 0.03 0.033
2 0.328 0.434 0.02 0.03
2 0.339 0.431 0.011 0.033
2 0.346 0.428 0.009 0.028
2 0.354 0.423 0.016 0.025
2 0.366 0.418 0.009 0.026
2 0.373 0.419 0.007 0.019
2 0.381 0.414 0.012 0.019
2 0.392 0.41 0.01 0.017
2 0.399 0.409 0.005 0.017
2 0.405 0.407 0.005 0.017
2 0.411 0.403 0.006 0.014
2 0.422 0.405 0.009 0.014
2 0.428 0.393 0.008 0.015
2 0.44 0.384 0.008 0.014
2 0.447 0.369 0.006 0.011
2 0.45 0.385 0.009 0.011
2 0.509 0.41 0.015 0.017
2 0.505 0.402 0.019 0.022
2 0.496 0.398 0.011 0.021
2 0.492 0.388 0.008 0.011
2 0.489 0.384 0.005 0.011
2 0.488 0.376 0.005 0.014
10 0.847 0.316 0.024 0.043
