8 0.636 0.036 0.017 0.042
8 0.57 0.15 0.018 0.054
8 0.699 0.332 0.014 0.023
10 0.556 0.152 0.015 0.054
10 0.582 0.153 0.011 0.05
10 0.687 0.331 0.01 0.028
10 0.01 0.302 0.007 0.028
10 0.002 0.302 0.004 0.031
11 0.007 0.191 0.015 0.014
11 0.03 0.18 0.02 0.017
11 0.016 0.22 0.02 0.038
11 0.008 0.138 0.015 0.033
11 0.252 0.317 0.018 0.01
11 0.251 0.335 0.017 0.026
11 0.678 0.202 0.011 0.047
11 0.901 0.308 0.019 0.057
2 0.511 0.39 0.008 0.014
2 0.505 0.393 0.007 0.014
2 0.5 0.393 0.01 0.017
2 0.49 0.394 0.009 0.016
2 0.484 0.396 0.01 0.016
2 0.477 0.397 0.009 0.014
2 0.469 0.397 0.011 0.017
2 0.457 0.394 0.014 0.019
2 0.514 0.406 0.01 0.028
2 0.525 0.406 0.022 0.043
2 0.529 0.409 0.017 0.035
2 0.537 0.414 0.022 0.045
2 0.559 0.412 0.042 0.055
2 0.575 0.421 0.051 0.055
2 0.402 0.395 0.019 0.017
2 0.362 0.397 0.007 0.031
2 0.353 0.396 0.017 0.036
2 0.338 0.401 0.018 0.036
2 0.328 0.403 0.021 0.04
2 0.315 0.404 0.021 0.038
2 0.296 0.404 0.033 0.045
2 0.281 0.408 0.026 0.047
2 0.258 0.408 0.036 0.057
2 0.248 0.412 0.023 0.055
2 0.213 0.411 0.07 0.087
2 0.949 0.458 0.055 0.069
3 0.431 0.399 0.026 0.014
0 0.373 0.45 0.076 0.251
