0 0.532 0.379 0.005 0.029
0 0.536 0.379 0.008 0.034
0 0.541 0.379 0.008 0.039
0 0.549 0.38 0.01 0.041
0 0.562 0.387 0.014 0.051
0 0.573 0.384 0.011 0.049
0 0.58 0.385 0.012 0.051
0 0.587 0.387 0.012 0.056
0 0.633 0.378 0.02 0.066
0 0.613 0.378 0.015 0.061
0 0.306 0.392 0.01 0.036
0 0.297 0.397 0.008 0.036
0 0.31 0.392 0.007 0.032
0 0.16 0.391 0.014 0.058
0 0.149 0.395 0.01 0.051
0 0.14 0.393 0.011 0.058
0 0.131 0.393 0.012 0.053
0 0.112 0.396 0.018 0.068
0 0.037 0.399 0.029 0.09
0 0.965 0.363 0.016 0.051
0 0.972 0.359 0.029 0.063
2 0.426 0.385 0.015 0.032
2 0.593 0.384 0.038 0.041
2 0.91 0.39 0.06 0.097
3 0.938 0.35 0.105 0.08
2 0.441 0.387 0.027 0.049
10 0.454 0.328 0.005 0.022
7 0.333 0.306 0.01 0.027
10 0.323 0.306 0.007 0.024
8 0.591 0.333 0.012 0.024
11 0.395 0.335 0.008 0.029
11 0.31 0.305 0.011 0.015
2 0.391 0.393 0.063 0.078
2 0.342 0.392 0.037 0.044
2 0.258 0.395 0.059 0.068
2 0.488 0.379 0.079 0.134
2 0.96 0.466 0.078 0.236
4 0.762 0.299 0.253 0.391
11 0.547 0.34 0.014 0.022
8 0.973 0.291 0.008 0.027
