2 0.08 0.424 0.161 0.257
11 0.124 0.219 0.042 0.033
11 0.748 0.086 0.037 0.061
11 0.725 0.232 0.035 0.026
11 0.742 0.195 0.029 0.026
11 0.321 0.247 0.016 0.024
7 0.585 0.175 0.01 0.044
7 0.436 0.194 0.009 0.042
7 0.343 0.312 0.009 0.018
10 0.425 0.198 0.011 0.038
10 0.577 0.179 0.009 0.04
10 0.709 0.29 0.026 0.036
10 0.136 0.272 0.022 0.036
8 0.115 0.267 0.017 0.031
0 0.277 0.364 0.022 0.075
0 0.365 0.366 0.021 0.067
0 0.162 0.374 0.014 0.077
2 0.466 0.41 0.15 0.272
2 0.659 0.381 0.101 0.071
3 0.522 0.343 0.116 0.226
11 0.736 0.14 0.021 0.023
11 0.766 0.136 0.029 0.026
