7 0.32 0.261 0.015 0.054
7 0.588 0.318 0.011 0.044
10 0.331 0.255 0.015 0.039
10 0.672 0.261 0.03 0.052
10 0.699 0.26 0.021 0.05
10 0.054 0.39 0.011 0.042
7 0.049 0.427 0.025 0.022
8 0.31 0.381 0.011 0.041
10 0.321 0.384 0.014 0.02
10 0.588 0.361 0.028 0.029
10 0.906 0.304 0.019 0.031
11 0.555 0.371 0.011 0.014
11 0.539 0.392 0.011 0.016
11 0.847 0.205 0.039 0.024
11 0.689 0.092 0.041 0.042
11 0.679 0.158 0.015 0.052
11 0.788 0.2 0.083 0.158
11 0.902 0.262 0.02 0.016
11 0.317 0.289 0.039 0.022
2 0.485 0.417 0.013 0.019
2 0.481 0.426 0.015 0.03
2 0.445 0.434 0.015 0.029
2 0.344 0.446 0.017 0.024
2 0.55 0.416 0.015 0.022
2 0.57 0.415 0.012 0.023
2 0.582 0.414 0.015 0.023
2 0.606 0.41 0.026 0.033
2 0.621 0.41 0.011 0.019
2 0.633 0.411 0.024 0.049
2 0.668 0.41 0.024 0.041
2 0.722 0.411 0.057 0.063
2 0.646 0.411 0.041 0.049
2 0.79 0.398 0.089 0.088
2 0.075 0.485 0.059 0.054
3 0.378 0.426 0.043 0.056
2 0.465 0.433 0.035 0.049
2 0.514 0.443 0.06 0.092
2 0.233 0.515 0.262 0.242
11 0.311 0.334 0.014 0.027
11 0.316 0.355 0.013 0.024
0 0.016 0.483 0.031 0.14
0 0.728 0.41 0.029 0.145
0 0.782 0.426 0.024 0.158
0 0.881 0.385 0.021 0.073
0 0.945 0.381 0.018 0.068
0 0.969 0.377 0.021 0.077
10 0.007 0.2 0.015 0.059
