11 0.25 0.526 0.02 0.03
11 0.285 0.544 0.013 0.037
11 0.373 0.53 0.017 0.014
11 0.456 0.539 0.011 0.019
11 0.464 0.546 0.011 0.009
11 0.513 0.561 0.008 0.026
11 0.67 0.561 0.005 0.021
11 0.489 0.559 0.008 0.021
11 0.481 0.567 0.008 0.019
10 0.443 0.545 0.003 0.021
10 0.384 0.537 0.007 0.019
10 0.552 0.55 0.007 0.021
2 0.343 0.592 0.037 0.045
2 0.256 0.591 0.04 0.052
2 0.106 0.604 0.061 0.101
2 0.068 0.575 0.03 0.049
2 0.299 0.584 0.012 0.019
2 0.32 0.586 0.017 0.033
2 0.371 0.588 0.018 0.028
2 0.497 0.594 0.021 0.04
2 0.477 0.595 0.017 0.037
2 0.463 0.596 0.013 0.054
2 0.419 0.626 0.096 0.141
2 0.562 0.645 0.103 0.131
2 0.624 0.615 0.066 0.12
2 0.798 0.623 0.092 0.075
2 0.73 0.615 0.054 0.059
2 0.694 0.616 0.033 0.042
11 0.611 0.525 0.028 0.047
2 0.036 0.616 0.071 0.286
2 0.17 0.609 0.149 0.156
