2 0.006 0.75 0.011 0.104
2 0.012 0.652 0.023 0.142
4 0.144 0.666 0.258 0.277
4 0.063 0.558 0.083 0.055
2 0.282 0.666 0.064 0.137
2 0.328 0.669 0.051 0.084
2 0.357 0.669 0.025 0.054
2 0.373 0.655 0.01 0.029
4 0.341 0.61 0.069 0.151
2 0.425 0.712 0.135 0.215
11 0.393 0.591 0.037 0.027
2 0.619 0.665 0.024 0.017
2 0.667 0.662 0.021 0.019
2 0.689 0.658 0.022 0.019
2 0.712 0.664 0.012 0.019
2 0.731 0.664 0.021 0.02
2 0.796 0.662 0.014 0.019
2 0.783 0.663 0.01 0.014
2 0.815 0.666 0.01 0.015
2 0.829 0.66 0.012 0.022
2 0.874 0.66 0.039 0.022
2 0.905 0.66 0.02 0.017
2 0.943 0.648 0.054 0.042
2 0.991 0.655 0.018 0.027
11 0.86 0.415 0.274 0.168
