0 0.083 0.427 0.017 0.081
0 0.101 0.429 0.019 0.087
0 0.124 0.425 0.015 0.092
0 0.15 0.432 0.021 0.078
0 0.188 0.409 0.015 0.075
0 0.206 0.413 0.01 0.064
0 0.974 0.584 0.05 0.389
8 0.299 0.189 0.007 0.04
8 0.616 0.189 0.008 0.046
8 0.527 0.32 0.005 0.012
8 0.552 0.363 0.006 0.012
10 0.314 0.192 0.009 0.04
10 0.603 0.189 0.013 0.052
10 0.623 0.188 0.006 0.035
11 0.236 0.217 0.018 0.035
11 0.704 0.209 0.022 0.024
11 0.703 0.207 0.024 0.024
2 0.035 0.431 0.066 0.084
2 0.292 0.399 0.166 0.166
2 0.468 0.4 0.184 0.206
3 0.906 0.411 0.184 0.166
4 0.704 0.428 0.292 0.423
