2 0.13 0.382 0.066 0.039
2 0.38 0.388 0.03 0.04
2 0.253 0.407 0.012 0.032
2 0.246 0.375 0.022 0.026
11 0.422 0.314 0.015 0.045
11 0.435 0.319 0.012 0.012
11 0.409 0.313 0.008 0.012
11 0.383 0.351 0.017 0.029
11 0.441 0.345 0.011 0.023
11 0.364 0.357 0.015 0.025
11 0.365 0.33 0.006 0.022
11 0.413 0.336 0.012 0.02
11 0.627 0.287 0.015 0.017
11 0.611 0.29 0.011 0.02
11 0.619 0.315 0.025 0.03
11 0.626 0.346 0.01 0.019
11 0.6 0.325 0.015 0.046
11 0.52 0.297 0.005 0.016
11 0.733 0.261 0.032 0.055
11 0.732 0.309 0.02 0.035
7 0.681 0.339 0.005 0.025
11 0.682 0.363 0.007 0.022
