7 0.022 0.131 0.02 0.071
7 0.208 0.068 0.02 0.077
7 0.572 0.203 0.011 0.041
7 0.347 0.33 0.004 0.012
8 0.379 0.338 0.006 0.009
10 0.227 0.075 0.017 0.063
10 0.194 0.072 0.013 0.058
10 0.568 0.314 0.009 0.033
8 0.581 0.315 0.018 0.029
11 0.112 0.09 0.029 0.056
11 0.033 0.241 0.033 0.056
11 0.567 0.079 0.025 0.07
0 0.852 0.415 0.05 0.181
0 0.937 0.402 0.041 0.168
0 0.727 0.423 0.029 0.111
0 0.504 0.413 0.019 0.1
0 0.664 0.406 0.017 0.083
0 0.967 0.433 0.064 0.271
0 0.761 0.419 0.02 0.118
2 0.903 0.432 0.057 0.088
2 0.439 0.385 0.013 0.031
2 0.328 0.39 0.029 0.025
2 0.351 0.373 0.01 0.014
2 0.333 0.373 0.022 0.015
2 0.107 0.396 0.022 0.017
2 0.08 0.4 0.033 0.031
2 0.043 0.4 0.05 0.04
3 0.197 0.384 0.041 0.043
2 0.388 0.376 0.01 0.015
2 0.45 0.393 0.02 0.04
4 0.423 0.376 0.022 0.045
0 0.41 0.392 0.008 0.033
2 0.017 0.408 0.033 0.039
