2 0.065 0.582 0.051 0.051
2 0.027 0.589 0.053 0.059
2 0.105 0.584 0.093 0.07
2 0.174 0.576 0.06 0.052
2 0.212 0.575 0.068 0.056
4 0.287 0.564 0.107 0.067
2 0.362 0.573 0.035 0.039
4 0.404 0.556 0.057 0.064
2 0.441 0.568 0.039 0.036
2 0.477 0.564 0.033 0.038
2 0.514 0.559 0.019 0.031
2 0.536 0.566 0.017 0.021
2 0.56 0.562 0.017 0.02
2 0.598 0.558 0.013 0.013
2 0.586 0.562 0.012 0.02
2 0.7 0.558 0.01 0.02
2 0.684 0.557 0.017 0.021
3 0.764 0.534 0.136 0.202
2 0.912 0.651 0.174 0.351
11 0.677 0.47 0.009 0.023
