11 0.456 0.505 0.05 0.029
11 0.517 0.506 0.042 0.024
2 0.047 0.576 0.086 0.069
2 0.127 0.585 0.117 0.116
2 0.216 0.572 0.044 0.046
2 0.254 0.579 0.046 0.047
2 0.335 0.57 0.011 0.02
2 0.374 0.564 0.012 0.015
2 0.371 0.576 0.011 0.016
2 0.3 0.588 0.073 0.065
2 0.353 0.577 0.032 0.038
2 0.331 0.497 0.019 0.011
2 0.4 0.539 0.009 0.015
2 0.408 0.542 0.01 0.005
2 0.433 0.544 0.009 0.015
2 0.422 0.548 0.013 0.015
2 0.413 0.553 0.01 0.013
2 0.407 0.553 0.011 0.016
2 0.405 0.565 0.008 0.015
2 0.434 0.556 0.01 0.01
2 0.417 0.565 0.01 0.011
2 0.432 0.562 0.012 0.013
2 0.389 0.581 0.028 0.034
2 0.567 0.612 0.006 0.06
2 0.604 0.602 0.051 0.067
2 0.888 0.642 0.11 0.119
2 0.931 0.697 0.135 0.23
2 0.497 0.632 0.142 0.22
2 0.598 0.611 0.047 0.052
2 0.712 0.619 0.12 0.132
