0 0.01 0.652 0.015 0.078
0 0.075 0.638 0.018 0.078
0 0.099 0.641 0.01 0.051
0 0.061 0.647 0.011 0.044
0 0.476 0.599 0.019 0.136
0 0.03 0.644 0.015 0.075
0 0.02 0.639 0.005 0.075
0 0.108 0.628 0.007 0.068
2 0.434 0.604 0.071 0.129
2 0.336 0.587 0.048 0.056
2 0.15 0.619 0.076 0.08
2 0.204 0.617 0.038 0.056
3 0.238 0.581 0.09 0.083
2 0.287 0.592 0.007 0.047
2 0.296 0.59 0.017 0.036
2 0.306 0.58 0.01 0.036
4 0.372 0.563 0.045 0.07
2 0.396 0.568 0.015 0.022
11 0.507 0.369 0.051 0.051
11 0.502 0.246 0.044 0.029
11 0.529 0.319 0.04 0.039
7 0.194 0.181 0.026 0.097
10 0.171 0.191 0.017 0.083
7 0.338 0.51 0.005 0.027
7 0.413 0.507 0.005 0.022
10 0.343 0.508 0.003 0.034
10 0.417 0.507 0.003 0.022
7 0.542 0.426 0.023 0.039
2 0.405 0.564 0.01 0.018
