11 0.341 0.401 0.009 0.02
11 0.475 0.419 0.01 0.018
11 0.433 0.431 0.007 0.026
11 0.576 0.357 0.014 0.023
2 0.384 0.452 0.011 0.024
2 0.378 0.455 0.014 0.034
2 0.367 0.457 0.024 0.038
2 0.441 0.46 0.017 0.031
2 0.328 0.479 0.035 0.082
2 0.308 0.483 0.043 0.106
2 0.247 0.488 0.122 0.17
2 0.482 0.475 0.042 0.075
2 0.504 0.486 0.039 0.077
2 0.532 0.494 0.073 0.096
2 0.646 0.52 0.169 0.212
2 0.807 0.616 0.314 0.315
2 0.11 0.552 0.22 0.392
2 0.024 0.628 0.048 0.335
2 0.409 0.471 0.051 0.082
2 0.45 0.464 0.025 0.032
8 0.424 0.4 0.006 0.026
8 0.392 0.396 0.007 0.029
7 0.363 0.36 0.007 0.026
7 0.475 0.355 0.009 0.032
