2 0.286 0.419 0.012 0.029
2 0.362 0.409 0.019 0.021
2 0.383 0.413 0.022 0.035
2 0.463 0.408 0.01 0.023
2 0.083 0.459 0.04 0.051
2 0.029 0.472 0.054 0.055
2 0.552 0.389 0.034 0.035
2 0.607 0.386 0.071 0.052
2 0.533 0.414 0.063 0.067
2 0.421 0.434 0.095 0.129
2 0.265 0.427 0.031 0.035
2 0.141 0.469 0.109 0.135
2 0.013 0.514 0.025 0.09
2 0.801 0.341 0.023 0.049
2 0.833 0.341 0.055 0.066
2 0.889 0.347 0.105 0.061
11 0.723 0.25 0.033 0.02
11 0.659 0.267 0.017 0.041
11 0.687 0.432 0.033 0.041
7 0.288 0.355 0.01 0.02
7 0.336 0.35 0.009 0.021
2 0.32 0.408 0.019 0.032
2 0.342 0.409 0.019 0.024
