0 0.725 0.351 0.03 0.132
0 0.815 0.36 0.023 0.126
0 0.837 0.364 0.022 0.123
0 0.648 0.258 0.009 0.044
0 0.605 0.242 0.007 0.027
0 0.226 0.277 0.022 0.048
2 0.618 0.262 0.01 0.034
2 0.492 0.239 0.011 0.025
2 0.492 0.227 0.007 0.007
2 0.479 0.241 0.019 0.032
2 0.466 0.229 0.008 0.01
2 0.456 0.231 0.016 0.013
2 0.553 0.235 0.005 0.02
2 0.552 0.238 0.003 0.021
2 0.559 0.24 0.011 0.019
2 0.567 0.242 0.023 0.025
2 0.568 0.249 0.021 0.028
2 0.576 0.251 0.03 0.032
2 0.57 0.247 0.02 0.027
2 0.546 0.225 0.004 0.01
2 0.542 0.226 0.006 0.012
2 0.539 0.227 0.005 0.012
2 0.536 0.229 0.005 0.014
2 0.346 0.251 0.019 0.031
2 0.334 0.282 0.047 0.06
2 0.299 0.288 0.049 0.05
2 0.243 0.271 0.073 0.038
2 0.236 0.347 0.2 0.139
2 0.458 0.255 0.029 0.036
2 0.512 0.278 0.038 0.056
2 0.58 0.27 0.039 0.051
2 0.439 0.265 0.009 0.06
2 0.395 0.273 0.088 0.157
4 0.514 0.229 0.041 0.087
2 0.535 0.247 0.005 0.028
11 0.034 0.116 0.016 0.027
11 0.008 0.094 0.016 0.022
8 0.037 0.194 0.017 0.044
8 0.009 0.194 0.018 0.04
11 0.948 0.104 0.037 0.02
11 0.617 0.172 0.011 0.01
11 0.57 0.208 0.007 0.015
10 0.463 0.169 0.005 0.018
10 0.459 0.169 0.005 0.019
