2 0.385 0.446 0.011 0.012
2 0.371 0.466 0.011 0.017
2 0.361 0.464 0.013 0.016
2 0.413 0.447 0.01 0.019
2 0.378 0.434 0.008 0.013
2 0.403 0.481 0.022 0.034
2 0.367 0.487 0.016 0.027
2 0.223 0.483 0.036 0.054
2 0.191 0.473 0.044 0.051
2 0.152 0.479 0.022 0.044
2 0.296 0.512 0.157 0.226
2 0.098 0.483 0.096 0.104
11 0.092 0.367 0.038 0.083
4 0.436 0.467 0.03 0.058
4 0.38 0.413 0.01 0.02
2 0.432 0.415 0.014 0.017
2 0.466 0.508 0.075 0.117
2 0.933 0.54 0.098 0.078
0 0.928 0.595 0.038 0.199
4 0.391 0.402 0.007 0.021
2 0.378 0.456 0.008 0.017
2 0.369 0.449 0.008 0.014
2 0.419 0.416 0.007 0.016
