2 0.016 0.25 0.03 0.035
2 0.067 0.236 0.033 0.036
2 0.105 0.23 0.04 0.035
2 0.145 0.218 0.038 0.033
2 0.185 0.208 0.027 0.026
2 0.212 0.206 0.02 0.026
2 0.235 0.202 0.019 0.021
2 0.253 0.204 0.019 0.028
2 0.552 0.198 0.153 0.154
2 0.468 0.201 0.064 0.109
2 0.435 0.192 0.04 0.088
2 0.3 0.189 0.012 0.019
8 0.282 0.025 0.014 0.031
8 0.408 0.099 0.012 0.026
8 0.488 0.033 0.017 0.036
8 0.21 0.036 0.012 0.036
8 0.272 0.158 0.007 0.017
7 0.288 0.161 0.005 0.014
7 0.302 0.162 0.008 0.016
7 0.323 0.17 0.007 0.014
2 0.02 0.211 0.031 0.031
