2 0.076 0.419 0.05 0.043
2 0.209 0.413 0.103 0.056
2 0.311 0.415 0.088 0.054
2 0.409 0.411 0.11 0.168
2 0.452 0.459 0.118 0.201
2 0.618 0.547 0.359 0.387
2 0.755 0.392 0.06 0.015
2 0.851 0.639 0.294 0.488
1 0.135 0.401 0.037 0.116
1 0.033 0.399 0.02 0.071
6 0.132 0.422 0.034 0.075
5 0.035 0.412 0.034 0.049
0 0.014 0.397 0.014 0.037
2 0.011 0.418 0.021 0.043
11 0.24 0.323 0.024 0.026
11 0.101 0.352 0.016 0.028
11 0.319 0.223 0.06 0.028
11 0.285 0.199 0.015 0.041
11 0.491 0.151 0.035 0.022
11 0.47 0.211 0.037 0.062
11 0.755 0.292 0.013 0.062
11 0.695 0.351 0.008 0.026
7 0.261 0.198 0.007 0.043
10 0.488 0.266 0.021 0.039
10 0.253 0.2 0.008 0.039
10 0.272 0.2 0.012 0.039
7 0.378 0.295 0.009 0.036
