8 0.528 0.301 0.009 0.036
8 0.364 0.402 0.006 0.021
7 0.737 0.383 0.012 0.024
10 0.723 0.383 0.008 0.028
10 0.245 0.333 0.011 0.059
10 0.151 0.398 0.008 0.026
10 0.214 0.384 0.007 0.023
11 0.247 0.373 0.015 0.019
11 0.248 0.393 0.011 0.023
11 0.246 0.413 0.02 0.026
11 0.264 0.429 0.009 0.019
11 0.278 0.411 0.009 0.014
11 0.402 0.437 0.019 0.028
11 0.728 0.295 0.026 0.017
11 0.025 0.43 0.013 0.017
11 0.087 0.426 0.01 0.014
11 0.741 0.306 0.016 0.016
11 0.738 0.319 0.02 0.014
11 0.735 0.344 0.009 0.036
11 0.71 0.385 0.024 0.045
11 0.474 0.364 0.014 0.014
11 0.467 0.38 0.02 0.017
10 0.281 0.438 0.006 0.017
10 0.274 0.442 0.006 0.031
10 0.538 0.3 0.012 0.035
8 0.327 0.44 0.004 0.017
8 0.339 0.425 0.004 0.017
2 0.333 0.457 0.01 0.012
2 0.324 0.461 0.008 0.014
2 0.314 0.468 0.009 0.024
2 0.299 0.459 0.007 0.017
2 0.347 0.468 0.026 0.028
2 0.332 0.471 0.014 0.021
2 0.306 0.471 0.011 0.023
2 0.219 0.473 0.03 0.052
2 0.189 0.483 0.044 0.064
2 0.082 0.483 0.026 0.043
2 0.152 0.493 0.027 0.05
2 0.108 0.497 0.06 0.075
2 0.047 0.503 0.052 0.062
2 0.381 0.477 0.107 0.057
2 0.446 0.459 0.04 0.052
2 0.483 0.49 0.068 0.054
2 0.702 0.474 0.084 0.057
11 0.113 0.45 0.013 0.019
11 0.555 0.451 0.007 0.023
8 0.588 0.418 0.011 0.017
11 0.597 0.398 0.019 0.012
0 0.724 0.478 0.017 0.09
0 0.695 0.477 0.019 0.094
0 0.679 0.485 0.014 0.076
0 0.917 0.476 0.011 0.057
0 0.892 0.474 0.01 0.04
0 0.931 0.509 0.039 0.153
0 0.586 0.474 0.009 0.057
0 0.571 0.477 0.012 0.054
0 0.551 0.483 0.011 0.054
0 0.541 0.484 0.009 0.055
0 0.668 0.48 0.012 0.083
0 0.71 0.487 0.019 0.087
0 0.973 0.504 0.025 0.149
0 0.458 0.589 0.078 0.326
1 0.158 0.495 0.031 0.095
5 0.154 0.528 0.067 0.054
2 0.793 0.474 0.093 0.064
2 0.992 0.458 0.015 0.047
0 0.751 0.12 0.009 0.024
0 0.758 0.125 0.008 0.021
