11 0.354 0.469 0.012 0.017
2 0.458 0.555 0.013 0.019
2 0.43 0.537 0.039 0.018
2 0.404 0.548 0.019 0.022
2 0.39 0.564 0.046 0.074
2 0.34 0.567 0.085 0.131
2 0.305 0.592 0.102 0.138
2 0.207 0.622 0.198 0.189
2 0.478 0.557 0.012 0.02
2 0.493 0.559 0.008 0.025
2 0.501 0.561 0.016 0.035
2 0.513 0.565 0.024 0.05
2 0.535 0.575 0.04 0.071
2 0.565 0.583 0.069 0.099
2 0.571 0.599 0.056 0.103
2 0.639 0.608 0.124 0.175
0 0.79 0.525 0.015 0.069
2 0.756 0.685 0.23 0.277
2 0.426 0.577 0.05 0.068
2 0.067 0.641 0.135 0.35
2 0.883 0.735 0.23 0.524
