2 0.476 0.395 0.007 0.026
2 0.486 0.395 0.011 0.03
2 0.493 0.4 0.012 0.034
2 0.511 0.402 0.03 0.051
2 0.525 0.411 0.029 0.049
2 0.546 0.416 0.039 0.062
2 0.59 0.425 0.072 0.094
2 0.609 0.379 0.042 0.032
2 0.663 0.365 0.055 0.036
2 0.751 0.356 0.055 0.032
2 0.812 0.361 0.083 0.03
2 0.469 0.394 0.005 0.019
2 0.383 0.4 0.006 0.017
2 0.371 0.4 0.013 0.021
2 0.359 0.4 0.01 0.021
2 0.344 0.404 0.028 0.021
2 0.323 0.405 0.012 0.028
2 0.307 0.408 0.023 0.034
2 0.281 0.41 0.023 0.038
2 0.246 0.412 0.047 0.051
2 0.193 0.419 0.059 0.055
2 0.121 0.424 0.083 0.083
4 0.037 0.421 0.074 0.119
2 0.943 0.55 0.11 0.308
2 0.972 0.372 0.051 0.068
2 0.711 0.457 0.195 0.189
2 0.405 0.405 0.037 0.055
2 0.429 0.396 0.006 0.01
2 0.438 0.396 0.009 0.008
2 0.461 0.396 0.009 0.01
2 0.454 0.395 0.006 0.011
2 0.448 0.395 0.005 0.01
