7 0.365 0.182 0.014 0.062
7 0.522 0.223 0.014 0.052
10 0.354 0.186 0.014 0.059
10 0.054 0.329 0.026 0.039
10 0.51 0.224 0.012 0.043
10 0.816 0.305 0.031 0.048
10 0.087 0.33 0.008 0.028
10 0.28 0.369 0.013 0.021
7 0.459 0.369 0.009 0.021
7 0.516 0.369 0.005 0.02
10 0.658 0.361 0.013 0.028
11 0.539 0.409 0.007 0.014
11 0.787 0.265 0.039 0.025
11 0.809 0.242 0.036 0.028
11 0.284 0.354 0.025 0.012
11 0.283 0.341 0.011 0.014
11 0.293 0.33 0.008 0.014
11 0.081 0.245 0.044 0.028
2 0.505 0.428 0.009 0.018
2 0.49 0.428 0.011 0.018
2 0.471 0.428 0.011 0.025
2 0.457 0.431 0.016 0.023
2 0.44 0.426 0.016 0.028
2 0.436 0.433 0.017 0.03
2 0.419 0.439 0.025 0.036
2 0.397 0.444 0.022 0.043
2 0.381 0.448 0.021 0.05
2 0.347 0.44 0.061 0.083
2 0.012 0.487 0.025 0.057
2 0.012 0.578 0.025 0.169
2 0.097 0.529 0.175 0.171
2 0.529 0.427 0.007 0.02
2 0.538 0.435 0.008 0.028
2 0.554 0.439 0.013 0.028
2 0.548 0.43 0.018 0.028
2 0.572 0.433 0.023 0.05
2 0.588 0.447 0.037 0.052
0 0.683 0.425 0.013 0.06
2 0.759 0.486 0.177 0.204
2 0.886 0.568 0.228 0.393
