0 0.431 0.551 0.011 0.071
0 0.41 0.553 0.006 0.048
0 0.223 0.536 0.013 0.064
0 0.209 0.524 0.014 0.05
0 0.143 0.584 0.015 0.167
0 0.103 0.565 0.044 0.163
0 0.825 0.555 0.014 0.023
0 0.839 0.553 0.01 0.023
0 0.89 0.558 0.009 0.018
0 0.907 0.559 0.01 0.027
0 0.919 0.557 0.014 0.03
0 0.979 0.587 0.032 0.101
0 0.755 0.551 0.007 0.028
0 0.461 0.563 0.017 0.06
0 0.397 0.542 0.015 0.039
0 0.386 0.557 0.014 0.059
0 0.195 0.569 0.029 0.126
0 0.163 0.571 0.024 0.126
0 0.422 0.555 0.013 0.076
0 0.401 0.598 0.019 0.094
0 0.129 0.593 0.027 0.16
1 0.482 0.569 0.026 0.105
2 0.482 0.607 0.027 0.069
7 0.581 0.401 0.01 0.037
7 0.336 0.393 0.015 0.059
7 0.709 0.395 0.009 0.027
7 0.8 0.511 0.015 0.023
7 0.483 0.471 0.009 0.025
8 0.712 0.51 0.007 0.021
8 0.672 0.503 0.007 0.021
10 0.249 0.46 0.017 0.025
10 0.414 0.337 0.011 0.044
10 0.436 0.371 0.013 0.039
10 0.976 0.482 0.019 0.034
11 0.347 0.266 0.028 0.048
11 0.345 0.328 0.033 0.027
11 0.958 0.426 0.036 0.021
11 0.956 0.471 0.023 0.025
4 0.639 0.539 0.025 0.034
2 0.645 0.566 0.03 0.052
2 0.663 0.579 0.026 0.057
2 0.3 0.632 0.19 0.206
2 0.563 0.608 0.126 0.19
2 0.711 0.592 0.084 0.119
2 0.139 0.785 0.278 0.426
2 0.866 0.72 0.267 0.304
