2 0.19 0.472 0.194 0.255
3 0.52 0.3 0.375 0.6
2 0.286 0.402 0.038 0.059
2 0.31 0.404 0.046 0.076
7 0.229 0.221 0.008 0.04
8 0.19 0.333 0.007 0.021
8 0.252 0.33 0.008 0.019
7 0.115 0.284 0.007 0.031
8 0.949 0.325 0.008 0.029
8 0.324 0.339 0.012 0.019
8 0.301 0.336 0.01 0.014
10 0.034 0.119 0.017 0.05
10 0.054 0.164 0.011 0.036
11 0.213 0.223 0.01 0.023
0 0.011 0.363 0.019 0.064
0 0.037 0.397 0.022 0.132
0 0.052 0.401 0.017 0.133
0 0.068 0.406 0.019 0.106
0 0.061 0.347 0.014 0.049
0 0.074 0.391 0.011 0.109
0 0.084 0.388 0.008 0.09
0 0.093 0.378 0.01 0.073
0 0.103 0.391 0.014 0.109
0 0.115 0.386 0.017 0.075
0 0.988 0.447 0.021 0.194
0 0.98 0.455 0.028 0.185
0 0.972 0.406 0.01 0.068
0 0.971 0.442 0.012 0.073
0 0.959 0.469 0.013 0.109
0 0.942 0.467 0.025 0.113
0 0.925 0.475 0.013 0.083
0 0.915 0.477 0.011 0.078
0 0.905 0.444 0.027 0.159
0 0.881 0.448 0.024 0.137
0 0.855 0.453 0.024 0.127
0 0.848 0.406 0.008 0.028
0 0.833 0.453 0.022 0.123
0 0.811 0.439 0.026 0.133
0 0.792 0.425 0.02 0.106
0 0.792 0.437 0.047 0.128
0 0.779 0.399 0.01 0.052
0 0.765 0.438 0.03 0.127
0 0.76 0.413 0.012 0.071
0 0.75 0.425 0.018 0.113
0 0.732 0.425 0.028 0.111
0 0.708 0.433 0.012 0.073
0 0.721 0.444 0.037 0.087
11 0.307 0.297 0.009 0.016
11 0.089 0.27 0.013 0.031
