11 0.369 0.276 0.041 0.024
11 0.42 0.355 0.019 0.049
11 0.461 0.11 0.091 0.033
11 0.353 0.217 0.026 0.023
11 0.54 0.049 0.016 0.076
11 0.834 0.362 0.022 0.049
11 0.779 0.365 0.021 0.036
11 0.602 0.396 0.019 0.009
11 0.598 0.429 0.009 0.019
11 0.473 0.415 0.01 0.009
11 0.476 0.431 0.007 0.019
7 0.604 0.04 0.021 0.08
7 0.858 0.104 0.019 0.062
8 0.63 0.04 0.023 0.076
10 0.367 0.314 0.014 0.038
7 0.524 0.386 0.007 0.016
2 0.099 0.486 0.196 0.185
2 0.331 0.439 0.112 0.123
2 0.37 0.441 0.06 0.068
2 0.405 0.44 0.034 0.028
2 0.168 0.423 0.035 0.035
2 0.675 0.451 0.09 0.102
2 0.929 0.454 0.14 0.097
2 0.529 0.459 0.022 0.031
2 0.568 0.458 0.02 0.033
2 0.496 0.458 0.019 0.033
2 0.621 0.458 0.016 0.028
2 0.588 0.457 0.015 0.023
2 0.545 0.457 0.006 0.019
2 0.429 0.445 0.014 0.025
11 0.66 0.361 0.019 0.019
11 0.752 0.349 0.012 0.017
11 0.753 0.367 0.02 0.019
