2 0.248 0.596 0.012 0.02
2 0.264 0.601 0.011 0.014
2 0.289 0.598 0.021 0.026
2 0.318 0.595 0.009 0.017
2 0.351 0.602 0.013 0.017
2 0.38 0.596 0.005 0.011
2 0.564 0.572 0.027 0.032
2 0.402 0.585 0.014 0.012
2 0.3 0.588 0.014 0.014
2 0.332 0.6 0.015 0.02
2 0.31 0.603 0.02 0.02
2 0.398 0.592 0.012 0.017
2 0.411 0.586 0.009 0.009
2 0.427 0.584 0.007 0.012
0 0.449 0.593 0.004 0.016
2 0.439 0.595 0.014 0.032
2 0.653 0.565 0.045 0.047
4 0.722 0.548 0.097 0.08
2 0.812 0.545 0.091 0.095
2 0.889 0.537 0.079 0.105
4 0.96 0.517 0.08 0.151
2 0.373 0.595 0.008 0.015
