2 0.044 0.777 0.088 0.26
2 0.237 0.579 0.213 0.311
2 0.463 0.574 0.075 0.121
2 0.711 0.562 0.221 0.272
2 0.893 0.583 0.21 0.24
2 0.542 0.556 0.057 0.075
2 0.035 0.63 0.066 0.117
2 0.089 0.617 0.086 0.148
2 0.342 0.53 0.037 0.102
2 0.368 0.546 0.027 0.07
2 0.389 0.542 0.029 0.068
2 0.411 0.546 0.022 0.036
2 0.602 0.555 0.026 0.044
2 0.581 0.55 0.02 0.034
7 0.378 0.387 0.01 0.039
7 0.579 0.412 0.005 0.044
7 0.453 0.491 0.008 0.027
11 0.893 0.375 0.031 0.019
11 0.893 0.405 0.018 0.022
11 0.157 0.292 0.037 0.024
11 0.17 0.324 0.04 0.019
11 0.175 0.268 0.026 0.019
