11 0.078 0.464 0.035 0.035
11 0.203 0.406 0.02 0.026
11 0.21 0.446 0.016 0.012
11 0.167 0.468 0.034 0.021
11 0.394 0.497 0.022 0.017
11 0.803 0.381 0.029 0.049
11 0.805 0.428 0.022 0.017
10 0.279 0.389 0.015 0.047
10 0.17 0.542 0.025 0.045
8 0.19 0.456 0.016 0.069
8 0.387 0.504 0.009 0.038
8 0.378 0.544 0.012 0.021
8 0.535 0.388 0.006 0.038
8 0.652 0.412 0.008 0.036
10 0.542 0.389 0.006 0.04
8 0.515 0.537 0.004 0.014
8 0.632 0.507 0.005 0.016
8 0.594 0.508 0.007 0.017
8 0.823 0.499 0.013 0.024
10 0.813 0.5 0.009 0.023
8 0.532 0.543 0.004 0.016
0 0.272 0.672 0.035 0.132
0 0.49 0.636 0.027 0.121
0 0.528 0.63 0.035 0.12
4 0.898 0.526 0.202 0.691
2 0.069 0.68 0.138 0.106
2 0.625 0.669 0.136 0.208
2 0.793 0.593 0.117 0.104
2 0.678 0.574 0.021 0.036
2 0.558 0.584 0.035 0.062
4 0.561 0.546 0.044 0.069
2 0.59 0.565 0.011 0.024
2 0.724 0.568 0.019 0.021
4 0.615 0.554 0.022 0.026
4 0.632 0.554 0.013 0.023
