2 0.081 0.607 0.048 0.058
2 0.123 0.601 0.04 0.048
2 0.154 0.596 0.025 0.055
2 0.192 0.557 0.046 0.019
2 0.222 0.58 0.018 0.03
2 0.249 0.578 0.036 0.049
2 0.337 0.556 0.017 0.039
2 0.367 0.558 0.011 0.024
2 0.374 0.553 0.009 0.025
2 0.385 0.559 0.013 0.046
2 0.454 0.551 0.026 0.052
2 0.475 0.549 0.016 0.033
2 0.566 0.548 0.062 0.046
2 0.596 0.535 0.014 0.033
2 0.61 0.538 0.013 0.04
2 0.627 0.54 0.019 0.042
4 0.389 0.522 0.014 0.022
4 0.309 0.551 0.038 0.07
2 0.188 0.601 0.073 0.072
2 0.348 0.56 0.022 0.036
2 0.502 0.55 0.028 0.043
2 0.678 0.582 0.12 0.112
2 0.61 0.538 0.013 0.042
0 0.638 0.531 0.013 0.045
0 0.654 0.522 0.013 0.024
0 0.283 0.571 0.023 0.092
0 0.851 0.545 0.027 0.135
2 0.029 0.612 0.058 0.07
11 0.267 0.403 0.023 0.06
11 0.521 0.497 0.011 0.011
11 0.565 0.498 0.007 0.016
11 0.747 0.369 0.012 0.036
10 0.45 0.51 0.004 0.021
10 0.454 0.511 0.004 0.022
2 0.413 0.574 0.073 0.13
