7 0.403 0.139 0.015 0.061
7 0.642 0.282 0.013 0.043
7 0.412 0.384 0.005 0.021
7 0.421 0.366 0.007 0.019
7 0.304 0.408 0.008 0.019
11 0.437 0.389 0.012 0.015
11 0.448 0.158 0.066 0.03
11 0.502 0.33 0.023 0.019
8 0.624 0.274 0.013 0.036
11 0.628 0.227 0.029 0.028
11 0.313 0.369 0.012 0.013
7 0.636 0.356 0.016 0.03
2 0.359 0.419 0.011 0.015
2 0.372 0.425 0.02 0.032
2 0.436 0.403 0.023 0.017
2 0.404 0.422 0.035 0.051
2 0.415 0.484 0.073 0.098
2 0.219 0.457 0.031 0.036
2 0.157 0.471 0.071 0.055
2 0.075 0.497 0.06 0.064
2 0.026 0.521 0.052 0.075
