3 0.734 0.394 0.527 0.784
10 0.401 0.164 0.012 0.038
7 0.413 0.163 0.014 0.045
10 0.061 0.049 0.012 0.064
7 0.077 0.047 0.018 0.068
10 0.093 0.051 0.018 0.068
10 0.013 0.287 0.016 0.026
10 0.028 0.288 0.012 0.023
11 0.009 0.261 0.016 0.021
11 0.386 0.297 0.011 0.019
10 0.266 0.298 0.008 0.017
10 0.32 0.298 0.008 0.017
11 0.438 0.28 0.012 0.015
0 0.407 0.342 0.011 0.021
0 0.45 0.356 0.008 0.036
0 0.366 0.34 0.01 0.026
2 0.327 0.527 0.265 0.366
2 0.099 0.387 0.097 0.111
2 0.124 0.351 0.059 0.072
2 0.159 0.353 0.026 0.068
2 0.178 0.375 0.037 0.062
2 0.215 0.393 0.067 0.098
2 0.253 0.35 0.044 0.028
2 0.265 0.336 0.035 0.03
2 0.302 0.337 0.017 0.019
2 0.326 0.337 0.02 0.023
11 0.018 0.165 0.029 0.062
