2 0.326 0.46 0.011 0.013
2 0.314 0.459 0.011 0.014
2 0.254 0.464 0.022 0.024
2 0.278 0.462 0.017 0.011
2 0.233 0.46 0.009 0.013
2 0.151 0.467 0.021 0.013
2 0.133 0.466 0.016 0.013
2 0.438 0.452 0.009 0.013
2 0.43 0.453 0.009 0.013
2 0.395 0.454 0.009 0.014
2 0.404 0.459 0.015 0.024
2 0.361 0.459 0.01 0.024
2 0.481 0.45 0.043 0.032
2 0.513 0.454 0.07 0.052
2 0.378 0.473 0.04 0.055
2 0.192 0.469 0.034 0.033
2 0.109 0.475 0.042 0.033
2 0.035 0.48 0.07 0.071
7 0.071 0.283 0.024 0.093
10 0.082 0.39 0.024 0.091
8 0.189 0.098 0.027 0.101
8 0.493 0.272 0.022 0.087
8 0.496 0.361 0.017 0.027
11 0.472 0.342 0.014 0.028
11 0.472 0.372 0.013 0.032
10 0.478 0.28 0.009 0.071
2 0.564 0.434 0.014 0.018
2 0.572 0.435 0.014 0.022
2 0.595 0.43 0.044 0.023
11 0.595 0.412 0.006 0.018
11 0.608 0.395 0.016 0.042
11 0.588 0.445 0.006 0.017
11 0.556 0.01 0.013 0.021
11 0.792 0.019 0.014 0.038
10 0.871 0.111 0.088 0.172
10 0.784 0.153 0.033 0.114
4 0.652 0.432 0.085 0.068
4 0.662 0.446 0.083 0.045
11 0.829 0.374 0.017 0.053
11 0.804 0.377 0.015 0.052
