8 0.257 0.18 0.008 0.037
8 0.314 0.143 0.009 0.042
10 0.324 0.145 0.009 0.052
11 0.264 0.252 0.014 0.028
11 0.101 0.171 0.029 0.035
11 0.442 0.272 0.013 0.019
11 0.036 0.255 0.013 0.018
2 0.218 0.335 0.073 0.112
2 0.136 0.345 0.15 0.155
2 0.342 0.33 0.057 0.091
2 0.293 0.358 0.116 0.143
2 0.538 0.343 0.05 0.098
2 0.039 0.299 0.052 0.058
2 0.435 0.428 0.22 0.305
2 0.66 0.356 0.138 0.191
2 0.07 0.433 0.14 0.34
2 0.902 0.41 0.195 0.223
2 0.573 0.34 0.022 0.035
11 0.102 0.208 0.029 0.028
2 0.267 0.299 0.041 0.024
