0 0.017 0.535 0.016 0.073
2 0.019 0.529 0.038 0.037
2 0.268 0.502 0.051 0.052
2 0.2 0.508 0.052 0.049
2 0.1 0.51 0.023 0.03
0 0.314 0.478 0.013 0.03
2 0.33 0.507 0.064 0.081
2 0.615 0.436 0.007 0.017
4 0.587 0.441 0.009 0.019
2 0.575 0.45 0.014 0.015
2 0.624 0.436 0.008 0.013
2 0.63 0.456 0.014 0.03
2 0.665 0.442 0.017 0.024
2 0.65 0.463 0.044 0.049
2 0.683 0.465 0.025 0.067
2 0.559 0.456 0.018 0.03
2 0.543 0.462 0.015 0.028
3 0.522 0.453 0.036 0.054
2 0.515 0.469 0.02 0.045
2 0.496 0.484 0.043 0.075
2 0.454 0.495 0.073 0.09
2 0.798 0.543 0.293 0.347
3 0.42 0.454 0.128 0.161
10 0.195 0.44 0.017 0.03
11 0.208 0.345 0.016 0.019
11 0.189 0.357 0.013 0.014
