7 0.707 0.118 0.024 0.124
7 0.47 0.462 0.014 0.053
10 0.306 0.596 0.012 0.03
10 0.317 0.595 0.011 0.032
10 0.46 0.462 0.01 0.053
10 0.679 0.132 0.029 0.122
10 0.725 0.136 0.014 0.113
11 0.317 0.566 0.018 0.017
11 0.503 0.62 0.01 0.019
2 0.57 0.653 0.011 0.017
2 0.556 0.655 0.013 0.021
2 0.548 0.66 0.014 0.021
2 0.537 0.659 0.014 0.023
2 0.519 0.662 0.026 0.038
2 0.255 0.72 0.168 0.105
0 0.151 0.705 0.031 0.094
2 0.586 0.659 0.017 0.028
2 0.604 0.661 0.034 0.058
2 0.659 0.683 0.091 0.119
2 0.946 0.635 0.046 0.058
2 0.913 0.638 0.022 0.038
2 0.895 0.646 0.04 0.041
2 0.846 0.648 0.064 0.058
2 0.98 0.634 0.039 0.098
11 0.907 0.069 0.144 0.137
