2 0.486 0.414 0.011 0.015
2 0.475 0.414 0.014 0.015
2 0.465 0.417 0.013 0.02
2 0.459 0.419 0.014 0.02
2 0.45 0.423 0.016 0.023
2 0.44 0.426 0.017 0.023
2 0.363 0.45 0.017 0.036
2 0.353 0.451 0.023 0.043
2 0.162 0.47 0.052 0.066
2 0.132 0.472 0.03 0.064
2 0.254 0.473 0.054 0.061
2 0.518 0.414 0.017 0.025
2 0.589 0.435 0.034 0.046
2 0.618 0.442 0.04 0.061
2 0.557 0.435 0.044 0.076
2 0.865 0.496 0.176 0.163
2 0.068 0.509 0.135 0.153
2 0.973 0.534 0.053 0.168
2 0.644 0.445 0.057 0.076
2 0.515 0.492 0.103 0.14
2 0.385 0.451 0.05 0.064
2 0.202 0.488 0.087 0.092
11 0.597 0.377 0.02 0.018
11 0.595 0.398 0.011 0.023
11 0.576 0.398 0.011 0.028
11 0.526 0.381 0.016 0.02
10 0.445 0.386 0.007 0.02
11 0.369 0.37 0.023 0.033
11 0.278 0.391 0.01 0.031
11 0.42 0.391 0.019 0.018
2 0.336 0.45 0.03 0.048
