11 0.59 0.511 0.008 0.017
11 0.563 0.511 0.011 0.01
11 0.465 0.511 0.011 0.007
7 0.474 0.514 0.007 0.019
7 0.551 0.511 0.007 0.021
2 0.059 0.581 0.119 0.133
2 0.21 0.587 0.079 0.068
2 0.271 0.573 0.04 0.057
2 0.398 0.562 0.058 0.068
2 0.342 0.561 0.032 0.045
2 0.369 0.559 0.021 0.04
2 0.691 0.579 0.063 0.066
2 0.66 0.575 0.037 0.052
2 0.638 0.572 0.024 0.042
2 0.623 0.558 0.029 0.055
2 0.602 0.552 0.023 0.043
2 0.59 0.552 0.018 0.033
2 0.58 0.553 0.011 0.035
2 0.569 0.552 0.016 0.026
2 0.549 0.547 0.016 0.023
2 0.526 0.547 0.019 0.023
2 0.496 0.551 0.018 0.028
2 0.482 0.551 0.011 0.021
2 0.434 0.554 0.015 0.043
