7 0.276 0.049 0.018 0.063
7 0.35 0.043 0.015 0.056
7 0.493 0.197 0.011 0.037
7 0.883 0.025 0.026 0.049
8 0.528 0.2 0.016 0.028
8 0.868 0.119 0.02 0.059
8 0.72 0.215 0.021 0.03
8 0.307 0.113 0.017 0.047
10 0.323 0.121 0.016 0.049
11 0.48 0.217 0.016 0.035
11 0.508 0.139 0.037 0.066
11 0.95 0.206 0.025 0.03
11 0.946 0.242 0.02 0.033
2 0.323 0.351 0.046 0.073
2 0.274 0.368 0.079 0.098
2 0.464 0.325 0.032 0.049
2 0.444 0.329 0.017 0.028
2 0.651 0.318 0.038 0.035
2 0.738 0.313 0.036 0.03
2 0.773 0.313 0.041 0.03
2 0.895 0.309 0.04 0.03
2 0.845 0.315 0.033 0.033
2 0.931 0.305 0.021 0.023
2 0.969 0.296 0.062 0.042
2 0.392 0.375 0.119 0.159
3 0.126 0.273 0.252 0.49
3 0.568 0.298 0.018 0.037
