2 0.529 0.527 0.011 0.015
2 0.554 0.526 0.011 0.017
2 0.569 0.532 0.011 0.02
2 0.578 0.531 0.02 0.037
2 0.581 0.538 0.014 0.033
2 0.596 0.534 0.03 0.044
2 0.615 0.539 0.037 0.083
2 0.651 0.548 0.071 0.101
2 0.216 0.521 0.019 0.011
2 0.167 0.517 0.022 0.015
2 0.139 0.518 0.028 0.017
2 0.07 0.515 0.017 0.015
2 0.05 0.515 0.013 0.015
2 0.013 0.515 0.026 0.015
2 0.473 0.526 0.02 0.015
2 0.457 0.523 0.027 0.022
2 0.71 0.534 0.049 0.029
4 0.851 0.598 0.292 0.283
2 0.937 0.705 0.124 0.29
11 0.681 0.437 0.02 0.029
11 0.686 0.461 0.019 0.022
2 0.342 0.557 0.165 0.206
