11 0.313 0.437 0.048 0.083
11 0.223 0.351 0.02 0.046
11 0.708 0.293 0.022 0.063
11 0.956 0.322 0.046 0.086
11 0.721 0.402 0.009 0.023
11 0.621 0.386 0.011 0.018
11 0.62 0.398 0.01 0.014
11 0.667 0.423 0.035 0.055
11 0.642 0.439 0.014 0.035
11 0.61 0.442 0.017 0.041
11 0.497 0.439 0.01 0.014
11 0.452 0.44 0.016 0.012
11 0.533 0.451 0.013 0.038
7 0.508 0.44 0.008 0.02
7 0.462 0.442 0.008 0.02
7 0.246 0.463 0.007 0.023
8 0.386 0.459 0.008 0.023
8 0.412 0.456 0.009 0.024
2 0.321 0.511 0.074 0.084
2 0.41 0.495 0.02 0.023
2 0.442 0.498 0.02 0.028
2 0.476 0.488 0.026 0.029
2 0.525 0.482 0.022 0.02
2 0.553 0.484 0.017 0.024
2 0.581 0.484 0.04 0.058
