7 0.551 0.133 0.019 0.099
7 0.941 0.112 0.019 0.071
7 0.576 0.364 0.01 0.031
7 0.619 0.379 0.007 0.016
7 0.561 0.387 0.01 0.012
7 0.524 0.4 0.008 0.014
7 0.54 0.395 0.01 0.017
2 0.548 0.409 0.009 0.021
2 0.56 0.409 0.009 0.021
2 0.569 0.409 0.012 0.021
2 0.591 0.417 0.009 0.016
4 0.496 0.4 0.054 0.114
2 0.455 0.431 0.084 0.092
2 0.604 0.432 0.022 0.043
2 0.711 0.449 0.04 0.052
2 0.776 0.451 0.019 0.021
2 0.797 0.459 0.026 0.028
2 0.936 0.484 0.035 0.055
8 0.67 0.416 0.011 0.017
11 0.706 0.368 0.011 0.023
0 0.693 0.425 0.007 0.054
0 0.388 0.407 0.005 0.052
2 0.536 0.423 0.016 0.028
2 0.636 0.425 0.033 0.038
2 0.582 0.411 0.014 0.024
0 0.757 0.457 0.01 0.05
4 0.334 0.396 0.074 0.13
8 0.924 0.116 0.018 0.073
7 0.248 0.242 0.016 0.054
8 0.22 0.284 0.016 0.035
8 0.236 0.289 0.013 0.031
0 0.813 0.46 0.007 0.043
0 0.823 0.459 0.011 0.052
