0 0.051 0.412 0.1 0.084
2 0.827 0.552 0.343 0.552
0 0.311 0.388 0.042 0.047
2 0.281 0.403 0.024 0.033
2 0.246 0.399 0.036 0.046
2 0.152 0.387 0.03 0.026
2 0.176 0.379 0.019 0.017
2 0.24 0.355 0.009 0.01
2 0.248 0.356 0.01 0.008
0 0.284 0.366 0.014 0.017
2 0.278 0.359 0.007 0.012
2 0.272 0.357 0.005 0.009
2 0.222 0.365 0.008 0.012
2 0.421 0.407 0.013 0.019
2 0.434 0.401 0.012 0.03
2 0.503 0.367 0.014 0.01
2 0.527 0.368 0.013 0.014
2 0.536 0.37 0.011 0.014
2 0.553 0.372 0.019 0.015
2 0.568 0.382 0.016 0.021
2 0.6 0.391 0.026 0.028
2 0.585 0.371 0.01 0.015
2 0.597 0.37 0.01 0.014
2 0.612 0.371 0.011 0.013
2 0.622 0.375 0.016 0.015
2 0.654 0.375 0.014 0.014
2 0.669 0.38 0.021 0.021
2 0.682 0.383 0.02 0.02
2 0.694 0.386 0.014 0.019
2 0.517 0.37 0.011 0.009
2 0.198 0.4 0.053 0.06
2 0.236 0.361 0.009 0.008
2 0.396 0.405 0.04 0.063
2 0.455 0.404 0.041 0.051
2 0.494 0.402 0.032 0.042
2 0.714 0.387 0.035 0.037
11 0.432 0.352 0.023 0.026
11 0.568 0.31 0.023 0.034
11 0.569 0.345 0.012 0.023
11 0.618 0.349 0.014 0.012
11 0.644 0.31 0.008 0.008
11 0.644 0.322 0.006 0.012
11 0.644 0.334 0.008 0.011
11 0.624 0.334 0.005 0.01
11 0.535 0.328 0.01 0.008
11 0.546 0.328 0.004 0.01
11 0.344 0.233 0.026 0.059
8 0.713 0.275 0.007 0.037
8 0.811 0.286 0.008 0.034
7 0.865 0.283 0.007 0.026
10 0.843 0.291 0.005 0.026
10 0.173 0.286 0.007 0.024
10 0.048 0.27 0.009 0.026
11 0.424 0.375 0.009 0.011
