11 0.671 0.337 0.031 0.066
11 0.725 0.347 0.02 0.035
11 0.717 0.381 0.014 0.016
11 0.736 0.388 0.023 0.019
11 0.286 0.436 0.014 0.01
11 0.494 0.488 0.009 0.016
11 0.511 0.479 0.008 0.021
7 0.472 0.443 0.009 0.033
7 0.358 0.427 0.01 0.031
10 0.366 0.427 0.007 0.028
10 0.478 0.446 0.008 0.024
7 0.456 0.488 0.009 0.021
2 0.434 0.514 0.016 0.021
2 0.45 0.514 0.019 0.028
2 0.475 0.521 0.014 0.023
2 0.492 0.528 0.02 0.045
2 0.506 0.527 0.016 0.04
2 0.52 0.531 0.032 0.056
2 0.55 0.547 0.053 0.061
2 0.616 0.55 0.088 0.118
2 0.411 0.514 0.014 0.021
2 0.394 0.516 0.027 0.029
2 0.376 0.512 0.012 0.028
2 0.364 0.514 0.012 0.033
2 0.349 0.519 0.026 0.035
2 0.313 0.517 0.032 0.042
2 0.297 0.518 0.019 0.043
2 0.272 0.516 0.042 0.054
2 0.243 0.519 0.026 0.059
2 0.21 0.513 0.059 0.085
2 0.16 0.528 0.081 0.087
2 0.079 0.525 0.099 0.113
2 0.03 0.511 0.061 0.141
7 0.392 0.469 0.009 0.026
11 0.293 0.445 0.015 0.012
10 0.283 0.468 0.013 0.017
