11 0.76 0.274 0.028 0.04
11 0.763 0.314 0.027 0.029
11 0.132 0.352 0.03 0.071
11 0.483 0.39 0.013 0.015
11 0.607 0.371 0.011 0.015
11 0.077 0.389 0.013 0.037
11 0.317 0.368 0.016 0.046
7 0.541 0.333 0.007 0.025
7 0.509 0.344 0.008 0.019
10 0.429 0.359 0.007 0.023
10 0.454 0.355 0.009 0.023
10 0.477 0.349 0.009 0.025
10 0.503 0.345 0.008 0.025
10 0.536 0.337 0.008 0.029
2 0.35 0.436 0.018 0.035
2 0.366 0.435 0.018 0.029
2 0.433 0.435 0.02 0.025
2 0.453 0.435 0.041 0.037
2 0.479 0.439 0.018 0.054
2 0.587 0.445 0.047 0.071
2 0.641 0.46 0.094 0.112
2 0.521 0.463 0.103 0.156
2 0.397 0.441 0.05 0.067
2 0.32 0.45 0.037 0.077
2 0.221 0.448 0.174 0.198
2 0.006 0.432 0.012 0.035
