7 0.757 0.388 0.008 0.032
7 0.631 0.395 0.01 0.013
8 0.626 0.407 0.01 0.015
11 0.56 0.366 0.017 0.032
11 0.568 0.342 0.008 0.017
11 0.575 0.39 0.011 0.019
11 0.561 0.411 0.01 0.011
2 0.623 0.455 0.014 0.021
2 0.612 0.449 0.013 0.017
2 0.604 0.449 0.014 0.021
4 0.596 0.445 0.022 0.041
2 0.587 0.46 0.016 0.032
2 0.575 0.47 0.023 0.034
2 0.55 0.473 0.049 0.07
2 0.531 0.493 0.046 0.064
0 0.465 0.45 0.014 0.028
0 0.408 0.47 0.016 0.034
0 0.388 0.495 0.023 0.119
0 0.372 0.503 0.018 0.126
2 0.448 0.533 0.101 0.143
2 0.64 0.462 0.014 0.032
2 0.71 0.472 0.023 0.043
3 0.733 0.45 0.046 0.053
3 0.674 0.451 0.053 0.098
2 0.809 0.486 0.02 0.032
2 0.826 0.486 0.025 0.036
2 0.747 0.5 0.074 0.077
4 0.894 0.476 0.211 0.952
