7 0.353 0.297 0.013 0.043
7 0.589 0.305 0.012 0.043
7 0.512 0.307 0.011 0.041
7 0.414 0.402 0.007 0.015
7 0.449 0.398 0.009 0.015
7 0.459 0.419 0.008 0.015
7 0.412 0.417 0.005 0.016
7 0.42 0.424 0.007 0.015
7 0.479 0.424 0.009 0.015
8 0.502 0.304 0.011 0.032
8 0.59 0.389 0.012 0.021
7 0.281 0.411 0.011 0.021
8 0.189 0.385 0.013 0.021
10 0.189 0.426 0.023 0.028
0 0.696 0.459 0.022 0.094
0 0.627 0.461 0.012 0.052
0 0.618 0.461 0.011 0.056
2 0.402 0.449 0.015 0.021
2 0.463 0.447 0.015 0.024
2 0.336 0.465 0.043 0.052
2 0.386 0.45 0.023 0.034
2 0.478 0.46 0.021 0.03
2 0.433 0.454 0.017 0.03
2 0.686 0.464 0.056 0.051
2 0.032 0.524 0.065 0.171
11 0.197 0.356 0.028 0.015
11 0.287 0.381 0.02 0.013
11 0.589 0.369 0.025 0.019
2 0.114 0.468 0.098 0.075
2 0.36 0.459 0.021 0.035
