3 0.9 0.371 0.121 0.069
2 0.408 0.41 0.017 0.033
2 0.342 0.445 0.058 0.075
2 0.233 0.468 0.185 0.234
2 0.143 0.419 0.016 0.026
2 0.13 0.428 0.015 0.026
2 0.117 0.428 0.016 0.026
2 0.069 0.425 0.02 0.042
11 0.029 0.358 0.011 0.046
11 0.393 0.337 0.049 0.024
11 0.819 0.269 0.05 0.132
11 0.486 0.271 0.031 0.042
11 0.486 0.304 0.031 0.017
11 0.486 0.323 0.033 0.007
11 0.498 0.344 0.008 0.069
11 0.447 0.332 0.015 0.023
11 0.445 0.384 0.015 0.016
11 0.512 0.37 0.014 0.01
11 0.51 0.39 0.008 0.016
11 0.463 0.376 0.017 0.016
11 0.463 0.327 0.024 0.033
11 0.463 0.354 0.016 0.021
