11 0.122 0.358 0.014 0.033
11 0.486 0.357 0.009 0.028
11 0.731 0.347 0.019 0.01
11 0.486 0.328 0.01 0.029
9 0.093 0.158 0.01 0.042
9 0.236 0.178 0.007 0.04
9 0.113 0.031 0.026 0.062
10 0.138 0.034 0.023 0.068
10 0.093 0.029 0.014 0.059
9 0.776 0.217 0.011 0.045
10 0.76 0.217 0.015 0.047
10 0.748 0.215 0.008 0.038
10 0.717 0.283 0.015 0.068
8 0.735 0.382 0.013 0.019
7 0.257 0.347 0.004 0.017
0 0.194 0.474 0.079 0.241
0 0.155 0.419 0.014 0.095
0 0.089 0.431 0.016 0.075
1 0.017 0.464 0.033 0.229
5 0.015 0.527 0.028 0.139
0 0.701 0.452 0.012 0.062
0 0.987 0.439 0.014 0.029
0 0.967 0.442 0.023 0.031
0 0.939 0.43 0.017 0.021
0 0.901 0.427 0.012 0.016
0 0.878 0.423 0.009 0.014
0 0.84 0.42 0.007 0.016
0 0.826 0.424 0.009 0.012
0 0.812 0.42 0.01 0.016
0 0.793 0.429 0.014 0.026
0 0.8 0.419 0.01 0.028
0 0.755 0.437 0.016 0.049
0 0.712 0.448 0.018 0.085
2 0.049 0.429 0.063 0.133
2 0.14 0.417 0.014 0.054
4 0.177 0.383 0.062 0.128
2 0.504 0.482 0.146 0.156
2 0.347 0.439 0.093 0.102
2 0.922 0.687 0.153 0.282
2 0.851 0.535 0.29 0.21
0 0.733 0.449 0.019 0.069
2 0.986 0.464 0.023 0.047
2 0.62 0.451 0.142 0.144
3 0.389 0.399 0.116 0.139
2 0.275 0.423 0.061 0.08
2 0.253 0.413 0.036 0.075
2 0.309 0.394 0.028 0.033
4 0.229 0.394 0.025 0.064
