11 0.299 0.308 0.054 0.046
2 0.344 0.393 0.023 0.023
2 0.32 0.393 0.029 0.037
2 0.281 0.4 0.044 0.037
2 0.232 0.399 0.055 0.052
2 0.204 0.393 0.012 0.023
2 0.16 0.409 0.095 0.056
2 0.101 0.406 0.066 0.065
2 0.392 0.394 0.018 0.029
2 0.438 0.39 0.036 0.06
4 0.475 0.375 0.036 0.065
2 0.513 0.401 0.02 0.033
2 0.528 0.4 0.026 0.039
2 0.537 0.404 0.031 0.042
2 0.057 0.413 0.112 0.072
2 0.374 0.408 0.038 0.057
2 0.418 0.412 0.047 0.068
2 0.49 0.404 0.033 0.039
2 0.577 0.436 0.086 0.102
2 0.677 0.416 0.089 0.111
