2 0.008 0.451 0.014 0.095
2 0.394 0.419 0.042 0.053
2 0.44 0.421 0.029 0.044
4 0.327 0.408 0.044 0.085
2 0.268 0.414 0.026 0.034
2 0.238 0.42 0.026 0.032
2 0.297 0.422 0.022 0.022
2 0.361 0.42 0.023 0.036
2 0.417 0.415 0.011 0.032
8 0.101 0.307 0.011 0.019
8 0.077 0.382 0.007 0.024
7 0.275 0.311 0.008 0.036
7 0.401 0.332 0.005 0.036
11 0.527 0.251 0.027 0.019
11 0.529 0.273 0.029 0.029
11 0.18 0.353 0.012 0.024
11 0.181 0.323 0.014 0.022
11 0.123 0.289 0.007 0.036
11 0.525 0.315 0.019 0.012
11 0.528 0.345 0.016 0.022
11 0.52 0.364 0.014 0.017
11 0.537 0.368 0.018 0.019
11 0.471 0.37 0.01 0.029
11 0.482 0.353 0.014 0.015
11 0.458 0.388 0.011 0.022
11 0.248 0.357 0.011 0.017
11 0.246 0.343 0.012 0.01
2 0.559 0.405 0.031 0.044
