2 0.64 0.402 0.026 0.045
2 0.663 0.419 0.044 0.064
2 0.604 0.402 0.045 0.075
2 0.506 0.396 0.046 0.09
2 0.54 0.404 0.094 0.135
2 0.753 0.477 0.186 0.348
0 0.021 0.338 0.012 0.028
0 0.038 0.337 0.019 0.045
0 0.062 0.344 0.011 0.034
0 0.239 0.357 0.015 0.05
0 0.897 0.419 0.012 0.036
0 0.924 0.428 0.007 0.043
0 0.944 0.416 0.012 0.045
0 0.935 0.429 0.015 0.034
5 0.449 0.403 0.016 0.037
5 0.413 0.411 0.029 0.045
5 0.266 0.42 0.048 0.079
5 0.221 0.425 0.063 0.073
5 0.199 0.44 0.026 0.039
5 0.113 0.44 0.075 0.08
5 0.026 0.453 0.052 0.095
5 0.326 0.422 0.041 0.054
7 0.529 0.274 0.008 0.021
7 0.673 0.316 0.009 0.019
7 0.673 0.358 0.007 0.017
7 0.679 0.372 0.009 0.015
7 0.485 0.324 0.005 0.019
11 0.443 0.287 0.018 0.054
11 0.487 0.301 0.011 0.019
11 0.467 0.366 0.011 0.024
