10 0.735 0.062 0.026 0.119
10 0.174 0.034 0.03 0.06
10 0.7 0.334 0.016 0.053
10 0.864 0.323 0.016 0.058
10 0.314 0.38 0.01 0.03
8 0.112 0.348 0.017 0.055
8 0.635 0.336 0.013 0.049
7 0.488 0.354 0.008 0.03
2 0.492 0.424 0.013 0.03
3 0.364 0.412 0.019 0.03
2 0.385 0.429 0.066 0.026
2 0.473 0.418 0.028 0.026
2 0.431 0.433 0.023 0.021
2 0.384 0.466 0.088 0.062
2 0.514 0.43 0.025 0.036
0 0.535 0.417 0.007 0.028
2 0.55 0.445 0.042 0.049
2 0.806 0.505 0.172 0.145
2 0.461 0.513 0.107 0.173
2 0.082 0.518 0.164 0.098
11 0.113 0.397 0.02 0.038
11 0.762 0.388 0.025 0.026
11 0.763 0.419 0.016 0.041
11 0.694 0.357 0.059 0.049
8 0.708 0.384 0.013 0.026
11 0.917 0.258 0.046 0.03
0 0.307 0.433 0.005 0.03
