11 0.226 0.315 0.019 0.012
11 0.737 0.159 0.023 0.038
11 0.74 0.194 0.052 0.021
11 0.498 0.401 0.01 0.029
7 0.394 0.402 0.005 0.021
7 0.449 0.401 0.007 0.023
7 0.404 0.418 0.008 0.021
7 0.447 0.421 0.007 0.017
7 0.721 0.315 0.027 0.042
2 0.073 0.594 0.145 0.269
2 0.262 0.498 0.092 0.092
2 0.34 0.48 0.04 0.055
2 0.362 0.483 0.009 0.026
2 0.376 0.477 0.024 0.033
2 0.427 0.472 0.039 0.05
2 0.513 0.475 0.041 0.045
2 0.489 0.478 0.016 0.045
2 0.485 0.468 0.028 0.038
4 0.826 0.428 0.197 0.17
11 0.458 0.458 0.009 0.017
