0 0.172 0.393 0.011 0.031
0 0.229 0.402 0.007 0.036
0 0.25 0.401 0.007 0.029
0 0.645 0.467 0.008 0.034
0 0.256 0.405 0.009 0.045
5 0.24 0.408 0.011 0.042
5 0.091 0.427 0.028 0.06
8 0.472 0.33 0.006 0.026
8 0.434 0.373 0.005 0.011
8 0.317 0.299 0.006 0.023
8 0.258 0.366 0.006 0.014
8 0.554 0.392 0.009 0.035
10 0.174 0.341 0.015 0.02
10 0.192 0.266 0.007 0.027
10 0.542 0.392 0.01 0.035
10 0.561 0.392 0.006 0.03
10 0.324 0.299 0.005 0.02
2 0.121 0.398 0.062 0.048
2 0.096 0.401 0.037 0.042
2 0.314 0.41 0.016 0.027
0 0.364 0.41 0.005 0.016
2 0.359 0.412 0.009 0.015
2 0.38 0.413 0.008 0.01
2 0.372 0.412 0.008 0.012
2 0.663 0.463 0.024 0.039
2 0.551 0.447 0.066 0.042
0 0.637 0.457 0.01 0.053
2 0.199 0.418 0.06 0.068
2 0.297 0.412 0.025 0.033
2 0.351 0.412 0.011 0.012
2 0.334 0.406 0.02 0.023
0 0.327 0.401 0.006 0.033
2 0.414 0.42 0.073 0.049
2 0.606 0.461 0.063 0.076
11 0.177 0.306 0.014 0.01
11 0.185 0.327 0.021 0.014
11 0.296 0.306 0.026 0.014
11 0.29 0.357 0.008 0.019
11 0.615 0.363 0.019 0.014
11 0.556 0.365 0.013 0.011
10 0.622 0.396 0.015 0.016
11 0.848 0.329 0.021 0.033
11 0.839 0.354 0.016 0.014
11 0.858 0.366 0.019 0.035
11 0.846 0.468 0.012 0.041
11 0.746 0.455 0.008 0.027
11 0.502 0.394 0.009 0.016
11 0.512 0.344 0.024 0.014
11 0.448 0.379 0.014 0.01
11 0.185 0.295 0.005 0.011
