11 0.454 0.202 0.018 0.044
10 0.668 0.242 0.005 0.019
11 0.667 0.245 0.01 0.023
7 0.536 0.244 0.01 0.024
10 0.46 0.304 0.012 0.019
10 0.671 0.298 0.011 0.021
7 0.634 0.245 0.007 0.026
0 0.431 0.345 0.008 0.034
0 0.424 0.353 0.007 0.031
0 0.465 0.34 0.009 0.029
2 0.404 0.35 0.028 0.028
2 0.373 0.354 0.049 0.035
2 0.326 0.35 0.044 0.031
2 0.157 0.385 0.069 0.083
2 0.062 0.393 0.122 0.099
2 0.239 0.371 0.135 0.135
2 0.533 0.352 0.049 0.066
2 0.801 0.387 0.078 0.102
2 0.6 0.263 0.038 0.01
2 0.822 0.257 0.03 0.017
