11 0.765 0.455 0.032 0.018
11 0.766 0.399 0.061 0.095
11 0.619 0.426 0.017 0.014
11 0.607 0.438 0.007 0.014
2 0.41 0.517 0.01 0.02
2 0.4 0.522 0.015 0.024
2 0.385 0.527 0.021 0.034
2 0.325 0.528 0.03 0.044
2 0.433 0.522 0.008 0.014
2 0.44 0.524 0.006 0.018
2 0.445 0.528 0.008 0.02
2 0.45 0.53 0.005 0.024
2 0.456 0.532 0.01 0.029
2 0.502 0.533 0.031 0.021
2 0.525 0.536 0.021 0.027
2 0.546 0.549 0.027 0.035
2 0.578 0.561 0.021 0.026
2 0.355 0.533 0.041 0.056
2 0.29 0.532 0.047 0.059
2 0.466 0.536 0.027 0.038
2 0.752 0.668 0.274 0.268
