2 0.474 0.412 0.046 0.111
2 0.502 0.395 0.021 0.038
2 0.451 0.412 0.041 0.113
2 0.561 0.446 0.136 0.182
4 0.456 0.336 0.074 0.069
2 0.233 0.386 0.061 0.083
2 0.205 0.416 0.031 0.049
2 0.18 0.411 0.046 0.045
2 0.157 0.451 0.097 0.142
2 0.089 0.509 0.175 0.4
2 0.328 0.539 0.291 0.412
11 0.108 0.259 0.032 0.036
11 0.536 0.27 0.023 0.031
11 0.534 0.24 0.037 0.016
11 0.537 0.303 0.017 0.028
11 0.544 0.335 0.011 0.026
11 0.631 0.273 0.014 0.029
8 0.391 0.315 0.008 0.026
8 0.286 0.323 0.007 0.023
0 0.692 0.407 0.02 0.097
0 0.666 0.411 0.015 0.094
0 0.635 0.405 0.01 0.071
11 0.921 0.113 0.045 0.094
