7 0.098 0.355 0.017 0.013
7 0.081 0.35 0.011 0.015
2 0.092 0.382 0.024 0.019
2 0.034 0.391 0.023 0.036
2 0.056 0.391 0.019 0.028
2 0.072 0.391 0.017 0.032
2 0.149 0.396 0.055 0.06
2 0.399 0.395 0.024 0.032
2 0.5 0.391 0.014 0.032
2 0.508 0.397 0.014 0.032
2 0.529 0.4 0.036 0.055
2 0.569 0.41 0.063 0.087
2 0.634 0.445 0.116 0.115
2 0.475 0.395 0.032 0.057
7 0.414 0.344 0.011 0.028
7 0.514 0.333 0.008 0.026
11 0.545 0.339 0.007 0.021
2 0.365 0.401 0.045 0.047
2 0.821 0.53 0.318 0.327
11 0.694 0.254 0.014 0.026
