1 0.878 0.662 0.046 0.152
1 0.943 0.69 0.073 0.244
5 0.938 0.74 0.117 0.154
5 0.893 0.685 0.115 0.094
0 0.812 0.647 0.025 0.099
0 0.76 0.615 0.017 0.08
7 0.558 0.555 0.013 0.017
7 0.611 0.371 0.014 0.067
7 0.242 0.317 0.015 0.079
8 0.256 0.315 0.018 0.06
7 0.487 0.571 0.01 0.025
7 0.468 0.548 0.008 0.02
2 0.547 0.61 0.017 0.022
2 0.492 0.61 0.017 0.027
2 0.423 0.608 0.029 0.03
2 0.586 0.611 0.017 0.025
2 0.601 0.619 0.021 0.037
2 0.62 0.627 0.024 0.047
2 0.405 0.617 0.018 0.035
2 0.563 0.608 0.021 0.05
2 0.521 0.612 0.032 0.057
2 0.469 0.61 0.032 0.052
2 0.269 0.642 0.076 0.082
4 0.641 0.598 0.028 0.112
4 0.685 0.6 0.091 0.132
4 0.372 0.602 0.048 0.08
2 0.127 0.743 0.25 0.507
8 0.839 0.528 0.028 0.035
10 0.826 0.48 0.02 0.012
10 0.838 0.462 0.024 0.02
0 0.837 0.613 0.014 0.065
0 0.742 0.599 0.014 0.047
11 0.128 0.424 0.028 0.02
8 0.142 0.482 0.008 0.032
11 0.585 0.58 0.008 0.02
11 0.595 0.546 0.014 0.01
11 0.597 0.572 0.008 0.032
11 0.443 0.577 0.008 0.022
8 0.107 0.522 0.02 0.027
11 0.426 0.559 0.009 0.009
