7 0.397 0.356 0.012 0.054
7 0.572 0.51 0.022 0.031
10 0.411 0.354 0.013 0.05
10 0.387 0.359 0.012 0.049
7 0.012 0.523 0.02 0.031
11 0.464 0.39 0.06 0.022
11 0.585 0.408 0.031 0.047
10 0.963 0.364 0.049 0.079
8 0.902 0.372 0.04 0.095
2 0.228 0.602 0.039 0.04
2 0.128 0.591 0.051 0.032
2 0.444 0.614 0.052 0.06
2 0.109 0.632 0.101 0.077
2 0.319 0.583 0.013 0.017
2 0.264 0.616 0.057 0.061
2 0.366 0.682 0.142 0.217
2 0.827 0.594 0.199 0.147
2 0.993 0.607 0.01 0.06
2 0.064 0.739 0.129 0.333
2 0.197 0.616 0.055 0.063
2 0.264 0.615 0.055 0.06
