11 0.553 0.453 0.012 0.014
11 0.609 0.455 0.011 0.034
11 0.785 0.421 0.019 0.022
11 0.396 0.449 0.01 0.02
11 0.411 0.446 0.008 0.022
7 0.535 0.453 0.01 0.023
7 0.579 0.467 0.011 0.02
7 0.51 0.491 0.011 0.018
7 0.456 0.491 0.008 0.014
7 0.421 0.449 0.011 0.025
11 0.363 0.495 0.011 0.033
11 0.383 0.5 0.028 0.016
2 0.45 0.51 0.021 0.029
2 0.513 0.513 0.02 0.025
2 0.548 0.517 0.036 0.041
2 0.425 0.516 0.025 0.048
2 0.395 0.524 0.024 0.048
2 0.379 0.532 0.025 0.048
2 0.36 0.538 0.035 0.049
2 0.328 0.545 0.038 0.05
2 0.796 0.534 0.056 0.063
2 0.876 0.559 0.107 0.072
2 0.266 0.551 0.072 0.084
2 0.584 0.539 0.03 0.042
2 0.751 0.575 0.139 0.124
2 0.625 0.535 0.046 0.044
