11 0.387 0.203 0.066 0.103
11 0.46 0.341 0.023 0.014
11 0.553 0.29 0.011 0.025
11 0.553 0.311 0.015 0.016
11 0.567 0.193 0.024 0.058
11 0.532 0.344 0.011 0.019
11 0.522 0.347 0.008 0.015
11 0.499 0.333 0.006 0.013
11 0.499 0.347 0.006 0.01
11 0.499 0.357 0.005 0.01
2 0.278 0.385 0.036 0.036
2 0.32 0.383 0.035 0.033
2 0.37 0.383 0.042 0.046
2 0.519 0.396 0.047 0.059
2 0.462 0.375 0.012 0.017
11 0.513 0.352 0.007 0.018
2 0.451 0.374 0.01 0.013
2 0.442 0.374 0.008 0.017
2 0.108 0.369 0.141 0.09
8 0.049 0.202 0.007 0.02
2 0.339 0.381 0.009 0.011
2 0.018 0.37 0.036 0.108
2 0.407 0.375 0.02 0.021
