0 0.701 0.56 0.117 0.497
0 0.522 0.441 0.028 0.145
1 0.891 0.51 0.092 0.234
5 0.883 0.563 0.159 0.186
0 0.949 0.494 0.038 0.147
0 0.995 0.504 0.01 0.125
2 0.462 0.418 0.059 0.075
2 0.585 0.421 0.038 0.052
2 0.624 0.416 0.024 0.034
2 0.827 0.476 0.096 0.104
8 0.096 0.224 0.024 0.038
7 0.142 0.237 0.012 0.03
11 0.133 0.083 0.058 0.03
11 0.13 0.12 0.036 0.029
11 0.128 0.178 0.036 0.088
4 0.613 0.387 0.032 0.038
2 0.784 0.445 0.059 0.093
8 0.651 0.389 0.009 0.02
7 0.508 0.364 0.007 0.016
7 0.589 0.367 0.006 0.016
