11 0.968 0.31 0.059 0.119
11 0.939 0.313 0.028 0.121
11 0.595 0.391 0.02 0.007
11 0.598 0.4 0.012 0.011
11 0.587 0.429 0.013 0.031
11 0.504 0.445 0.008 0.017
10 0.976 0.097 0.045 0.165
10 0.948 0.136 0.03 0.151
7 0.323 0.451 0.005 0.017
7 0.594 0.363 0.01 0.048
10 0.585 0.363 0.008 0.04
2 0.36 0.486 0.008 0.017
2 0.35 0.487 0.014 0.022
2 0.322 0.494 0.01 0.028
2 0.308 0.494 0.022 0.035
2 0.308 0.5 0.015 0.029
2 0.289 0.504 0.03 0.04
2 0.233 0.519 0.049 0.048
2 0.196 0.53 0.043 0.059
2 0.163 0.529 0.034 0.088
2 0.387 0.484 0.011 0.023
2 0.445 0.486 0.012 0.024
3 0.464 0.482 0.031 0.062
2 0.464 0.501 0.017 0.053
2 0.485 0.501 0.042 0.077
2 0.494 0.516 0.05 0.066
2 0.515 0.525 0.056 0.073
2 0.42 0.517 0.056 0.097
2 0.08 0.554 0.16 0.163
2 0.065 0.822 0.129 0.274
