0 0.963 0.714 0.044 0.229
0 0.931 0.71 0.044 0.256
0 0.903 0.71 0.04 0.251
0 0.879 0.722 0.071 0.28
0 0.825 0.706 0.047 0.209
0 0.857 0.686 0.032 0.177
0 0.99 0.703 0.015 0.202
0 0.722 0.684 0.042 0.173
0 0.686 0.666 0.045 0.191
0 0.607 0.616 0.019 0.09
0 0.619 0.622 0.023 0.092
0 0.646 0.618 0.018 0.076
0 0.574 0.616 0.02 0.09
0 0.554 0.605 0.02 0.085
0 0.532 0.602 0.021 0.099
0 0.518 0.6 0.026 0.094
0 0.499 0.581 0.019 0.074
0 0.47 0.647 0.063 0.242
0 0.459 0.654 0.09 0.26
0 0.535 0.597 0.016 0.083
2 0.761 0.637 0.131 0.092
1 0.404 0.56 0.028 0.09
5 0.402 0.593 0.023 0.074
2 0.366 0.563 0.074 0.11
2 0.219 0.539 0.02 0.045
2 0.198 0.539 0.028 0.047
2 0.157 0.529 0.047 0.063
2 0.123 0.535 0.035 0.054
2 0.063 0.531 0.05 0.058
2 0.028 0.529 0.053 0.072
2 0.098 0.529 0.045 0.054
0 0.097 0.524 0.015 0.058
2 0.279 0.554 0.139 0.11
11 0.456 0.429 0.023 0.031
11 0.394 0.391 0.023 0.027
11 0.418 0.492 0.035 0.027
11 0.428 0.47 0.01 0.018
11 0.454 0.48 0.013 0.016
11 0.511 0.469 0.014 0.047
