2 0.113 0.504 0.222 0.288
2 0.866 0.612 0.261 0.665
2 0.241 0.495 0.097 0.144
2 0.306 0.471 0.077 0.097
2 0.35 0.466 0.023 0.069
2 0.361 0.451 0.023 0.059
2 0.378 0.45 0.014 0.047
2 0.39 0.448 0.019 0.033
2 0.401 0.445 0.013 0.024
2 0.669 0.527 0.157 0.146
2 0.586 0.466 0.11 0.163
2 0.525 0.482 0.017 0.066
2 0.513 0.47 0.026 0.052
2 0.499 0.464 0.024 0.055
2 0.489 0.461 0.019 0.028
2 0.48 0.457 0.02 0.023
2 0.473 0.441 0.024 0.023
2 0.463 0.438 0.017 0.021
2 0.451 0.437 0.013 0.021
2 0.41 0.438 0.013 0.026
2 0.419 0.437 0.008 0.021
