7 0.127 0.297 0.015 0.051
7 0.488 0.304 0.013 0.053
8 0.472 0.291 0.014 0.058
8 0.838 0.224 0.025 0.076
8 0.537 0.473 0.012 0.037
9 0.564 0.532 0.019 0.026
11 0.552 0.484 0.017 0.032
11 0.556 0.389 0.024 0.012
7 0.172 0.546 0.008 0.014
2 0.122 0.588 0.047 0.054
2 0.311 0.599 0.078 0.079
2 0.832 0.652 0.149 0.09
2 0.99 0.651 0.019 0.069
2 0.284 0.588 0.041 0.05
2 0.26 0.589 0.034 0.039
2 0.238 0.578 0.021 0.033
2 0.222 0.577 0.012 0.03
2 0.212 0.575 0.01 0.026
2 0.202 0.573 0.009 0.024
2 0.191 0.572 0.009 0.022
2 0.172 0.564 0.012 0.014
2 0.182 0.566 0.01 0.014
11 0.313 0.543 0.014 0.026
2 0.142 0.573 0.02 0.043
