11 0.271 0.377 0.022 0.041
11 0.476 0.242 0.046 0.023
7 0.433 0.214 0.018 0.063
7 0.58 0.343 0.012 0.061
8 0.649 0.336 0.015 0.049
8 0.654 0.396 0.014 0.03
8 0.271 0.303 0.015 0.023
7 0.329 0.421 0.006 0.014
4 0.361 0.436 0.022 0.038
2 0.146 0.448 0.019 0.029
2 0.118 0.445 0.042 0.045
2 0.081 0.457 0.028 0.035
2 0.049 0.457 0.033 0.048
2 0.018 0.453 0.037 0.067
2 0.396 0.452 0.015 0.022
2 0.405 0.452 0.016 0.033
2 0.425 0.454 0.026 0.041
2 0.466 0.467 0.034 0.049
2 0.443 0.46 0.028 0.05
11 0.586 0.378 0.023 0.012
2 0.314 0.442 0.015 0.019
2 0.256 0.442 0.021 0.022
2 0.225 0.458 0.059 0.071
2 0.912 0.476 0.159 0.114
