2 0.369 0.465 0.018 0.021
2 0.393 0.463 0.022 0.02
2 0.436 0.452 0.028 0.017
2 0.462 0.454 0.019 0.012
2 0.498 0.452 0.029 0.014
2 0.53 0.441 0.034 0.02
2 0.571 0.438 0.051 0.031
2 0.856 0.378 0.053 0.032
2 0.807 0.387 0.041 0.028
2 0.722 0.403 0.059 0.031
2 0.347 0.468 0.021 0.02
2 0.3 0.47 0.022 0.029
2 0.189 0.558 0.082 0.104
2 0.063 0.501 0.022 0.02
2 0.098 0.584 0.186 0.15
11 0.247 0.423 0.026 0.04
11 0.247 0.468 0.02 0.037
11 0.151 0.416 0.036 0.038
11 0.114 0.416 0.04 0.038
11 0.639 0.374 0.013 0.028
0 0.519 0.445 0.009 0.024
