7 0.229 0.246 0.01 0.028
7 0.445 0.275 0.011 0.033
10 0.617 0.268 0.007 0.039
11 0.169 0.24 0.039 0.024
11 0.102 0.259 0.021 0.015
11 0.106 0.27 0.021 0.016
11 0.113 0.24 0.016 0.034
10 0.096 0.307 0.017 0.024
11 0.225 0.323 0.017 0.015
11 0.483 0.294 0.033 0.028
11 0.626 0.295 0.012 0.011
11 0.63 0.309 0.017 0.015
11 0.62 0.325 0.012 0.018
11 0.623 0.349 0.012 0.038
10 0.629 0.363 0.015 0.026
2 0.278 0.384 0.008 0.015
2 0.286 0.379 0.011 0.024
2 0.266 0.384 0.015 0.031
2 0.249 0.38 0.03 0.078
2 0.059 0.371 0.105 0.126
2 0.405 0.406 0.031 0.07
2 0.652 0.448 0.106 0.1
2 0.718 0.481 0.058 0.09
4 0.867 0.359 0.264 0.494
0 0.427 0.401 0.01 0.033
0 0.438 0.408 0.008 0.038
0 0.449 0.406 0.006 0.029
0 0.457 0.412 0.01 0.033
0 0.473 0.419 0.013 0.049
0 0.481 0.423 0.014 0.041
0 0.574 0.434 0.012 0.062
11 0.513 0.345 0.016 0.013
10 0.52 0.373 0.011 0.018
2 0.631 0.393 0.111 0.119
2 0.294 0.392 0.018 0.052
4 0.34 0.373 0.113 0.168
2 0.168 0.434 0.176 0.238
2 0.523 0.44 0.099 0.122
