7 0.14 0.194 0.028 0.067
7 0.54 0.209 0.01 0.022
7 0.612 0.258 0.011 0.024
7 0.39 0.326 0.008 0.014
7 0.496 0.306 0.008 0.018
2 0.42 0.38 0.026 0.044
2 0.394 0.384 0.022 0.025
2 0.362 0.397 0.018 0.026
2 0.342 0.401 0.022 0.037
2 0.325 0.412 0.017 0.037
2 0.311 0.418 0.018 0.034
2 0.293 0.421 0.028 0.052
2 0.274 0.424 0.026 0.045
2 0.246 0.433 0.034 0.048
2 0.033 0.487 0.064 0.099
2 0.152 0.694 0.005 0.001
2 0.509 0.363 0.03 0.058
2 0.529 0.366 0.015 0.086
2 0.799 0.302 0.071 0.074
2 0.467 0.383 0.069 0.099
2 0.563 0.366 0.073 0.086
2 0.66 0.346 0.08 0.09
0 0.172 0.444 0.019 0.059
11 0.745 0.166 0.034 0.02
9 0.754 0.201 0.034 0.043
