2 0.368 0.658 0.048 0.071
2 0.356 0.679 0.039 0.079
2 0.259 0.685 0.035 0.079
2 0.493 0.625 0.016 0.03
3 0.52 0.622 0.036 0.036
2 0.157 0.778 0.312 0.437
2 0.55 0.677 0.066 0.103
2 0.532 0.653 0.039 0.069
2 0.308 0.694 0.085 0.122
7 0.271 0.36 0.014 0.069
7 0.405 0.559 0.008 0.022
7 0.354 0.569 0.006 0.021
7 0.496 0.554 0.005 0.021
7 0.542 0.6 0.004 0.015
8 0.541 0.579 0.006 0.021
8 0.495 0.577 0.006 0.017
10 0.025 0.576 0.011 0.034
10 0.286 0.361 0.018 0.068
10 0.256 0.365 0.018 0.06
11 0.8 0.413 0.014 0.055
10 0.828 0.5 0.019 0.036
10 0.807 0.498 0.015 0.027
0 0.682 0.678 0.023 0.127
0 0.756 0.684 0.023 0.107
0 0.903 0.693 0.043 0.191
0 0.719 0.666 0.012 0.103
0 0.73 0.65 0.011 0.049
0 0.708 0.667 0.018 0.12
0 0.71 0.676 0.018 0.09
0 0.608 0.651 0.012 0.062
0 0.595 0.649 0.013 0.062
0 0.622 0.639 0.009 0.056
0 0.63 0.646 0.006 0.045
0 0.407 0.642 0.007 0.032
11 0.772 0.532 0.014 0.022
11 0.814 0.358 0.021 0.011
11 0.79 0.378 0.011 0.024
0 0.64 0.65 0.015 0.069
0 0.175 0.642 0.013 0.028
11 0.597 0.5 0.012 0.011
11 0.597 0.518 0.009 0.03
4 0.452 0.62 0.061 0.131
11 0.574 0.582 0.012 0.011
