7 0.58 0.461 0.012 0.03
7 0.455 0.45 0.008 0.028
7 0.423 0.493 0.008 0.023
7 0.533 0.509 0.011 0.023
8 0.3 0.509 0.015 0.023
8 0.394 0.431 0.009 0.026
11 0.353 0.509 0.015 0.023
11 0.408 0.51 0.008 0.03
11 0.472 0.465 0.021 0.019
2 0.282 0.55 0.036 0.035
2 0.332 0.544 0.038 0.047
2 0.408 0.552 0.026 0.04
2 0.458 0.558 0.092 0.094
2 0.753 0.525 0.05 0.047
2 0.849 0.537 0.112 0.061
2 0.651 0.541 0.041 0.026
2 0.156 0.563 0.079 0.07
2 0.963 0.531 0.074 0.077
2 0.377 0.545 0.037 0.049
2 0.599 0.572 0.074 0.084
2 0.487 0.643 0.153 0.22
2 0.062 0.575 0.124 0.112
