11 0.466 0.369 0.019 0.012
11 0.458 0.337 0.009 0.03
7 0.548 0.415 0.005 0.014
2 0.572 0.451 0.016 0.023
2 0.564 0.461 0.015 0.032
2 0.55 0.466 0.036 0.066
2 0.48 0.469 0.017 0.037
2 0.455 0.483 0.052 0.075
2 0.412 0.492 0.071 0.089
3 0.637 0.418 0.025 0.037
3 0.663 0.423 0.025 0.03
2 0.644 0.454 0.03 0.042
2 0.661 0.457 0.028 0.048
2 0.683 0.467 0.041 0.064
2 0.515 0.48 0.072 0.098
2 0.607 0.475 0.062 0.103
2 0.74 0.475 0.094 0.139
2 0.265 0.608 0.351 0.354
2 0.052 0.594 0.104 0.254
2 0.911 0.618 0.176 0.48
3 0.898 0.335 0.202 0.402
