7 0.491 0.289 0.006 0.021
10 0.431 0.275 0.007 0.019
2 0.451 0.365 0.025 0.034
2 0.473 0.343 0.023 0.024
2 0.47 0.365 0.028 0.045
2 0.422 0.368 0.022 0.022
2 0.558 0.367 0.023 0.043
2 0.585 0.382 0.041 0.073
10 0.576 0.292 0.007 0.015
7 0.611 0.299 0.006 0.019
2 0.71 0.394 0.027 0.05
2 0.741 0.398 0.048 0.06
2 0.782 0.409 0.067 0.075
0 0.369 0.338 0.018 0.032
0 0.42 0.352 0.009 0.024
0 0.195 0.359 0.02 0.12
0 0.189 0.377 0.025 0.122
11 0.467 0.292 0.023 0.015
11 0.635 0.308 0.023 0.013
11 0.668 0.324 0.008 0.009
11 0.658 0.34 0.006 0.015
11 0.441 0.314 0.011 0.007
2 0.448 0.328 0.007 0.021
2 0.382 0.379 0.056 0.073
2 0.67 0.4 0.062 0.074
2 0.518 0.443 0.135 0.194
5 0.252 0.381 0.036 0.08
0 0.925 0.421 0.019 0.071
2 0.977 0.539 0.045 0.157
11 0.709 0.34 0.008 0.03
11 0.808 0.321 0.012 0.024
11 0.799 0.317 0.011 0.017
0 0.153 0.363 0.026 0.108
