11 0.703 0.093 0.061 0.109
11 0.848 0.291 0.023 0.021
11 0.892 0.29 0.034 0.019
11 0.442 0.344 0.021 0.071
11 0.426 0.325 0.015 0.04
11 0.441 0.24 0.029 0.054
11 0.271 0.253 0.03 0.055
11 0.274 0.343 0.018 0.031
11 0.352 0.312 0.03 0.083
11 0.377 0.325 0.018 0.043
11 0.234 0.373 0.018 0.009
11 0.555 0.358 0.012 0.016
11 0.556 0.375 0.008 0.012
11 0.53 0.363 0.009 0.012
7 0.074 0.034 0.036 0.068
7 0.449 0.293 0.01 0.024
7 0.493 0.345 0.006 0.021
7 0.427 0.357 0.007 0.014
7 0.879 0.222 0.011 0.045
7 0.846 0.132 0.012 0.049
2 0.63 0.425 0.12 0.158
2 0.45 0.513 0.157 0.256
2 0.499 0.444 0.051 0.083
2 0.23 0.484 0.118 0.147
2 0.017 0.548 0.033 0.14
2 0.031 0.482 0.062 0.08
2 0.094 0.465 0.07 0.075
2 0.145 0.456 0.028 0.052
2 0.169 0.452 0.019 0.055
2 0.326 0.45 0.057 0.071
2 0.377 0.464 0.04 0.075
