8 0.476 0.42 0.009 0.017
8 0.333 0.406 0.011 0.021
8 0.233 0.431 0.011 0.021
8 0.433 0.435 0.009 0.012
8 0.452 0.459 0.009 0.015
8 0.768 0.379 0.022 0.05
8 0.482 0.451 0.011 0.017
7 0.544 0.025 0.016 0.037
7 0.241 0.014 0.019 0.023
7 0.795 0.372 0.02 0.037
11 0.12 0.296 0.03 0.077
11 0.115 0.372 0.035 0.071
11 0.756 0.314 0.043 0.029
11 0.536 0.448 0.014 0.015
2 0.478 0.491 0.016 0.025
2 0.465 0.489 0.012 0.021
2 0.456 0.49 0.019 0.031
2 0.435 0.497 0.026 0.046
2 0.418 0.502 0.027 0.056
2 0.374 0.511 0.075 0.11
2 0.328 0.534 0.106 0.114
2 0.199 0.567 0.178 0.306
2 0.079 0.478 0.157 0.449
2 0.505 0.539 0.076 0.125
11 0.578 0.41 0.012 0.029
8 0.203 0.356 0.015 0.037
