11 0.769 0.248 0.062 0.091
11 0.766 0.315 0.055 0.038
2 0.051 0.567 0.101 0.291
0 0.125 0.49 0.024 0.091
2 0.242 0.529 0.135 0.117
2 0.486 0.5 0.022 0.028
2 0.528 0.49 0.029 0.072
2 0.452 0.476 0.011 0.034
2 0.462 0.483 0.008 0.045
2 0.474 0.474 0.012 0.051
2 0.505 0.477 0.012 0.036
2 0.492 0.475 0.012 0.036
2 0.432 0.456 0.022 0.028
2 0.62 0.527 0.188 0.302
2 0.419 0.52 0.098 0.127
0 0.103 0.477 0.015 0.052
7 0.447 0.38 0.01 0.02
7 0.5 0.381 0.01 0.02
8 0.365 0.452 0.007 0.011
0 0.731 0.505 0.022 0.126
