11 0.67 0.297 0.036 0.088
11 0.61 0.421 0.033 0.018
11 0.606 0.453 0.052 0.043
2 0.569 0.555 0.024 0.039
2 0.548 0.551 0.027 0.052
2 0.526 0.553 0.035 0.062
2 0.417 0.548 0.059 0.076
2 0.476 0.556 0.073 0.105
4 0.635 0.552 0.111 0.156
2 0.855 0.669 0.289 0.428
0 0.04 0.342 0.007 0.03
0 0.047 0.35 0.008 0.033
0 0.056 0.348 0.01 0.032
0 0.137 0.367 0.009 0.025
0 0.172 0.363 0.006 0.029
0 0.187 0.366 0.01 0.022
0 0.221 0.377 0.008 0.024
0 0.26 0.377 0.006 0.028
0 0.28 0.384 0.006 0.02
0 0.287 0.384 0.006 0.024
0 0.299 0.384 0.005 0.023
0 0.304 0.381 0.006 0.027
0 0.31 0.383 0.007 0.024
0 0.316 0.382 0.007 0.028
0 0.322 0.384 0.006 0.016
0 0.332 0.385 0.007 0.031
0 0.353 0.395 0.005 0.022
0 0.359 0.392 0.007 0.028
0 0.38 0.398 0.006 0.027
0 0.401 0.397 0.005 0.022
0 0.413 0.4 0.007 0.023
0 0.427 0.399 0.007 0.015
0 0.441 0.396 0.007 0.017
0 0.476 0.409 0.006 0.021
0 0.484 0.412 0.005 0.018
0 0.529 0.418 0.006 0.014
11 0.686 0.414 0.008 0.01
11 0.678 0.41 0.005 0.014
11 0.68 0.425 0.005 0.012
