0 0.288 0.554 0.044 0.174
0 0.422 0.498 0.006 0.031
0 0.419 0.498 0.009 0.031
0 0.413 0.496 0.007 0.032
0 0.138 0.517 0.031 0.107
2 0.394 0.505 0.039 0.083
2 0.359 0.469 0.027 0.026
2 0.368 0.517 0.05 0.078
2 0.363 0.528 0.038 0.073
2 0.441 0.507 0.024 0.053
2 0.545 0.514 0.029 0.052
2 0.515 0.523 0.038 0.073
2 0.617 0.531 0.064 0.103
2 0.672 0.546 0.097 0.133
0 0.898 0.536 0.009 0.038
0 0.889 0.53 0.011 0.066
0 0.882 0.533 0.011 0.056
10 0.525 0.42 0.005 0.017
10 0.531 0.423 0.006 0.019
10 0.489 0.434 0.006 0.017
10 0.484 0.433 0.004 0.018
7 0.487 0.435 0.005 0.018
2 0.473 0.533 0.07 0.102
2 0.768 0.561 0.186 0.205
4 0.312 0.536 0.098 0.13
11 0.459 0.475 0.011 0.018
2 0.062 0.547 0.123 0.427
2 0.98 0.694 0.037 0.235
