2 0.327 0.486 0.013 0.024
2 0.315 0.49 0.013 0.026
2 0.305 0.49 0.009 0.021
2 0.293 0.492 0.022 0.032
2 0.246 0.49 0.021 0.032
2 0.237 0.492 0.015 0.032
2 0.211 0.484 0.048 0.055
2 0.141 0.488 0.085 0.071
2 0.06 0.487 0.061 0.085
2 0.016 0.484 0.031 0.101
2 0.374 0.486 0.057 0.082
11 0.145 0.114 0.082 0.154
11 0.415 0.39 0.03 0.024
11 0.834 0.21 0.055 0.05
11 0.938 0.236 0.043 0.048
11 0.92 0.283 0.052 0.037
8 0.298 0.175 0.015 0.064
7 0.311 0.173 0.012 0.066
10 0.324 0.176 0.013 0.061
8 0.994 0.302 0.009 0.053
7 0.42 0.335 0.011 0.044
8 0.289 0.403 0.009 0.022
