2 0.297 0.507 0.014 0.033
2 0.285 0.508 0.023 0.031
2 0.268 0.514 0.015 0.036
2 0.251 0.512 0.019 0.05
2 0.227 0.515 0.036 0.087
2 0.18 0.529 0.077 0.08
4 0.433 0.477 0.098 0.128
2 0.587 0.484 0.199 0.159
2 0.885 0.46 0.066 0.088
2 0.956 0.44 0.083 0.104
0 0.955 0.503 0.058 0.277
0 0.74 0.48 0.05 0.177
0 0.325 0.423 0.127 0.458
0 0.175 0.526 0.024 0.106
11 0.028 0.329 0.052 0.021
8 0.052 0.295 0.013 0.043
8 0.634 0.231 0.016 0.054
10 0.932 0.039 0.027 0.071
10 0.619 0.233 0.011 0.047
8 0.649 0.406 0.011 0.028
11 0.635 0.347 0.021 0.012
11 0.646 0.321 0.017 0.021
11 0.631 0.276 0.019 0.028
0 0.46 0.479 0.023 0.102
