2 0.581 0.502 0.026 0.038
2 0.607 0.505 0.034 0.047
2 0.65 0.515 0.037 0.06
2 0.69 0.516 0.057 0.075
2 0.745 0.517 0.097 0.127
2 0.856 0.524 0.175 0.165
2 0.972 0.579 0.055 0.14
2 0.387 0.505 0.015 0.026
2 0.361 0.504 0.028 0.042
2 0.278 0.507 0.02 0.039
2 0.303 0.511 0.043 0.057
2 0.026 0.545 0.046 0.07
0 0.069 0.528 0.013 0.049
0 0.053 0.53 0.011 0.052
7 0.584 0.384 0.006 0.028
7 0.414 0.403 0.009 0.023
11 0.414 0.426 0.013 0.013
11 0.637 0.427 0.014 0.01
10 0.647 0.455 0.013 0.016
4 0.531 0.488 0.015 0.026
4 0.549 0.476 0.013 0.051
4 0.57 0.476 0.035 0.064
4 0.513 0.483 0.017 0.031
2 0.495 0.493 0.016 0.026
10 0.559 0.439 0.009 0.023
0 0.409 0.512 0.015 0.049
