7 0.373 0.49 0.006 0.019
7 0.425 0.53 0.004 0.01
2 0.268 0.582 0.046 0.062
2 0.252 0.597 0.041 0.061
2 0.231 0.603 0.029 0.064
2 0.211 0.604 0.041 0.066
2 0.171 0.616 0.062 0.081
2 0.106 0.632 0.088 0.115
2 0.429 0.55 0.007 0.011
2 0.42 0.549 0.008 0.016
2 0.411 0.552 0.01 0.015
2 0.361 0.568 0.015 0.02
2 0.455 0.55 0.006 0.009
2 0.46 0.552 0.007 0.012
2 0.465 0.555 0.006 0.017
2 0.474 0.557 0.016 0.022
2 0.49 0.562 0.021 0.04
2 0.497 0.565 0.018 0.049
2 0.51 0.565 0.027 0.071
2 0.525 0.577 0.024 0.07
4 0.385 0.548 0.033 0.056
2 0.03 0.637 0.06 0.138
2 0.443 0.552 0.011 0.009
4 0.653 0.48 0.245 0.423
11 0.836 0.407 0.024 0.065
7 0.456 0.484 0.015 0.027
7 0.458 0.518 0.012 0.021
7 0.454 0.527 0.013 0.014
11 0.839 0.259 0.053 0.043
