11 0.285 0.376 0.016 0.027
11 0.586 0.368 0.018 0.032
11 0.236 0.389 0.024 0.025
2 0.702 0.442 0.06 0.039
2 0.743 0.454 0.019 0.016
2 0.778 0.452 0.045 0.027
2 0.809 0.453 0.031 0.025
2 0.876 0.456 0.1 0.041
2 0.562 0.454 0.019 0.044
2 0.522 0.454 0.008 0.034
2 0.481 0.455 0.017 0.036
2 0.409 0.447 0.013 0.016
2 0.393 0.449 0.023 0.043
2 0.12 0.451 0.095 0.085
2 0.365 0.451 0.044 0.071
2 0.503 0.465 0.046 0.059
2 0.447 0.477 0.071 0.105
2 0.613 0.478 0.121 0.146
2 0.27 0.482 0.125 0.137
2 0.541 0.455 0.029 0.05
2 0.979 0.467 0.041 0.025
