2 0.072 0.517 0.145 0.137
2 0.897 0.706 0.204 0.349
2 0.75 0.604 0.189 0.179
2 0.632 0.572 0.08 0.091
2 0.415 0.528 0.044 0.068
2 0.545 0.524 0.038 0.04
2 0.256 0.504 0.047 0.051
2 0.287 0.503 0.02 0.038
2 0.302 0.508 0.014 0.033
2 0.314 0.507 0.016 0.03
2 0.339 0.504 0.028 0.025
2 0.357 0.5 0.018 0.023
2 0.371 0.495 0.02 0.028
2 0.528 0.517 0.02 0.035
2 0.516 0.512 0.018 0.035
2 0.509 0.508 0.017 0.028
2 0.471 0.502 0.04 0.076
2 0.391 0.496 0.024 0.028
2 0.443 0.474 0.011 0.025
11 0.608 0.412 0.02 0.013
11 0.606 0.432 0.011 0.018
11 0.662 0.389 0.021 0.023
11 0.647 0.406 0.026 0.02
11 0.544 0.459 0.009 0.02
11 0.101 0.386 0.027 0.015
11 0.197 0.377 0.013 0.013
7 0.26 0.346 0.007 0.033
7 0.512 0.378 0.004 0.04
10 0.518 0.375 0.009 0.035
7 0.189 0.44 0.014 0.028
7 0.618 0.469 0.01 0.025
7 0.417 0.457 0.009 0.02
7 0.399 0.446 0.006 0.023
8 0.081 0.419 0.023 0.023
