2 0.583 0.466 0.122 0.2
2 0.235 0.403 0.053 0.049
2 0.319 0.409 0.037 0.036
2 0.361 0.412 0.035 0.035
2 0.098 0.401 0.098 0.075
2 0.467 0.412 0.021 0.032
2 0.518 0.423 0.025 0.03
2 0.501 0.419 0.011 0.029
2 0.489 0.416 0.009 0.025
2 0.867 0.482 0.047 0.072
8 0.789 0.361 0.018 0.046
8 0.676 0.385 0.007 0.018
7 0.686 0.387 0.01 0.026
7 0.545 0.268 0.009 0.037
7 0.432 0.231 0.012 0.05
7 0.532 0.358 0.008 0.022
7 0.465 0.348 0.006 0.017
10 0.326 0.342 0.009 0.019
11 0.336 0.319 0.019 0.021
11 0.672 0.353 0.02 0.015
11 0.683 0.333 0.019 0.022
11 0.782 0.321 0.034 0.021
11 0.806 0.368 0.016 0.04
11 0.186 0.24 0.035 0.03
0 0.718 0.459 0.018 0.094
0 0.653 0.462 0.02 0.089
0 0.758 0.456 0.018 0.089
0 0.831 0.48 0.025 0.125
0 0.745 0.46 0.019 0.089
11 0.813 0.22 0.021 0.038
11 0.822 0.255 0.023 0.029
11 0.803 0.262 0.015 0.037
