2 0.177 0.537 0.075 0.056
2 0.543 0.479 0.017 0.019
2 0.552 0.481 0.012 0.021
2 0.562 0.48 0.015 0.032
2 0.574 0.482 0.025 0.037
2 0.529 0.493 0.015 0.036
2 0.453 0.499 0.019 0.056
8 0.575 0.42 0.011 0.024
8 0.661 0.441 0.009 0.017
7 0.557 0.369 0.011 0.032
7 0.423 0.395 0.011 0.034
7 0.521 0.439 0.006 0.015
7 0.474 0.458 0.006 0.015
10 0.565 0.367 0.009 0.028
11 0.589 0.346 0.02 0.037
11 0.424 0.361 0.016 0.026
11 0.464 0.439 0.008 0.011
11 0.465 0.455 0.012 0.013
11 0.426 0.478 0.012 0.021
7 0.589 0.302 0.016 0.043
7 0.656 0.386 0.009 0.028
11 0.829 0.38 0.016 0.049
11 0.782 0.412 0.025 0.013
2 0.375 0.525 0.12 0.166
2 0.491 0.538 0.089 0.151
8 0.559 0.449 0.006 0.015
2 0.109 0.525 0.049 0.034
8 0.071 0.179 0.045 0.05
