11 0.911 0.324 0.023 0.042
11 0.655 0.427 0.03 0.057
11 0.595 0.403 0.023 0.026
11 0.615 0.469 0.012 0.016
11 0.549 0.414 0.018 0.014
11 0.527 0.397 0.018 0.024
11 0.477 0.498 0.012 0.023
11 0.463 0.493 0.016 0.033
11 0.08 0.43 0.038 0.055
11 0.909 0.391 0.028 0.057
8 0.519 0.364 0.011 0.014
8 0.51 0.375 0.007 0.019
2 0.418 0.557 0.019 0.026
2 0.445 0.561 0.033 0.031
2 0.518 0.555 0.026 0.033
2 0.559 0.551 0.054 0.045
2 0.62 0.553 0.068 0.052
2 0.801 0.549 0.1 0.073
2 0.123 0.561 0.053 0.05
2 0.075 0.562 0.083 0.068
2 0.03 0.565 0.059 0.097
4 0.415 0.541 0.026 0.035
2 0.255 0.548 0.191 0.269
9 0.315 0.422 0.013 0.033
9 0.384 0.432 0.013 0.033
