11 0.607 0.451 0.016 0.014
11 0.483 0.444 0.015 0.007
8 0.228 0.328 0.009 0.04
8 0.85 0.273 0.017 0.054
10 0.235 0.328 0.009 0.04
10 0.216 0.419 0.015 0.028
10 0.236 0.419 0.004 0.021
10 0.866 0.275 0.013 0.057
10 0.84 0.277 0.016 0.049
2 0.544 0.503 0.008 0.014
2 0.483 0.498 0.017 0.026
2 0.58 0.501 0.04 0.052
2 0.419 0.503 0.023 0.04
4 0.452 0.477 0.051 0.092
4 0.388 0.49 0.058 0.081
2 0.305 0.5 0.081 0.085
0 0.555 0.518 0.019 0.073
0 0.255 0.502 0.015 0.075
0 0.243 0.501 0.013 0.073
0 0.186 0.492 0.022 0.09
0 0.122 0.492 0.015 0.097
0 0.093 0.498 0.059 0.133
2 0.066 0.506 0.13 0.111
5 0.844 0.62 0.061 0.18
1 0.845 0.58 0.06 0.244
4 0.807 0.465 0.383 0.362
