11 0.072 0.049 0.066 0.097
10 0.222 0.099 0.021 0.085
7 0.24 0.095 0.025 0.092
10 0.255 0.11 0.011 0.08
10 0.099 0.362 0.011 0.032
10 0.175 0.431 0.008 0.027
10 0.317 0.44 0.008 0.022
10 0.551 0.358 0.01 0.037
10 0.778 0.347 0.017 0.05
7 0.561 0.361 0.013 0.042
11 0.974 0.015 0.032 0.027
11 0.972 0.065 0.056 0.059
11 0.795 0.413 0.024 0.012
11 0.809 0.391 0.031 0.022
11 0.789 0.442 0.013 0.03
11 0.614 0.383 0.017 0.022
11 0.655 0.454 0.008 0.025
11 0.478 0.49 0.013 0.01
11 0.494 0.495 0.013 0.02
11 0.289 0.476 0.013 0.007
11 0.298 0.505 0.011 0.005
0 0.232 0.55 0.01 0.04
3 0.053 0.529 0.073 0.072
4 0.01 0.515 0.02 0.095
2 0.407 0.51 0.011 0.017
2 0.422 0.535 0.018 0.022
2 0.418 0.55 0.021 0.027
2 0.385 0.553 0.035 0.05
2 0.34 0.558 0.053 0.04
2 0.956 0.583 0.049 0.025
2 0.87 0.58 0.06 0.032
2 0.815 0.579 0.045 0.025
2 0.784 0.576 0.062 0.035
2 0.642 0.687 0.321 0.441
