2 0.562 0.639 0.02 0.026
2 0.591 0.648 0.047 0.055
2 0.708 0.645 0.019 0.035
3 0.392 0.613 0.104 0.104
2 0.49 0.701 0.158 0.224
10 0.36 0.582 0.016 0.021
10 0.448 0.505 0.004 0.023
10 0.461 0.505 0.006 0.019
10 0.564 0.531 0.007 0.019
10 0.713 0.574 0.006 0.021
8 0.636 0.598 0.011 0.014
7 0.57 0.529 0.005 0.026
7 0.456 0.505 0.005 0.033
11 0.362 0.549 0.013 0.01
11 0.626 0.59 0.008 0.009
11 0.628 0.571 0.012 0.016
11 0.632 0.553 0.013 0.01
11 0.706 0.53 0.012 0.028
10 0.712 0.551 0.009 0.014
10 0.699 0.549 0.012 0.01
0 0.641 0.634 0.01 0.045
0 0.663 0.645 0.01 0.049
0 0.68 0.644 0.012 0.047
0 0.219 0.651 0.019 0.068
6 0.185 0.661 0.046 0.064
1 0.2 0.627 0.022 0.059
