2 0.192 0.325 0.2 0.109
2 0.285 0.33 0.077 0.099
2 0.369 0.321 0.015 0.07
2 0.4 0.328 0.068 0.127
2 0.545 0.319 0.023 0.038
2 0.557 0.32 0.026 0.043
2 0.597 0.313 0.064 0.057
2 0.618 0.322 0.05 0.057
2 0.655 0.32 0.055 0.052
2 0.722 0.317 0.061 0.067
2 0.771 0.306 0.06 0.067
2 0.787 0.328 0.032 0.053
2 0.846 0.402 0.305 0.264
11 0.794 0.24 0.019 0.026
11 0.759 0.149 0.02 0.056
11 0.74 0.065 0.033 0.096
11 0.526 0.195 0.015 0.023
11 0.526 0.229 0.016 0.029
11 0.32 0.274 0.009 0.028
11 0.267 0.263 0.01 0.018
11 0.213 0.102 0.025 0.038
11 0.215 0.156 0.033 0.058
11 0.344 0.092 0.03 0.131
11 0.517 0.238 0.013 0.023
2 0.47 0.375 0.13 0.188
