10 0.133 0.147 0.016 0.066
8 0.11 0.14 0.017 0.077
8 0.615 0.109 0.018 0.075
10 0.632 0.119 0.012 0.062
10 0.601 0.115 0.013 0.064
8 0.66 0.283 0.009 0.041
8 0.673 0.37 0.013 0.025
11 0.659 0.352 0.017 0.011
11 0.667 0.321 0.019 0.012
11 0.664 0.334 0.01 0.014
11 0.987 0.116 0.026 0.167
10 0.985 0.269 0.025 0.062
2 0.971 0.595 0.055 0.242
2 0.979 0.442 0.038 0.104
2 0.926 0.449 0.11 0.08
2 0.861 0.446 0.107 0.072
2 0.084 0.5 0.105 0.092
2 0.172 0.484 0.079 0.077
2 0.232 0.474 0.054 0.06
2 0.266 0.467 0.043 0.065
2 0.296 0.464 0.03 0.045
2 0.316 0.455 0.035 0.055
2 0.343 0.457 0.027 0.039
2 0.362 0.455 0.02 0.031
2 0.378 0.454 0.015 0.031
2 0.391 0.455 0.02 0.022
2 0.396 0.45 0.018 0.032
2 0.424 0.44 0.013 0.02
2 0.447 0.435 0.011 0.019
2 0.575 0.444 0.018 0.045
2 0.564 0.449 0.013 0.035
2 0.561 0.445 0.013 0.035
2 0.559 0.444 0.018 0.036
2 0.548 0.442 0.011 0.029
2 0.54 0.435 0.017 0.024
2 0.531 0.429 0.012 0.016
2 0.527 0.425 0.009 0.02
2 0.432 0.447 0.026 0.027
2 0.456 0.437 0.018 0.024
2 0.474 0.435 0.014 0.027
2 0.506 0.444 0.018 0.025
2 0.493 0.424 0.008 0.012
2 0.507 0.428 0.011 0.012
4 0.506 0.413 0.009 0.022
2 0.496 0.412 0.005 0.01
2 0.499 0.41 0.005 0.01
2 0.483 0.415 0.006 0.012
2 0.489 0.408 0.006 0.009
10 0.537 0.384 0.004 0.011
10 0.533 0.384 0.005 0.014
10 0.427 0.384 0.004 0.012
10 0.424 0.383 0.003 0.011
10 0.421 0.382 0.004 0.012
2 0.605 0.441 0.049 0.073
