2 0.021 0.314 0.042 0.062
2 0.246 0.288 0.028 0.024
2 0.159 0.299 0.036 0.03
4 0.201 0.288 0.043 0.032
2 0.319 0.291 0.019 0.017
2 0.415 0.28 0.016 0.017
8 0.469 0.24 0.013 0.028
8 0.524 0.256 0.011 0.017
2 0.453 0.27 0.011 0.016
2 0.374 0.283 0.027 0.021
2 0.465 0.267 0.015 0.011
2 0.468 0.277 0.016 0.017
2 0.492 0.295 0.008 0.015
2 0.478 0.298 0.023 0.021
4 0.507 0.285 0.021 0.037
2 0.525 0.293 0.017 0.034
2 0.545 0.296 0.021 0.036
2 0.571 0.299 0.028 0.05
11 0.574 0.256 0.011 0.024
4 0.619 0.273 0.097 0.125
2 0.651 0.32 0.056 0.067
2 0.704 0.334 0.068 0.077
2 0.789 0.343 0.109 0.096
2 0.911 0.369 0.146 0.116
2 0.985 0.387 0.027 0.079
