11 0.13 0.494 0.024 0.059
11 0.496 0.592 0.013 0.029
11 0.197 0.485 0.038 0.069
7 0.14 0.254 0.024 0.102
7 0.649 0.243 0.025 0.076
10 0.167 0.26 0.025 0.09
10 0.63 0.248 0.016 0.073
7 0.121 0.569 0.018 0.026
10 0.142 0.568 0.012 0.029
0 0.192 0.65 0.02 0.062
2 0.266 0.651 0.05 0.054
2 0.29 0.644 0.038 0.061
2 0.313 0.638 0.016 0.049
2 0.326 0.645 0.015 0.035
3 0.335 0.623 0.035 0.054
4 0.398 0.616 0.034 0.064
2 0.624 0.639 0.07 0.076
2 0.589 0.628 0.047 0.068
2 0.561 0.633 0.014 0.045
2 0.552 0.633 0.03 0.059
2 0.534 0.625 0.016 0.033
2 0.518 0.628 0.021 0.026
2 0.5 0.63 0.019 0.029
2 0.488 0.633 0.01 0.029
2 0.424 0.635 0.016 0.019
2 0.464 0.624 0.033 0.052
2 0.444 0.633 0.009 0.029
4 0.852 0.648 0.296 0.7
