2 0.317 0.567 0.124 0.087
2 0.445 0.568 0.131 0.089
2 0.506 0.55 0.06 0.059
2 0.535 0.539 0.021 0.037
2 0.572 0.525 0.016 0.014
2 0.561 0.537 0.037 0.032
2 0.547 0.519 0.012 0.012
2 0.533 0.516 0.011 0.01
2 0.598 0.556 0.047 0.063
4 0.766 0.592 0.177 0.241
11 0.12 0.468 0.022 0.033
11 0.385 0.378 0.015 0.026
11 0.383 0.402 0.014 0.021
8 0.379 0.427 0.008 0.023
8 0.601 0.36 0.012 0.048
7 0.583 0.486 0.004 0.017
7 0.458 0.485 0.004 0.017
11 0.836 0.43 0.025 0.042
11 0.896 0.392 0.016 0.044
11 0.726 0.461 0.017 0.034
11 0.391 0.486 0.008 0.023
