2 0.472 0.502 0.026 0.04
2 0.453 0.51 0.029 0.043
2 0.813 0.493 0.069 0.052
2 0.844 0.497 0.074 0.062
2 0.927 0.517 0.132 0.068
2 0.748 0.519 0.085 0.151
2 0.495 0.504 0.02 0.037
2 0.217 0.572 0.213 0.223
2 0.083 0.509 0.104 0.085
2 0.014 0.522 0.028 0.072
2 0.071 0.695 0.142 0.344
2 0.62 0.6 0.26 0.385
11 0.193 0.312 0.029 0.032
11 0.262 0.404 0.025 0.017
11 0.201 0.218 0.049 0.03
11 0.191 0.251 0.013 0.032
11 0.251 0.37 0.024 0.011
7 0.402 0.224 0.014 0.07
7 0.575 0.325 0.013 0.036
8 0.503 0.464 0.01 0.017
11 0.416 0.422 0.013 0.015
2 0.426 0.516 0.041 0.057
8 0.967 0.372 0.018 0.03
8 0.493 0.435 0.008 0.017
