11 0.651 0.339 0.03 0.019
7 0.388 0.434 0.008 0.016
7 0.524 0.438 0.006 0.016
0 0.078 0.51 0.043 0.154
0 0.196 0.471 0.025 0.057
0 0.224 0.451 0.012 0.017
0 0.309 0.465 0.012 0.047
0 0.322 0.47 0.01 0.049
0 0.527 0.471 0.01 0.036
2 0.245 0.525 0.128 0.149
2 0.35 0.487 0.044 0.059
2 0.374 0.477 0.013 0.04
2 0.38 0.468 0.028 0.042
2 0.404 0.469 0.021 0.019
2 0.972 0.63 0.055 0.12
2 0.888 0.555 0.197 0.161
2 0.743 0.529 0.104 0.094
3 0.643 0.453 0.136 0.178
2 0.552 0.474 0.033 0.043
2 0.503 0.471 0.019 0.023
2 0.474 0.464 0.015 0.017
2 0.452 0.458 0.013 0.023
2 0.43 0.456 0.012 0.017
2 0.408 0.449 0.014 0.01
2 0.415 0.442 0.009 0.014
2 0.446 0.44 0.014 0.014
2 0.464 0.445 0.007 0.014
2 0.428 0.44 0.014 0.014
2 0.489 0.458 0.012 0.024
2 0.481 0.442 0.014 0.014
