7 0.535 0.442 0.011 0.045
7 0.7 0.536 0.009 0.045
7 0.963 0.363 0.03 0.115
8 0.435 0.433 0.013 0.049
10 0.688 0.536 0.011 0.045
10 0.712 0.563 0.011 0.028
10 0.845 0.372 0.016 0.063
10 0.92 0.368 0.03 0.112
10 0.962 0.475 0.017 0.077
10 0.923 0.479 0.026 0.047
10 0.158 0.187 0.028 0.091
11 0.939 0.201 0.037 0.077
11 0.947 0.515 0.024 0.045
11 0.688 0.579 0.02 0.014
11 0.63 0.493 0.021 0.014
11 0.595 0.484 0.012 0.021
11 0.558 0.532 0.026 0.033
2 0.541 0.576 0.011 0.016
2 0.526 0.575 0.011 0.014
2 0.456 0.577 0.011 0.019
2 0.419 0.592 0.012 0.021
2 0.398 0.577 0.02 0.019
2 0.349 0.609 0.03 0.04
2 0.522 0.613 0.022 0.03
4 0.279 0.605 0.07 0.094
2 0.081 0.631 0.161 0.248
11 0.908 0.579 0.024 0.013
