0 0.057 0.48 0.05 0.108
0 0.122 0.415 0.018 0.057
0 0.103 0.446 0.029 0.036
0 0.433 0.45 0.042 0.12
0 0.829 0.419 0.031 0.126
0 0.937 0.373 0.035 0.074
0 0.875 0.408 0.029 0.132
0 0.74 0.414 0.011 0.041
8 0.148 0.331 0.02 0.039
8 0.326 0.275 0.011 0.049
8 0.345 0.38 0.012 0.024
8 0.454 0.246 0.013 0.057
8 0.466 0.247 0.011 0.058
8 0.706 0.267 0.01 0.045
8 0.7 0.356 0.015 0.024
8 0.887 0.284 0.032 0.043
10 0.172 0.334 0.02 0.041
10 0.228 0.208 0.013 0.051
10 0.73 0.27 0.011 0.039
11 0.121 0.212 0.048 0.015
11 0.141 0.235 0.014 0.025
11 0.147 0.26 0.04 0.024
11 0.152 0.284 0.013 0.029
11 0.767 0.237 0.042 0.022
11 0.768 0.259 0.014 0.025
11 0.728 0.295 0.032 0.014
11 0.716 0.318 0.021 0.011
3 0.216 0.397 0.208 0.123
3 0.913 0.352 0.08 0.114
2 0.344 0.482 0.144 0.202
2 0.61 0.405 0.12 0.065
2 0.506 0.498 0.119 0.205
3 0.546 0.383 0.037 0.027
3 0.516 0.386 0.044 0.017
2 0.165 0.581 0.329 0.406
2 0.012 0.829 0.024 0.17
2 0.598 0.596 0.322 0.36
