11 0.264 0.482 0.012 0.031
11 0.348 0.64 0.011 0.026
11 0.582 0.649 0.008 0.02
11 0.086 0.533 0.009 0.03
10 0.138 0.53 0.014 0.038
10 0.372 0.478 0.009 0.042
10 0.352 0.477 0.008 0.039
10 0.558 0.552 0.005 0.024
10 0.546 0.552 0.007 0.026
7 0.361 0.475 0.01 0.05
7 0.553 0.551 0.007 0.029
2 0.107 0.705 0.214 0.351
4 0.417 0.677 0.022 0.065
4 0.385 0.672 0.042 0.075
4 0.456 0.658 0.027 0.038
4 0.555 0.691 0.029 0.06
2 0.48 0.676 0.009 0.014
2 0.455 0.7 0.044 0.069
2 0.569 0.703 0.028 0.041
4 0.682 0.641 0.171 0.298
2 0.279 0.697 0.069 0.079
2 0.356 0.71 0.083 0.094
2 0.509 0.717 0.073 0.117
11 0.294 0.628 0.008 0.027
4 0.85 0.714 0.297 0.567
