2 0.303 0.417 0.021 0.037
2 0.527 0.41 0.071 0.155
2 0.595 0.422 0.125 0.206
2 0.77 0.457 0.344 0.347
2 0.433 0.389 0.024 0.052
2 0.455 0.391 0.016 0.028
2 0.475 0.391 0.012 0.019
2 0.423 0.389 0.011 0.037
0 0.125 0.432 0.038 0.162
0 0.043 0.455 0.041 0.155
0 0.063 0.45 0.026 0.164
0 0.1 0.434 0.032 0.192
0 0.484 0.379 0.017 0.059
0 0.225 0.397 0.021 0.128
7 0.434 0.17 0.021 0.068
7 0.419 0.246 0.018 0.066
11 0.43 0.124 0.012 0.023
11 0.416 0.209 0.012 0.023
11 0.44 0.327 0.008 0.021
2 0.467 0.393 0.013 0.026
11 0.356 0.352 0.015 0.028
2 0.189 0.416 0.037 0.059
2 0.134 0.424 0.046 0.075
