2 0.036 0.633 0.069 0.283
2 0.924 0.446 0.151 0.12
2 0.505 0.475 0.123 0.17
2 0.364 0.468 0.078 0.098
2 0.426 0.481 0.037 0.064
2 0.582 0.463 0.051 0.072
2 0.302 0.477 0.046 0.072
0 0.262 0.474 0.023 0.097
0 0.157 0.478 0.027 0.088
0 0.075 0.495 0.035 0.079
0 0.793 0.44 0.03 0.125
1 0.682 0.451 0.027 0.095
5 0.682 0.479 0.022 0.075
7 0.197 0.128 0.011 0.063
7 0.785 0.219 0.008 0.055
7 0.602 0.022 0.015 0.038
10 0.212 0.132 0.016 0.075
10 0.621 0.025 0.015 0.05
10 0.578 0.025 0.016 0.05
10 0.184 0.129 0.013 0.075
7 0.061 0.37 0.021 0.029
7 0.781 0.342 0.021 0.036
11 0.552 0.423 0.016 0.027
