2 0.291 0.472 0.014 0.019
2 0.278 0.477 0.018 0.024
2 0.263 0.479 0.014 0.029
2 0.252 0.474 0.017 0.032
2 0.217 0.476 0.016 0.032
2 0.18 0.478 0.023 0.034
2 0.162 0.477 0.024 0.049
2 0.111 0.476 0.084 0.086
2 0.061 0.456 0.022 0.014
2 0.025 0.455 0.018 0.015
2 0.006 0.455 0.01 0.02
11 0.012 0.387 0.013 0.046
10 0.103 0.287 0.089 0.251
11 0.118 0.524 0.047 0.105
11 0.181 0.433 0.008 0.022
11 0.216 0.414 0.009 0.029
8 0.428 0.375 0.01 0.037
10 0.508 0.325 0.01 0.035
7 0.645 0.311 0.014 0.049
11 0.726 0.376 0.026 0.042
11 0.679 0.332 0.031 0.022
2 0.497 0.479 0.034 0.061
2 0.523 0.481 0.019 0.034
2 0.605 0.486 0.017 0.041
2 0.739 0.514 0.131 0.1
2 0.567 0.504 0.084 0.103
2 0.388 0.57 0.244 0.331
2 0.867 0.628 0.263 0.504
