0 0.4 0.467 0.009 0.054
0 0.417 0.46 0.005 0.039
0 0.377 0.476 0.016 0.068
0 0.352 0.471 0.012 0.063
0 0.339 0.467 0.02 0.082
0 0.313 0.446 0.028 0.059
0 0.63 0.467 0.02 0.061
0 0.654 0.467 0.01 0.072
0 0.665 0.465 0.016 0.054
0 0.683 0.468 0.019 0.075
0 0.727 0.478 0.02 0.095
0 0.786 0.476 0.026 0.1
0 0.765 0.491 0.025 0.145
0 0.823 0.477 0.026 0.141
0 0.841 0.439 0.017 0.105
0 0.851 0.455 0.031 0.145
0 0.897 0.435 0.039 0.12
0 0.965 0.443 0.032 0.12
0 0.991 0.453 0.017 0.109
2 0.93 0.468 0.035 0.061
2 0.803 0.463 0.036 0.075
2 0.521 0.542 0.235 0.347
2 0.237 0.504 0.213 0.215
2 0.106 0.537 0.211 0.448
8 0.132 0.354 0.028 0.043
2 0.941 0.615 0.117 0.329
7 0.62 0.29 0.008 0.043
7 0.471 0.308 0.009 0.038
8 0.691 0.21 0.018 0.055
8 0.607 0.291 0.011 0.039
11 0.879 0.273 0.043 0.023
8 0.876 0.329 0.02 0.036
11 0.869 0.25 0.019 0.021
11 0.697 0.378 0.017 0.016
11 0.707 0.351 0.02 0.016
11 0.697 0.3 0.017 0.036
8 0.687 0.408 0.012 0.021
7 0.391 0.409 0.009 0.029
