11 0.249 0.115 0.033 0.029
11 0.249 0.147 0.036 0.028
11 0.955 0.106 0.071 0.035
11 0.259 0.393 0.01 0.042
11 0.264 0.359 0.014 0.017
8 0.273 0.282 0.028 0.088
7 0.409 0.328 0.013 0.062
2 0.592 0.495 0.097 0.133
4 0.5 0.477 0.076 0.111
2 0.531 0.438 0.041 0.061
2 0.544 0.409 0.035 0.035
2 0.882 0.455 0.101 0.085
2 0.818 0.432 0.064 0.061
2 0.775 0.417 0.057 0.05
2 0.755 0.402 0.045 0.049
2 0.731 0.404 0.023 0.045
2 0.714 0.391 0.026 0.04
2 0.698 0.386 0.015 0.031
2 0.691 0.378 0.015 0.028
2 0.677 0.373 0.031 0.031
2 0.643 0.373 0.019 0.021
2 0.62 0.379 0.026 0.033
2 0.591 0.383 0.023 0.031
2 0.559 0.386 0.021 0.031
2 0.569 0.38 0.016 0.024
10 0.402 0.241 0.02 0.078
