2 0.422 0.411 0.011 0.013
2 0.393 0.416 0.015 0.018
2 0.441 0.416 0.012 0.015
2 0.474 0.41 0.009 0.012
2 0.476 0.424 0.007 0.012
2 0.441 0.377 0.008 0.012
2 0.446 0.391 0.009 0.011
2 0.461 0.396 0.01 0.021
2 0.41 0.416 0.014 0.023
2 0.323 0.432 0.029 0.041
2 0.486 0.413 0.019 0.032
2 0.491 0.421 0.014 0.021
2 0.595 0.43 0.024 0.034
2 0.546 0.451 0.043 0.06
2 0.585 0.472 0.058 0.064
0 0.087 0.435 0.024 0.081
11 0.576 0.315 0.033 0.02
0 0.258 0.426 0.013 0.046
0 0.266 0.423 0.01 0.054
11 0.522 0.342 0.011 0.017
7 0.489 0.346 0.006 0.021
5 0.959 0.533 0.046 0.187
