11 0.052 0.306 0.041 0.026
11 0.06 0.336 0.038 0.035
11 0.448 0.407 0.01 0.025
11 0.814 0.301 0.034 0.019
11 0.798 0.358 0.016 0.032
11 0.792 0.329 0.013 0.021
11 0.481 0.425 0.007 0.012
11 0.659 0.41 0.008 0.012
11 0.603 0.428 0.005 0.014
11 0.532 0.417 0.005 0.012
7 0.591 0.414 0.005 0.014
7 0.552 0.408 0.005 0.014
7 0.58 0.44 0.005 0.014
2 0.559 0.472 0.008 0.014
2 0.553 0.474 0.009 0.014
2 0.545 0.472 0.012 0.019
2 0.537 0.474 0.017 0.029
2 0.523 0.478 0.021 0.047
2 0.496 0.48 0.055 0.073
2 0.486 0.49 0.051 0.076
2 0.468 0.503 0.051 0.075
2 0.416 0.511 0.091 0.119
2 0.608 0.47 0.009 0.029
2 0.613 0.471 0.014 0.033
2 0.613 0.474 0.012 0.032
2 0.626 0.475 0.023 0.039
2 0.638 0.481 0.014 0.03
2 0.727 0.454 0.127 0.062
2 0.737 0.474 0.051 0.042
2 0.778 0.471 0.12 0.058
2 0.797 0.507 0.154 0.119
2 0.812 0.547 0.1 0.097
2 0.91 0.502 0.177 0.256
2 0.092 0.593 0.181 0.409
2 0.677 0.507 0.104 0.134
2 0.597 0.473 0.012 0.018
2 0.572 0.472 0.009 0.011
