2 0.422 0.596 0.091 0.118
2 0.358 0.57 0.042 0.052
2 0.51 0.56 0.041 0.049
7 0.28 0.489 0.012 0.024
7 0.318 0.503 0.008 0.023
2 0.33 0.542 0.025 0.031
8 0.458 0.475 0.009 0.014
8 0.407 0.515 0.008 0.014
11 0.264 0.511 0.021 0.01
11 0.282 0.514 0.01 0.019
2 0.228 0.573 0.028 0.028
2 0.253 0.57 0.027 0.045
2 0.274 0.566 0.026 0.033
2 0.859 0.521 0.065 0.057
2 0.753 0.515 0.042 0.035
2 0.694 0.521 0.034 0.019
2 0.639 0.521 0.035 0.023
2 0.609 0.521 0.018 0.019
2 0.954 0.521 0.058 0.061
0 0.17 0.568 0.013 0.035
0 0.116 0.581 0.012 0.018
0 0.123 0.584 0.008 0.023
0 0.161 0.572 0.007 0.023
